###MJD          m      dm   uJy   duJy F err chi/N     RA       Dec        x        y     maj  min   phi  apfit mag5sig Sky   Obs
61084.437225 -18.106  0.099  -208   21 o  0   3.51 191.76117 -24.24481  9056.24  3247.32 2.34 1.99 -65.0 -0.421 19.12 20.22 02a61084o0478o
61084.443136 -19.162  0.221   -79   17 o  0   2.75 191.76117 -24.24481  9074.44  3285.85 2.41 2.03 -67.2 -0.422 19.13 20.30 02a61084o0491o
61084.450445 -17.842  0.058  -265   15 o  0   4.00 191.76117 -24.24481  9013.24  3205.82 2.29 1.95 -63.4 -0.425 19.20 20.39 02a61084o0507o
61084.465017 -19.473  0.239   -59   14 o  0   5.96 191.76117 -24.24481  8989.55  3323.37 2.24 1.94 -65.5 -0.426 19.27 20.44 02a61084o0538o
61086.245297  17.147  0.087   503   44 o  0   3.21 191.76117 -24.24481 10499.56  1467.63 2.75 2.14  78.3 -0.507 18.88 20.30 04a61086o0494o
61086.247574  19.787  0.413    44   18 o  0   5.31 191.76117 -24.24481   667.27  1515.15 2.30 1.97  45.3 -0.424 19.00 20.38 04a61086o0499o
61086.248025  17.627  0.090   323   29 o  0   3.30 191.76117 -24.24481 10479.21  1431.55 2.65 2.45 -42.3 -0.328 18.98 20.37 04a61086o0500o
61086.269548  19.361  0.313    65   20 o  0   6.62 191.76117 -24.24481   644.79  1477.64 2.09 1.89  40.1 -0.465 18.99 20.40 04a61086o0543o
61086.272410  21.501  2.364     9   22 o  0   5.74 191.76117 -24.24481   704.90  1558.51 2.12 1.91  47.9 -0.441 19.02 20.30 04a61086o0549o
61086.277629  18.550  0.142   138   20 o  0   4.52 191.76117 -24.24481   722.47  1441.61 2.19 1.86  51.2 -0.435 18.99 20.28 04a61086o0560o
61089.431644 -19.626  0.307   -51   16 o  0   2.85 191.76117 -24.24481  8554.90  5464.67 3.04 2.88 -73.0 -0.388 18.98 20.84 02a61089o0410o
61089.434849 -21.608  2.107    -8   17 o  0   2.80 191.76117 -24.24481  8572.66  5504.19 3.34 3.24 -37.4 -0.385 18.91 20.86 02a61089o0417o
61089.441263 -19.149  0.215   -80   17 o  0   1.97 191.76117 -24.24481  8513.02  5424.34 3.23 3.02 -35.6 -0.396 18.99 20.88 02a61089o0431o
61089.464123  22.001  3.250     6   19 o  0   2.40 191.76117 -24.24481  8489.81  5541.11 2.80 2.70  82.7 -0.404 19.13 20.83 02a61089o0480o
61090.423157  20.071  0.467    34   16 o  0   3.35 191.76117 -24.24481  4116.65  9324.43 2.46 2.42 -58.1 -0.406 19.13 20.60 02a61090o0461o
61090.434597 -19.787  0.418   -44   18 o  0   5.26 191.76117 -24.24481  4134.33  9361.07 2.43 2.28 -37.7 -0.410 19.18 20.63 02a61090o0486o
61090.460945 -21.560  1.569    -9   14 o  0   5.70 191.76117 -24.24481  4065.63  9283.28 2.33 2.26 -32.5 -0.413 19.23 20.74 02a61090o0543o
61090.468235  20.366  4.462    26  116 o  0   0.45 191.76117 -24.24481  4048.24  9398.63 2.29 2.19 -57.4 -0.421 19.30 20.75 02a61090o0559o
61090.954062 -19.241  0.116   -73    8 c  0   3.01 191.76117 -24.24481  6500.00  1260.04 2.59 2.42 -53.4 -0.408 19.67 21.92 03a61091o0178c
61090.957428 -20.275  0.305   -28    9 c  0   2.68 191.76117 -24.24481  6480.54  1226.05 2.56 2.35 -57.2 -0.406 19.70 21.93 03a61091o0184c
61090.964311 -19.039  0.092   -88    8 c  0   2.72 191.76117 -24.24481  6537.40  1305.15 2.58 2.35 -61.1 -0.409 19.68 21.94 03a61091o0195c
61090.995539 -19.631  0.160   -51    8 c  0   3.29 191.76117 -24.24481  6570.91  1187.79 2.47 2.27 -56.5 -0.410 19.71 21.92 03a61091o0261c
61092.253786 -18.671  0.147  -124   18 o  0   5.09 191.76117 -24.24481  7456.31  9007.99 2.24 2.07 -57.2 -0.402 19.02 20.50 04a61092o0453o
61092.256494  22.203  4.333     5   21 o  0   4.27 191.76117 -24.24481  7436.86  8969.72 2.25 2.02 -58.0 -0.400 19.04 20.51 04a61092o0459o
61092.260571  20.721  0.922    19   17 o  0   7.49 191.76117 -24.24481  7495.43  9047.98 2.27 2.03 -59.0 -0.403 19.04 20.51 04a61092o0468o
61092.267396 -18.835  0.190  -106   20 o  0   6.81 191.76117 -24.24481  7512.63  8931.95 2.28 2.02 -57.9 -0.393 19.04 20.53 04a61092o0483o
61095.446840 -19.065  0.164   -86   14 o  0   4.95 191.76117 -24.24481  6380.87  5095.03 2.32 1.86  33.5 -0.434 19.25 20.50 02a61095o0011o
61095.469252 -19.294  0.217   -70   15 o  0   6.50 191.76117 -24.24481  6314.54  5017.66 2.08 1.85  36.1 -0.448 19.47 20.98 02a61095o0059o
61095.472899 -19.391  0.201   -64   13 o  0  16.62 191.76117 -24.24481  6295.99  5131.44 2.14 1.88  36.1 -0.449 19.50 21.00 02a61095o0067o
61096.464348 -18.844  0.188  -105   20 o  0   2.89 191.76117 -24.24481   886.36  3147.88 1.97 1.91  17.5 -0.453 19.11 20.07 02a61096o0541o
61096.467086 -20.262  0.638   -28   18 o  0   3.95 191.76117 -24.24481   907.85  3186.15 1.97 1.86  22.8 -0.458 19.13 20.07 02a61096o0547o
61096.472120 -19.789  0.382   -44   17 o  0   6.61 191.76117 -24.24481   847.38  3108.49 1.95 1.83  21.3 -0.458 19.18 20.10 02a61096o0558o
61096.478024 -20.838  1.032   -17   17 o  0   5.62 191.76117 -24.24481   825.28  3223.56 2.01 1.85  22.5 -0.454 19.16 20.12 02a61096o0571o
61096.983518 -19.392  0.114   -64    7 c  0   5.20 191.76117 -24.24481  9592.77  7487.85 2.61 2.11 -57.1 -0.403 19.74 21.81 03a61097o0495c
61096.986221 -19.410  0.144   -62    9 c  0   2.19 191.76117 -24.24481  9573.03  7449.33 2.52 2.14 -59.3 -0.396 19.72 21.79 03a61097o0501c
61096.990815 -21.694  1.163    -8    9 c  0   4.73 191.76117 -24.24481  9632.32  7528.47 2.55 2.18 -58.4 -0.398 19.69 21.73 03a61097o0511c
61096.997555 -20.752  0.505   -18    9 c  0   3.22 191.76117 -24.24481  9656.89  7412.78 2.68 2.29 -57.2 -0.390 19.63 21.74 03a61097o0523c
61098.208070 -18.679  0.165  -123   20 o  0   3.12 191.76117 -24.24481  4011.97  3598.53 2.12 2.00 -87.4 -0.460 18.82 20.05 04a61098o0435o
61098.210875 -18.213  0.110  -188   21 o  0   4.04 191.76117 -24.24481  3993.13  3560.23 2.06 1.99 -70.0 -0.461 18.88 20.02 04a61098o0441o
61098.216517 -18.627  0.171  -129   22 o  0   3.97 191.76117 -24.24481  4049.06  3638.96 2.06 2.00 -59.5 -0.476 18.89 20.03 04a61098o0453o
61098.241320 -18.302  0.104  -174   18 o  0   4.35 191.76117 -24.24481  4069.03  3525.96 2.11 2.02 -65.9 -0.470 18.95 20.22 04a61098o0503o
61099.482519 -18.639  1.401  -127  178 o  0   1.16 191.76117 -24.24481  4153.95  3571.29 2.80 2.41  35.2 -0.397 16.58 16.38 01a61099o0588o
61099.515172 -19.373  1.166   -65   75 o  0   1.07 191.76117 -24.24481  6513.38  7041.76 3.10 2.57  42.9 -0.300 17.39 17.58 01a61099o0658o
61099.517940 -18.503  0.349  -144   50 o  0   1.47 191.76117 -24.24481  6458.02  6962.89 3.03 2.51  43.3 -0.320 17.73 17.83 01a61099o0664o
61099.523132 -18.493  1.026  -145  149 o  0   1.61 191.76117 -24.24481  4220.20  3495.91 2.62 2.29  35.0 -0.429 16.55 16.29 01a61099o0675o
61102.969397 -22.257  7.167    -4   32 o  0   2.13 191.76117 -24.24481    64.26  5037.71 2.52 2.21 -70.8 -0.374 18.22 18.44 03a61103o0472o
61102.972362  19.605  1.062    52   55 o  0   0.72 191.76117 -24.24481    47.84  4998.24 2.69 2.37 -64.0 -0.377 17.94 17.97 03a61103o0478o
61102.976135 -18.340  0.376  -167   63 o  0   1.07 191.76117 -24.24481   107.00  5078.39 2.74 2.41 -66.6 -0.359 17.70 17.80 03a61103o0486o
61102.977265 -18.601  0.399  -132   53 o  0   1.20 191.76117 -24.24481  9989.39  5268.92 2.60 2.17 -54.5 -0.360 17.89 17.77 03a61103o0488o
61102.978617  19.766  1.483    45   67 o  0   1.01 191.76117 -24.24481  9971.58  5230.51 2.63 2.21 -56.0 -0.359 17.86 17.88 03a61103o0491o
61103.003385  16.938  0.827   609  504 o  0   1.17 191.76117 -24.24481   140.99  4962.56 2.45 2.09 -62.3 -0.354 15.62 14.95 03a61103o0538o
61103.003836  19.947  9.568    38  365 o  0   1.00 191.76117 -24.24481 10040.83  5309.56 2.48 2.09 -55.1 -0.381 15.84 15.19 03a61103o0539o
61103.023961 -19.146  0.369   -80   29 o  0   1.54 191.76117 -24.24481 10071.72  5192.57 2.37 2.00 -53.9 -0.360 18.42 18.56 03a61103o0579o
61108.512632  18.303  0.403   173   70 o  0   1.80 191.76117 -24.24481  2612.77  1414.77 2.04 1.99  63.6 -0.474 17.50 18.05 02a61108o0639o
61108.539978 -19.643  0.393   -50   20 o  0   3.62 191.76117 -24.24481  2586.34  1372.03 2.08 2.01 -81.2 -0.468 18.56 19.48 02a61108o0697o
61108.543716 -18.344  0.233  -167   39 o  0   1.34 191.76117 -24.24481  2645.02  1461.16 2.07 1.99  58.5 -0.473 17.74 18.83 02a61108o0705o
61108.572383 -19.027  0.178   -89   16 o  0  10.49 191.76117 -24.24481  2648.61  1336.55 2.05 1.93  56.7 -0.475 18.88 19.75 02a61108o0766o
61109.024181 -17.940  0.062  -242   15 o  0   3.44 191.76117 -24.24481  7840.21  9206.15 2.55 2.13 -53.9 -0.407 19.21 20.23 03a61109o0615o
61109.026920 -20.859  1.036   -16   17 o  0   3.19 191.76117 -24.24481  7859.57  9246.26 2.56 2.14 -54.3 -0.414 19.17 20.19 03a61109o0621o
61109.032701 -18.901  0.130  -100   13 o  0   6.42 191.76117 -24.24481  7807.04  9166.26 2.46 2.05 -50.3 -0.418 19.22 20.15 03a61109o0633o
61109.042559 -18.962  0.164   -94   16 o  0   3.90 191.76117 -24.24481  7789.48  9282.25 2.56 2.11 -49.4 -0.408 19.13 20.06 03a61109o0654o
61110.294745 -18.486  0.184  -146   27 o  0   3.42 191.76117 -24.24481  2045.07  8914.09 2.33 1.87 -70.1 -0.439 18.92 20.10 04a61110o0627o
61110.298017 -20.283  0.755   -28   21 o  0   3.36 191.76117 -24.24481  2066.43  8951.70 2.42 1.88 -70.5 -0.437 18.95 20.19 04a61110o0634o
61110.303814  20.399  0.729    25   18 o  0   6.29 191.76117 -24.24481  2007.68  8874.44 2.34 1.88 -70.7 -0.437 18.88 20.14 04a61110o0646o
61110.323683 -18.757  0.207  -114   24 o  0   4.02 191.76117 -24.24481  1991.21  8992.76 2.35 1.82 -71.3 -0.451 18.94 20.12 04a61110o0685o
61112.016488 -20.751  0.743   -18   14 o  0   3.89 191.76117 -24.24481  7137.46  3379.79 2.20 1.94 -53.3 -0.450 19.42 20.63 03a61112o0601o
61112.042613   0.000 21.147    -0   13 o  0   9.58 191.76117 -24.24481  7160.63  3421.12 2.17 1.92 -50.5 -0.449 19.38 20.53 03a61112o0656o
61112.045324  19.994  0.370    36   14 o  0   5.62 191.76117 -24.24481  7106.63  3341.87 2.21 1.91 -58.0 -0.441 19.36 20.50 03a61112o0662o
