###MJD          m      dm   uJy   duJy F err chi/N     RA       Dec        x        y     maj  min   phi  apfit mag5sig Sky   Obs
61084.263793 -21.208  1.479   -12   18 o  0   0.87  43.49208 -21.64802  8561.97  2205.25 2.26 1.88 -62.1 -0.466 19.01 20.05 02a61084o0101o
61084.268875  21.116  1.569    13   20 o  0   0.75  43.49208 -21.64802  8542.60  2164.63 2.22 1.82 -61.4 -0.475 19.01 20.02 02a61084o0112o
61084.272083  19.624  0.365    51   19 o  0   0.90  43.49208 -21.64802  8601.74  2242.85 2.28 1.83 -60.8 -0.468 19.03 20.02 02a61084o0119o
61084.287190  20.830  1.023    17   17 o  0   1.16  43.49208 -21.64802  8624.72  2125.69 2.27 1.84 -59.6 -0.469 18.91 19.87 02a61084o0152o
61084.776791  23.951 15.800     1   15 c  0   0.88  43.49208 -21.64802  1922.57  8281.63 2.85 2.51 -43.1 -0.385 19.30 20.91 03a61085o0020c
61084.780447  22.277  2.864     4   13 c  0   1.08  43.49208 -21.64802  1941.20  8320.48 2.95 2.57 -37.1 -0.384 19.43 21.29 03a61085o0028c
61084.787240 -21.886  1.677    -6   11 c  0   1.17  43.49208 -21.64802  1886.85  8242.91 2.94 2.60 -42.0 -0.391 19.51 21.56 03a61085o0043c
61084.805537 -21.738  1.606    -7   12 c  0   1.00  43.49208 -21.64802  1866.32  8360.78 2.98 2.68 -36.0 -0.385 19.47 21.55 03a61085o0083c
61086.039170  19.522  0.299    56   17 o  0   1.19  43.49208 -21.64802  2271.27  3972.54 2.26 2.11  77.7 -0.401 18.96 20.29 04a61086o0056o
61086.042922 -21.088  1.507   -13   20 o  0   0.94  43.49208 -21.64802  2293.32  4011.86 2.22 2.11 -73.1 -0.424 18.88 20.16 04a61086o0064o
61086.047965 -21.643  2.000    -8   16 o  0   1.14  43.49208 -21.64802  2232.43  3934.56 2.29 2.14  72.4 -0.391 18.94 20.26 04a61086o0075o
61086.070649 -22.200  3.423    -5   16 o  0   1.68  43.49208 -21.64802  2211.94  4054.73 2.28 2.11  63.7 -0.387 18.86 20.11 04a61086o0123o
61089.244783  24.521 46.000     1   26 o  0   0.77  43.49208 -21.64802  5521.76 10170.64 3.26 3.08 -47.0 -0.424 18.73 20.37 02a61089o0080o
61089.249890  22.814  7.583     3   21 o  0   1.38  43.49208 -21.64802  5503.20 10130.82 3.02 2.68 -55.4 -0.415 18.89 20.36 02a61089o0091o
61089.259530 -25.132 81.000    -0   26 o  0   0.75  43.49208 -21.64802  5560.61 10208.66 3.52 3.32 -57.7 -0.397 18.58 20.35 02a61089o0112o
61089.262299 -19.835  0.571   -42   24 o  0   1.17  43.49208 -21.64802  5579.61 10091.86 3.28 3.13 -46.9 -0.410 18.67 20.34 02a61089o0118o
61090.254435  22.251  3.966     5   18 o  0   0.90  43.49208 -21.64802  4136.80  6271.70 2.54 2.19  39.3 -0.419 19.08 20.45 02a61090o0094o
61090.259076  22.519  4.304     4   15 o  0   1.29  43.49208 -21.64802  4119.42  6231.99 2.43 2.23  39.2 -0.421 19.05 20.43 02a61090o0104o
61090.266897  21.298  1.250    11   14 o  0   1.92  43.49208 -21.64802  4176.80  6309.59 2.43 2.19  39.8 -0.417 19.09 20.41 02a61090o0121o
61090.276482  20.928  1.088    16   17 o  0   0.95  43.49208 -21.64802  4200.71  6192.71 2.41 2.18  40.9 -0.415 19.07 20.41 02a61090o0142o
61092.041239 -21.733  2.714    -7   20 o  0   1.20  43.49208 -21.64802  6081.84  6750.57 2.34 2.14 -47.8 -0.413 18.88 20.33 04a61092o0010o
61096.248549 -19.939  0.521   -38   20 o  0   1.23  43.49208 -21.64802  6637.90  2312.61 2.12 1.89 -67.8 -0.439 18.73 19.48 02a61096o0071o
61096.251285  20.853  1.372    17   23 o  0   1.05  43.49208 -21.64802  6619.08  2275.50 2.07 1.89 -67.2 -0.434 18.81 19.51 02a61096o0077o
61096.257277  20.697  1.232    19   24 o  0   0.98  43.49208 -21.64802  6675.02  2350.99 2.06 1.90 -69.0 -0.431 18.79 19.47 02a61096o0090o
61096.269183  20.542  0.963    22   21 o  0   1.24  43.49208 -21.64802  6695.80  2233.39 2.11 1.85 -62.9 -0.434 18.70 19.39 02a61096o0116o
61096.795505 -22.602  4.900    -3   16 o  0   1.20  43.49208 -21.64802  3845.86  8219.14 2.65 2.22 -37.2 -0.372 18.95 19.97 03a61097o0105o
61096.808283  21.018  1.408    14   20 o  0   1.02  43.49208 -21.64802  3864.71  8256.51 2.93 2.44 -28.0 -0.356 18.81 19.91 03a61097o0132o
61096.811605  21.138  1.187    13   15 o  0   2.02  43.49208 -21.64802  3809.97  8178.50 2.66 2.25 -40.4 -0.366 18.89 19.88 03a61097o0139o
61096.817219  19.944  0.527    38   20 o  0   1.20  43.49208 -21.64802  3787.52  8294.76 2.77 2.34 -35.5 -0.368 18.81 19.84 03a61097o0151o
61098.021112  20.424  1.068    25   26 o  0   1.66  43.49208 -21.64802  2944.62  1933.88 2.25 2.15  30.3 -0.428 18.51 19.43 04a61098o0037o
61098.024397 -19.707  0.551   -48   26 o  0   1.18  43.49208 -21.64802  2963.83  1973.62 2.26 2.16  35.1 -0.421 18.57 19.52 04a61098o0044o
61098.029518 -20.672  1.274   -20   25 o  0   1.33  43.49208 -21.64802  2905.52  1895.41 2.33 2.10  34.6 -0.413 18.57 19.60 04a61098o0055o
61098.039322  19.358  0.365    66   24 o  0   1.09  43.49208 -21.64802  2882.95  2013.61 2.34 2.11  40.7 -0.402 18.54 19.57 04a61098o0076o
61099.224452  19.634  0.635    51   32 o  0   1.19  43.49208 -21.64802  2835.60  1965.69 3.25 2.75  48.4 -0.410 18.36 18.94 01a61099o0026o
61099.227650 -20.963  1.605   -15   24 o  0   1.25  43.49208 -21.64802  2854.22  2004.81 3.19 2.65  49.7 -0.401 18.56 19.10 01a61099o0033o
61099.234045 -20.830  1.639   -17   28 o  0   1.32  43.49208 -21.64802  2793.07  1928.05 3.44 3.04  51.4 -0.425 18.43 19.11 01a61099o0047o
61099.245017 -20.149  1.396   -32   44 o  0   0.90  43.49208 -21.64802  2765.60  2044.71 3.01 2.53  49.9 -0.426 18.10 18.46 01a61099o0071o
61102.771029 -20.976  2.214   -15   33 o  0   0.63  43.49208 -21.64802  7108.18   372.65 2.34 2.10 -55.1 -0.414 18.41 18.94 03a61103o0059o
61102.776159 -21.550  3.607    -9   31 o  0   1.06  43.49208 -21.64802  7126.32   412.28 2.37 2.15 -56.6 -0.389 18.40 18.89 03a61103o0070o
61102.783550 -20.732  1.909   -18   35 o  0   1.23  43.49208 -21.64802  7068.17   331.42 2.71 2.50 -65.9 -0.363 18.26 18.82 03a61103o0086o
61102.786361  19.785  0.753    44   33 o  0   1.25  43.49208 -21.64802  7046.38   449.02 2.43 2.23 -55.7 -0.367 18.29 18.80 03a61103o0092o
61104.005906  19.077  0.749    85   64 o  0   1.54  43.49208 -21.64802  8071.26  6593.46 2.37 2.03 -17.9 -0.415 17.66 18.14 04a61104o0015o
61104.010471  20.333  1.710    27   46 o  0   1.02  43.49208 -21.64802  8090.13  6633.48 2.56 2.20 -20.8 -0.394 18.12 19.01 04a61104o0025o
61104.015965 -20.524  1.858   -22   42 o  0   1.42  43.49208 -21.64802  8028.34  6554.38 2.19 1.97 -27.5 -0.443 18.24 19.08 04a61104o0037o
61104.027021  18.845  1.646   105  173 o  0   0.93  43.49208 -21.64802  8010.58  6673.46 2.33 1.99 -21.0 -0.425 17.07 17.49 04a61104o0061o
61105.223199 -20.157  0.926   -31   29 o  0   0.99  43.49208 -21.64802  7986.80  6657.01 2.78 2.54  45.9 -0.400 18.42 18.72 01a61105o0026o
61105.229612 -20.450  0.786   -24   19 o  0   1.22  43.49208 -21.64802  7922.58  6578.74 2.85 2.63  62.1 -0.388 18.83 19.69 01a61105o0040o
61105.240609 -20.971  1.146   -15   17 o  0   1.22  43.49208 -21.64802  7894.76  6696.12 2.79 2.46  50.8 -0.395 19.07 19.98 01a61105o0064o
61107.226233 -20.504  2.126   -23   48 o  0   1.12  43.49208 -21.64802  7251.32   260.82 3.24 2.71 -56.0 -0.453 18.11 19.09 02a61107o0028o
61107.229435  20.179  1.348    31   42 o  0   1.06  43.49208 -21.64802  7232.17   221.15 3.84 3.24 -57.3 -0.393 18.24 19.55 02a61107o0035o
61107.237233 -19.170  0.439   -78   34 o  0   1.00  43.49208 -21.64802  7293.75   300.36 3.73 3.06 -55.9 -0.407 18.49 19.94 02a61107o0052o
61107.252067 -20.268  1.241   -28   35 o  0   1.13  43.49208 -21.64802  7315.31   182.43 3.85 3.20 -50.3 -0.392 18.43 19.86 02a61107o0084o
61108.226623  20.347  1.551    26   41 c  0   0.99  43.49208 -21.64802 10237.03  6458.92 2.87 2.64 -51.0 -0.409 18.29 19.54 02a61108o0030c
61108.230261  19.811  0.637    43   28 c  0   0.98  43.49208 -21.64802 10217.37  6420.24 2.90 2.60 -51.3 -0.423 18.68 20.14 02a61108o0038c
61108.236662  19.985  0.618    37   23 c  0   1.11  43.49208 -21.64802 10275.56  6497.78 3.10 2.70 -52.1 -0.420 18.84 20.52 02a61108o0052c
61108.246675  21.620  2.700     8   22 c  0   1.18  43.49208 -21.64802 10292.29  6383.58 3.17 2.75 -51.0 -0.404 18.85 20.54 02a61108o0074c
61108.749694 -24.994 137.500    -0   50 o  0   0.80  43.49208 -21.64802   351.85  4016.15 2.81 2.47 -71.6 -0.348 18.03 18.35 03a61109o0027o
61108.750596  18.555  0.324   137   44 o  0   0.98  43.49208 -21.64802 10337.30  4318.48 2.87 2.27 -65.1 -0.331 17.99 18.33 03a61109o0029o
61108.752872 -19.951  0.874   -38   33 o  0   1.12  43.49208 -21.64802   368.66  4054.40 2.73 2.34 -72.1 -0.373 18.46 19.13 03a61109o0034o
61108.755599 -21.415  2.175   -10   22 o  0   1.20  43.49208 -21.64802 10279.62  4236.06 2.77 2.22 -64.6 -0.367 18.58 19.47 03a61109o0040o
61108.761089  20.547  0.791    22   17 o  0   1.25  43.49208 -21.64802   314.65  3976.77 2.82 2.54 -72.6 -0.363 19.03 20.37 03a61109o0052o
61108.765661  21.642  1.952     8   16 o  0   1.03  43.49208 -21.64802 10256.27  4350.34 2.84 2.36 -67.2 -0.369 19.03 20.41 03a61109o0062o
61108.774941  20.458  0.672    24   16 o  0   1.01  43.49208 -21.64802   293.32  4093.36 2.77 2.44 -73.2 -0.369 19.19 20.67 03a61109o0082o
61110.000313 -19.871  1.308   -41   54 c  0   0.83  43.49208 -21.64802  4284.56  3871.77 2.38 2.33 -54.0 -0.366 17.79 18.62 04a61110o0014c
61110.003040 -20.531  1.496   -22   33 c  0   0.87  43.49208 -21.64802  4303.40  3911.25 2.31 2.29 -40.7 -0.363 18.23 19.27 04a61110o0020c
61110.010405 -20.645  0.828   -20   17 c  0   0.86  43.49208 -21.64802  4243.00  3833.48 2.33 2.30 -87.2 -0.365 18.86 20.35 04a61110o0036c
61110.024675  21.005  1.205    14   17 c  0   0.97  43.49208 -21.64802  4222.62  3954.76 2.27 2.24  86.6 -0.366 18.95 20.63 04a61110o0067c
