###MJD          m      dm   uJy   duJy F err chi/N     RA       Dec        x        y     maj  min   phi  apfit mag5sig Sky   Obs
61084.144324  21.953  3.690     6   22 o  0   0.99 116.30992 -71.40390 10347.39  3393.11 2.26 2.12 -82.1 -0.448 19.16 20.78 04a61084o0276o
61084.147263 -21.146  1.377   -13   17 o  0   1.34 116.30992 -71.40390 10365.93  3435.02 2.27 2.15 -47.0 -0.428 19.16 20.79 04a61084o0282o
61084.152422 -21.619  2.486    -8   20 o  0   1.00 116.30992 -71.40390 10308.84  3349.27 2.36 2.08  84.1 -0.472 19.10 20.76 04a61084o0293o
61084.156612  20.712  0.964    19   18 o  0   0.63 116.30992 -71.40390  1077.67  3192.21 2.19 1.95  54.1 -0.434 19.14 20.81 04a61084o0302o
61084.159476 -20.126  0.608   -32   20 o  0   0.71 116.30992 -71.40390  1098.63  3228.36 2.21 2.00  63.3 -0.427 19.16 20.78 04a61084o0308o
61084.162255 -23.031  7.800    -2   17 o  0   1.41 116.30992 -71.40390 10287.68  3463.22 2.41 1.98  86.2 -0.483 19.11 20.76 04a61084o0314o
61084.164585  20.372  0.647    26   17 o  0   0.97 116.30992 -71.40390  1037.89  3155.92 2.20 1.94  51.6 -0.430 19.14 20.80 04a61084o0319o
61084.176102  21.352  1.542    10   16 o  0   1.02 116.30992 -71.40390  1016.16  3275.33 2.21 1.98  60.5 -0.427 19.17 20.82 04a61084o0344o
61084.397704  19.159  1.428    79  112 o  0   0.79 116.30992 -71.40390  1091.13  3255.89 2.38 2.08  45.8 -0.399 17.16 16.94 04a61084o0805o
61085.142216  21.475  1.886     9   18 o  0   1.31 116.30992 -71.40390 10351.86  3393.69 2.38 2.15 -28.3 -0.407 19.09 20.68 04a61085o0273o
61085.145911 -22.959  9.167    -2   22 o  0   1.14 116.30992 -71.40390 10372.42  3436.16 2.24 2.06  79.1 -0.457 19.09 20.67 04a61085o0281o
61085.151451 -19.654  0.404   -50   20 o  0   1.06 116.30992 -71.40390 10311.02  3349.54 2.28 2.09 -87.5 -0.462 19.07 20.69 04a61085o0293o
61085.158512  21.633  2.304     8   19 o  0   0.89 116.30992 -71.40390  1082.93  3192.63 2.27 1.99  55.2 -0.421 19.05 20.65 04a61085o0308o
61085.161337 -20.246  0.592   -29   17 o  0   0.91 116.30992 -71.40390  1103.64  3228.40 2.32 1.96  50.6 -0.404 19.08 20.64 04a61085o0314o
61085.161812 -20.279  0.842   -28   24 o  0   1.17 116.30992 -71.40390 10289.94  3463.29 2.45 2.00  84.9 -0.496 18.99 20.58 04a61085o0315o
61085.166893 -21.485  1.904    -9   18 o  0   1.01 116.30992 -71.40390  1042.74  3155.95 2.34 2.00  51.9 -0.408 19.07 20.60 04a61085o0326o
61085.179316  22.586  5.833     3   20 o  0   1.11 116.30992 -71.40390  1021.22  3274.50 2.31 2.05  58.7 -0.415 19.06 20.53 04a61085o0353o
61085.870343  21.027  0.949    14   13 c  0   1.58 116.30992 -71.40390  9652.19  9305.89 3.93 3.60 -63.9 -0.349 19.37 22.06 03a61086o0243c
61085.873956  20.639  0.703    20   14 c  0   1.00 116.30992 -71.40390  9669.32  9348.13 3.67 3.32 -58.8 -0.353 19.45 22.08 03a61086o0251c
61085.880341 -20.907  0.807   -16   13 c  0   1.39 116.30992 -71.40390  9619.25  9262.19 3.46 3.04 -59.7 -0.368 19.49 22.07 03a61086o0265c
61085.884008 -22.160  2.471    -5   12 c  0   1.47 116.30992 -71.40390  1435.53  8884.34 3.53 3.24 -42.3 -0.349 19.50 22.04 03a61086o0273c
61085.887243  24.635 26.000     0   13 c  0   0.86 116.30992 -71.40390  1452.00  8921.98 3.30 2.98 -43.5 -0.358 19.53 22.04 03a61086o0280c
61085.890907  23.702 11.750     1   14 c  0   1.02 116.30992 -71.40390  9601.68  9377.79 3.56 3.19 -61.8 -0.368 19.46 22.05 03a61086o0288c
61085.893677  21.290  1.342    11   15 c  0   0.81 116.30992 -71.40390  1403.03  8847.32 3.50 3.20 -44.3 -0.357 19.45 22.03 03a61086o0294c
61085.906419  20.761  0.758    18   14 c  0   1.09 116.30992 -71.40390  1383.21  8965.31 3.45 3.22 -44.7 -0.361 19.44 22.08 03a61086o0322c
61087.132806 -20.825  1.550   -17   26 o  0   0.67 116.30992 -71.40390  9810.55  9143.53 2.19 2.10 -17.8 -0.496 19.16 20.84 04a61087o0254o
61087.136030 -19.899  0.519   -40   21 o  0   0.99 116.30992 -71.40390  9829.25  9185.37 2.46 2.18 -79.0 -0.497 19.17 20.86 04a61087o0261o
61087.146092  19.692  0.442    48   21 o  0   1.25 116.30992 -71.40390  9777.14  9100.70 2.44 2.19 -80.6 -0.497 19.18 20.84 04a61087o0282o
61087.153456  21.540  2.190     9   19 o  0   0.67 116.30992 -71.40390  1563.04  8964.64 2.67 1.97 -73.5 -0.424 19.13 20.83 04a61087o0298o
61087.156187  20.328  0.691    27   19 o  0   1.00 116.30992 -71.40390  1580.41  9001.74 2.59 2.00 -67.9 -0.429 19.12 20.79 04a61087o0304o
61087.157112  20.364  0.984    26   26 o  0   1.04 116.30992 -71.40390  9760.07  9214.92 1.92 1.85 -50.3 -0.628 19.16 20.82 04a61087o0306o
61087.163580  22.483  5.158     4   19 o  0   0.95 116.30992 -71.40390  1529.19  8929.01 2.72 1.96 -74.2 -0.405 19.19 20.87 04a61087o0320o
61087.182592  21.100  1.206    13   16 o  0   1.11 116.30992 -71.40390  1511.77  9048.99 2.71 1.96 -73.8 -0.403 19.18 20.89 04a61087o0361o
61088.145159 -24.395 28.667    -1   18 o  0   0.90 116.30992 -71.40390  7274.08  5299.22 2.41 2.31 -43.4 -0.423 19.08 20.82 04a61088o0281o
61088.148367 -22.679  5.000    -3   15 o  0   0.99 116.30992 -71.40390  7293.68  5339.30 2.33 2.09 -45.8 -0.439 19.17 20.81 04a61088o0288o
61088.154822 -21.273  1.429   -11   16 o  0   1.12 116.30992 -71.40390  7237.07  5258.82 2.47 2.19 -45.3 -0.435 19.07 20.80 04a61088o0302o
61088.165068  22.721  5.333     3   16 o  0   1.13 116.30992 -71.40390  7218.55  5373.84 2.43 2.18 -49.3 -0.434 19.12 20.80 04a61088o0324o
61088.904021 -22.790  3.150    -3    9 c  0   1.18 116.30992 -71.40390  7241.88  5405.46 2.37 2.09 -59.2 -0.408 19.69 21.65 03a61089o0220c
61088.906819  20.904  0.611    16   10 c  0   1.06 116.30992 -71.40390  7258.80  5445.63 2.38 2.09 -61.3 -0.410 19.70 21.65 03a61089o0226c
61088.912287  20.845  0.588    17   10 c  0   1.34 116.30992 -71.40390  7206.32  5362.93 2.38 2.10 -60.6 -0.408 19.62 21.61 03a61089o0238c
61088.922478  22.548  4.308     4   15 c  0   0.84 116.30992 -71.40390  7186.18  5477.00 2.42 2.10 -56.9 -0.402 18.81 20.74 03a61089o0260c
61090.138494  21.557  2.595     9   22 o  0   0.63 116.30992 -71.40390  4533.50  9097.77 2.58 2.01 -63.4 -0.454 19.07 20.70 04a61090o0272o
61090.141246  20.195  0.818    30   25 o  0   0.64 116.30992 -71.40390  4550.96  9136.22 2.72 2.03 -63.6 -0.446 19.05 20.72 04a61090o0278o
61090.147668  22.895  7.818     2   20 o  0   1.02 116.30992 -71.40390  4499.24  9058.45 2.56 2.01 -62.7 -0.444 19.07 20.67 04a61090o0292o
61090.157385  20.996  1.533    14   22 o  0   1.28 116.30992 -71.40390  4480.62  9175.86 2.65 2.04 -65.5 -0.439 19.02 20.62 04a61090o0313o
61091.158360  20.521  1.135    22   26 o  0   0.73 116.30992 -71.40390  4536.49  9097.57 2.70 2.05 -69.1 -0.439 19.07 20.73 04a61091o0135o
61091.166310 -20.470  1.020   -24   24 o  0   1.19 116.30992 -71.40390  4556.30  9137.43 2.47 1.96 -65.6 -0.459 19.04 20.62 04a61091o0152o
61091.169073  23.006 10.100     2   23 o  0   0.72 116.30992 -71.40390  4504.56  9060.02 2.50 1.94 -67.3 -0.454 19.04 20.58 04a61091o0158o
61091.181293  20.263  0.755    28   22 o  0   0.92 116.30992 -71.40390  4488.56  9177.26 2.36 1.93 -62.0 -0.440 19.09 20.57 04a61091o0184o
61091.888019  20.512  0.479    23   11 c  0   0.88 116.30992 -71.40390  7924.39  1599.84 2.38 2.10 -51.3 -0.411 19.74 21.82 03a61092o0222c
61091.891216  21.398  0.882    10    9 c  0   1.23 116.30992 -71.40390  7944.75  1641.45 2.32 2.06 -54.1 -0.411 19.75 21.82 03a61092o0229c
61091.896721  22.349  2.419     4   10 c  0   0.91 116.30992 -71.40390  7886.65  1557.20 2.33 2.09 -53.0 -0.409 19.73 21.83 03a61092o0241c
61091.906309  22.475  2.500     4    9 c  0   1.13 116.30992 -71.40390  7860.94  1671.04 2.32 2.06 -56.4 -0.412 19.73 21.77 03a61092o0262c
61093.143795 -19.973  0.432   -37   16 o  0   0.95 116.30992 -71.40390  7868.92  1465.81 2.36 2.20 -21.1 -0.421 19.04 20.61 04a61093o0282o
61093.146562  21.272  1.816    11   20 o  0   0.97 116.30992 -71.40390  7890.95  1506.39 2.39 2.18  85.8 -0.439 19.02 20.60 04a61093o0288o
61093.151673  21.842  2.516     7   17 o  0   1.54 116.30992 -71.40390  7825.39  1423.39 2.31 2.17 -30.2 -0.435 19.08 20.60 04a61093o0299o
61093.161482  21.861  3.519     6   23 o  0   0.73 116.30992 -71.40390  7806.58  1539.34 2.49 2.21  78.0 -0.435 19.01 20.58 04a61093o0320o
61094.144954 -22.242  3.231    -5   15 o  0   2.00 116.30992 -71.40390  6201.30  4860.80 2.19 1.98 -54.0 -0.464 19.05 20.66 04a61094o0292o
61094.147728  21.068  1.413    14   19 o  0   0.69 116.30992 -71.40390  6221.94  4899.53 2.15 1.99 -59.0 -0.471 19.10 20.62 04a61094o0298o
61094.154332 -20.670  0.896   -20   18 o  0   0.92 116.30992 -71.40390  6164.90  4820.46 2.21 2.09 -52.4 -0.449 19.06 20.64 04a61094o0312o
61094.164111 -21.075  1.405   -14   19 o  0   1.07 116.30992 -71.40390  6146.29  4935.57 2.17 2.00 -49.5 -0.467 19.05 20.49 04a61094o0333o
61096.144317  21.174  1.485    12   18 o  0   1.38 116.30992 -71.40390  3171.75  2943.63 2.09 2.05 -81.1 -0.440 18.91 20.26 04a61096o0295o
61096.147177  20.628  1.150    20   23 o  0   0.63 116.30992 -71.40390  3190.24  2980.07 2.10 2.06  76.8 -0.441 18.92 20.28 04a61096o0301o
61096.153803  20.356  0.748    26   20 o  0   0.80 116.30992 -71.40390  3132.10  2906.29 2.10 2.03  80.5 -0.441 18.94 20.34 04a61096o0315o
61096.164319  20.242  0.613    29   18 o  0   1.30 116.30992 -71.40390  3111.81  3022.49 2.10 2.03 -73.2 -0.448 18.97 20.44 04a61096o0337o
61097.144291 -20.943  1.732   -15   26 o  0   1.01 116.30992 -71.40390  3171.79  2942.97 2.25 2.19 -88.2 -0.430 18.70 19.91 04a61097o0184o
61097.147137   0.000 20.549    -0   22 o  0   1.76 116.30992 -71.40390  3191.50  2980.36 2.20 2.16  89.9 -0.442 18.70 19.93 04a61097o0190o
61097.152783  20.590  1.024    21   22 o  0   1.18 116.30992 -71.40390  3132.79  2906.06 2.16 2.00  53.7 -0.425 18.75 19.99 04a61097o0202o
61097.162696  23.392 14.200     2   23 o  0   0.90 116.30992 -71.40390  3110.64  3022.90 2.14 1.96  52.4 -0.398 18.76 19.97 04a61097o0223o
61097.862936  21.370  1.556    10   16 o  0   0.91 116.30992 -71.40390  8881.35  7145.41 2.51 2.06 -53.8 -0.402 19.18 20.27 03a61098o0191o
61097.865678  20.902  1.315    16   21 o  0   0.76 116.30992 -71.40390  8899.99  7186.73 2.52 2.05 -53.5 -0.400 19.17 20.27 03a61098o0197o
61097.871463 -21.314  1.587   -11   17 o  0   0.97 116.30992 -71.40390  8848.04  7102.23 2.56 2.05 -54.0 -0.396 19.15 20.25 03a61098o0209o
61097.881501  21.736  2.412     7   18 o  0   0.84 116.30992 -71.40390  8828.56  7218.24 2.52 2.06 -54.9 -0.403 19.14 20.25 03a61098o0231o
61097.881962 -23.551 13.400    -1   18 o  0   0.68 116.30992 -71.40390   357.00  6938.33 2.37 2.10 -60.8 -0.405 19.20 20.27 03a61098o0232o
61097.885158 -21.836  2.250    -7   15 o  0   1.40 116.30992 -71.40390   373.64  6973.75 2.42 2.08 -60.5 -0.409 19.19 20.26 03a61098o0239o
61097.890866  21.208  1.637    12   20 o  0   0.94 116.30992 -71.40390   323.24  6902.74 2.49 2.17 -62.3 -0.407 19.18 20.24 03a61098o0251o
61097.900459   0.000 20.756     0   18 o  0   0.84 116.30992 -71.40390   302.58  7018.74 2.41 2.14 -63.0 -0.405 19.20 20.25 03a61098o0272o
61099.116746 -21.346  3.841   -10   40 o  0   0.93 116.30992 -71.40390  8998.17  7000.17 2.32 2.19 -50.1 -0.443 18.47 19.60 04a61099o0242o
61099.119499  20.172  1.039    31   32 o  0   1.09 116.30992 -71.40390  9015.29  7040.68 2.42 2.25 -36.2 -0.453 18.53 19.63 04a61099o0248o
61099.126048  22.261  7.000     4   32 o  0   1.12 116.30992 -71.40390  8962.17  6958.27 2.35 2.18 -46.5 -0.457 18.53 19.64 04a61099o0262o
61099.135870  21.260  3.471    11   40 o  0   0.81 116.30992 -71.40390  8942.84  7072.78 2.24 2.07 -26.8 -0.456 18.58 19.62 04a61099o0283o
61099.140482  19.528  0.569    56   32 o  0   0.82 116.30992 -71.40390   449.03  7044.72 2.51 2.01 -85.9 -0.380 18.58 19.63 04a61099o0293o
61099.143280 -19.537  0.570   -56   32 o  0   0.61 116.30992 -71.40390   467.60  7080.43 2.58 2.11 -84.8 -0.377 18.54 19.59 04a61099o0299o
61099.148324  22.718  9.933     3   30 o  0   0.95 116.30992 -71.40390   413.59  7009.72 2.57 2.08 -88.8 -0.371 18.53 19.64 04a61099o0310o
61099.158097 -21.459  3.125   -10   30 o  0   0.83 116.30992 -71.40390   395.20  7127.96 2.58 2.04 -87.1 -0.373 18.57 19.60 04a61099o0331o
61100.135363 -19.804  0.638   -44   28 o  0   1.08 116.30992 -71.40390  6466.14   993.02 2.11 2.06  -6.5 -0.469 18.51 19.41 04a61100o0283o
61100.138731 -19.870  0.826   -41   34 o  0   0.78 116.30992 -71.40390  6489.28  1033.47 2.15 2.10  -0.8 -0.461 18.47 19.42 04a61100o0290o
61100.144826 -19.911  0.763   -39   30 o  0   0.92 116.30992 -71.40390  6423.79   952.20 2.15 2.10  10.3 -0.452 18.46 19.43 04a61100o0303o
61100.154685  20.547  1.427    22   31 o  0   0.74 116.30992 -71.40390  6401.38  1068.92 2.17 2.15  21.2 -0.452 18.48 19.38 04a61100o0324o
61100.878887  19.681  0.525    49   26 o  0   0.91 116.30992 -71.40390  6546.85  1086.01 2.48 2.26 -53.2 -0.431 18.61 19.41 03a61101o0268o
61100.882083 -20.173  0.746   -31   23 o  0   1.13 116.30992 -71.40390  6569.40  1126.15 2.50 2.21 -49.4 -0.427 18.64 19.41 03a61101o0275o
61100.887163 -21.335  2.508   -11   27 o  0   1.01 116.30992 -71.40390  6508.55  1043.54 2.53 2.28 -47.1 -0.425 18.60 19.40 03a61101o0286o
61100.896747  20.031  0.598    35   21 o  0   1.11 116.30992 -71.40390  6481.76  1158.43 2.37 2.18 -47.9 -0.434 18.65 19.43 03a61101o0307o
61102.120159 -18.869  0.642  -103   66 o  0   0.71 116.30992 -71.40390  9251.36  5384.28 2.58 2.46 -78.5 -0.456 18.03 18.82 04a61102o0253o
61102.122900 -19.977  1.203   -37   45 o  0   0.82 116.30992 -71.40390  9267.75  5424.87 2.65 2.25 -17.7 -0.413 18.12 18.86 04a61102o0259o
61102.128874  19.629  0.887    51   45 o  0   1.04 116.30992 -71.40390  9211.06  5341.32 2.76 2.36 -18.6 -0.383 18.07 18.84 04a61102o0272o
61102.134926  21.250  3.621    12   42 o  0   0.88 116.30992 -71.40390   361.16  5405.77 2.47 2.18  73.3 -0.370 18.14 18.83 04a61102o0285o
61102.137744  23.575 31.143     1   42 o  0   0.71 116.30992 -71.40390   381.30  5441.80 2.45 2.15  75.6 -0.360 18.14 18.83 04a61102o0291o
61102.140133 -19.370  0.718   -65   47 o  0   0.92 116.30992 -71.40390  9194.45  5455.26 2.50 2.19 -12.1 -0.429 18.12 18.81 04a61102o0296o
61102.143035 -19.747  0.932   -46   43 o  0   1.01 116.30992 -71.40390   324.17  5371.24 2.49 2.16  70.7 -0.358 18.14 18.82 04a61102o0302o
61102.152776 -20.322  1.372   -27   37 o  0   1.07 116.30992 -71.40390   305.44  5489.72 2.52 2.17  76.1 -0.347 18.10 18.81 04a61102o0323o
61103.130667  19.538  0.884    56   49 o  0   0.91 116.30992 -71.40390  9252.46  5386.08 2.37 2.06 -19.6 -0.454 18.27 19.02 04a61103o0277o
61103.133409  19.731  0.983    46   46 o  0   0.87 116.30992 -71.40390  9271.07  5426.85 2.44 2.18 -17.0 -0.447 18.27 19.02 04a61103o0283o
61103.138960 -23.458 26.667    -2   40 o  0   1.67 116.30992 -71.40390  9214.76  5342.98 2.36 2.16 -22.7 -0.449 18.28 19.00 04a61103o0295o
61103.147704 -20.128  1.141   -32   37 o  0   0.97 116.30992 -71.40390   365.97  5405.50 2.41 2.10  75.2 -0.361 18.29 19.02 04a61103o0314o
61103.148654  19.051  0.580    87   50 o  0   0.71 116.30992 -71.40390  9195.00  5456.53 2.42 2.11 -22.0 -0.443 18.30 19.01 04a61103o0316o
61103.152850  19.380  0.526    64   34 o  0   1.12 116.30992 -71.40390   386.81  5441.91 2.37 2.06 -77.0 -0.403 18.23 18.97 04a61103o0325o
61103.155629  21.223  3.356    12   40 o  0   1.06 116.30992 -71.40390   329.57  5371.22 2.36 2.03 -67.3 -0.420 18.19 18.97 04a61103o0331o
61103.165486 -20.847  1.989   -17   33 o  0   1.06 116.30992 -71.40390   308.10  5490.03 2.33 2.09  87.7 -0.368 18.30 19.00 04a61103o0352o
61103.864279  20.161  0.692    31   22 o  0   1.53 116.30992 -71.40390 10096.95  1799.08 2.32 1.95 -60.3 -0.397 18.75 19.26 03a61104o0257o
61103.867025  21.856  4.298     7   28 o  0   0.68 116.30992 -71.40390 10117.18  1841.40 2.43 2.01 -62.7 -0.389 18.71 19.26 03a61104o0263o
61103.872474  20.450  0.965    24   23 o  0   1.38 116.30992 -71.40390 10059.07  1753.07 2.41 1.99 -62.4 -0.390 18.71 19.21 03a61104o0275o
61103.882336  20.793  1.447    18   25 o  0   0.91 116.30992 -71.40390 10031.10  1866.51 2.45 2.01 -61.6 -0.387 18.67 19.19 03a61104o0296o
61105.119759  18.968  0.439    94   41 o  0   0.81 116.30992 -71.40390 10054.25  1598.55 2.44 2.23 -28.9 -0.394 18.46 19.28 04a61105o0060o
61105.122980 -22.118  6.286    -5   32 o  0   1.80 116.30992 -71.40390 10077.96  1641.78 2.32 2.22 -53.4 -0.435 18.47 19.29 04a61105o0067o
61105.130654 -19.785  0.882   -44   39 o  0   1.07 116.30992 -71.40390 10014.48  1555.16 2.49 2.27 -25.3 -0.398 18.42 19.26 04a61105o0083o
61105.141813  20.275  1.525    28   43 o  0   1.05 116.30992 -71.40390  9990.99  1670.90 2.62 2.27 -22.0 -0.395 18.41 19.24 04a61105o0107o
61106.135930  20.079  0.796    34   27 o  0   1.13 116.30992 -71.40390  4265.42  4942.33 2.20 2.02 -65.5 -0.432 18.53 19.50 04a61106o0295o
61106.138680  20.068  0.948    34   32 o  0   1.00 116.30992 -71.40390  4285.11  4980.49 2.33 2.14 -62.5 -0.464 18.48 19.46 04a61106o0301o
61106.149554  22.107  5.167     5   27 o  0   1.09 116.30992 -71.40390  4228.22  4904.44 2.21 2.01 -74.8 -0.416 18.51 19.49 04a61106o0324o
61106.156541  20.871  1.528    16   25 o  0   1.27 116.30992 -71.40390  4207.57  5020.89 2.23 2.06 -71.0 -0.418 18.51 19.48 04a61106o0339o
61106.868912  21.224  1.347    12   16 o  0   1.08 116.30992 -71.40390  4224.45  4954.57 2.53 2.35 -55.8 -0.396 19.06 20.17 03a61107o0279o
61106.871638 -20.240  0.521   -29   15 o  0   1.21 116.30992 -71.40390  4242.02  4991.33 2.47 2.30 -54.9 -0.395 19.06 20.18 03a61107o0285o
61106.878098  21.158  1.526    12   19 o  0   0.83 116.30992 -71.40390  4187.86  4912.13 2.57 2.36 -56.6 -0.396 19.03 20.18 03a61107o0299o
61106.888110  21.580  2.319     8   20 o  0   0.90 116.30992 -71.40390  4165.30  5026.67 2.72 2.51 -57.8 -0.396 18.97 20.15 03a61107o0321o
61109.135210  20.698  1.330    19   25 o  0   0.72 116.30992 -71.40390  8073.08  9047.05 2.21 2.08 -61.5 -0.446 18.93 20.30 04a61109o0288o
61109.138056  21.320  2.362    11   25 o  0   0.85 116.30992 -71.40390  8090.61  9087.84 2.31 2.13 -62.7 -0.438 18.91 20.25 04a61109o0294o
61109.143717  20.956  1.803    15   27 o  0   1.10 116.30992 -71.40390  8038.14  9006.39 2.19 2.02 -57.2 -0.441 18.83 20.00 04a61109o0306o
61109.153437  21.306  2.107    11   23 o  0   1.22 116.30992 -71.40390  8021.69  9121.85 2.08 1.97 -44.3 -0.417 18.73 20.13 04a61109o0327o
61109.854891 -17.519  0.041  -357   14 o  0  80.93 116.30992 -71.40390  3203.67  8721.11 2.31 2.04 -57.7 -0.398 19.51 20.92 03a61110o0258o
61109.858555  22.209  2.914     5   14 o  0   0.81 116.30992 -71.40390  3220.33  8759.70 2.34 2.08 -57.9 -0.400 19.51 20.91 03a61110o0266o
61109.865484 -21.648  1.473    -8   12 o  0   1.22 116.30992 -71.40390  3171.51  8682.54 2.42 2.16 -57.4 -0.387 19.44 20.83 03a61110o0280o
61109.875531  22.932  5.833     2   14 o  0   0.74 116.30992 -71.40390  3151.81  8799.61 2.34 2.07 -60.3 -0.397 19.42 20.73 03a61110o0302o
61111.120543  22.115  2.885     5   15 c  0   0.93 116.30992 -71.40390  3363.07  8742.16 2.81 1.97 -72.2 -0.390 19.25 21.30 04a61111o0269c
61111.123295   0.000 20.876     0   16 c  0   0.65 116.30992 -71.40390  3377.92  8780.56 2.85 1.98 -72.9 -0.383 19.26 21.26 04a61111o0275c
61111.128435 -21.471  1.234    -9   12 c  0   1.39 116.30992 -71.40390  3329.03  8706.33 2.79 1.98 -73.0 -0.384 19.27 21.31 04a61111o0286c
61111.138167 -21.943  2.100    -6   13 c  0   1.43 116.30992 -71.40390  3308.99  8823.16 2.81 2.01 -73.7 -0.381 19.21 21.32 04a61111o0307c
61112.124021 -21.068  1.262   -14   17 c  0   0.93 116.30992 -71.40390  8328.61  3259.52 2.58 2.22 -19.8 -0.373 19.06 20.83 04a61112o0280c
61112.126787  21.085  1.148    13   15 c  0   1.38 116.30992 -71.40390  8348.29  3300.04 2.58 2.33 -18.3 -0.377 19.09 20.84 04a61112o0286c
61112.132430  22.022  2.926     6   16 c  0   0.93 116.30992 -71.40390  8289.50  3218.15 2.56 2.25 -23.7 -0.369 19.08 20.83 04a61112o0298c
61112.142807 -23.735 14.333    -1   17 c  0   0.97 116.30992 -71.40390  8266.35  3333.10 2.48 2.13 -22.2 -0.382 19.14 20.86 04a61112o0320c
