###MJD          m      dm   uJy   duJy F err chi/N     RA       Dec        x        y     maj  min   phi  apfit mag5sig Sky   Obs
61084.230501  18.557  0.241   137   33 o  0  12.45 144.15083 -63.94839  3675.71  8911.04 2.60 2.00 -65.0 -0.493 18.91 20.71 04a61084o0459o
61084.234140  18.924  0.453    98   44 o  0   3.58 144.15083 -63.94839  3693.72  8949.41 2.64 2.00 -65.9 -0.468 18.95 20.76 04a61084o0467o
61084.271873  20.938  2.414    15   37 o  0   4.54 144.15083 -63.94839  3649.40  8874.96 2.33 1.98 -59.4 -0.563 18.92 20.73 04a61084o0542o
61084.276504  18.986  0.527    92   49 o  0   1.54 144.15083 -63.94839  3631.13  8991.19 2.53 1.99 -63.3 -0.499 18.91 20.74 04a61084o0552o
61085.218885 -19.554  1.065   -55   58 o  0   0.90 144.15083 -63.94839  3678.03  8911.76 2.59 1.91 -68.5 -0.460 18.94 20.50 04a61085o0437o
61085.221638  20.814  2.648    17   45 o  0   2.51 144.15083 -63.94839  3696.87  8949.42 2.68 1.98 -67.1 -0.475 18.87 20.51 04a61085o0443o
61085.240825  22.003  9.296     6   53 o  0   1.59 144.15083 -63.94839  3645.08  8874.57 2.56 1.87 -72.9 -0.454 18.88 20.49 04a61085o0481o
61085.245872  19.992  0.957    37   35 o  0   3.57 144.15083 -63.94839  3630.09  8992.01 2.60 1.92 -67.5 -0.465 18.87 20.48 04a61085o0492o
61085.959830  19.164  0.269    78   21 c  0   2.37 144.15083 -63.94839  5705.17  4597.33 2.77 2.53 -51.0 -0.399 19.56 21.95 03a61086o0437c
61085.962995  18.319  0.087   171   15 c  0   8.10 144.15083 -63.94839  5724.11  4636.32 2.82 2.62 -58.4 -0.395 19.50 21.97 03a61086o0444c
61087.195394  20.773  2.168    18   39 o  0   3.51 144.15083 -63.94839  5705.34  4543.04 2.22 2.02 -52.1 -0.466 19.11 20.81 04a61087o0388o
61087.227896  22.045  8.939     6   49 o  0   0.98 144.15083 -63.94839  5732.32  4583.84 2.21 2.02 -61.3 -0.466 19.08 20.72 04a61087o0456o
61087.230627 -19.892  1.058   -40   42 o  0   1.51 144.15083 -63.94839  5674.02  4504.33 2.28 2.08 -62.3 -0.487 19.06 20.70 04a61087o0462o
61087.237116 -20.054  1.443   -34   50 o  0   1.31 144.15083 -63.94839  5652.37  4619.30 2.29 2.09 -70.5 -0.469 19.05 20.73 04a61087o0476o
61088.187708  19.670  0.668    49   33 o  0   5.72 144.15083 -63.94839  7413.11   999.08 2.45 2.27 -16.4 -0.430 19.04 20.68 04a61088o0373o
61088.190482  19.561  0.540    54   29 o  0   5.59 144.15083 -63.94839  7433.05  1039.39 2.46 2.25 -19.1 -0.428 19.03 20.70 04a61088o0379o
61088.195603  19.394  0.496    63   31 o  0   1.70 144.15083 -63.94839  7372.40   958.22 2.38 2.17 -23.8 -0.446 19.07 20.68 04a61088o0390o
61088.227933  20.264  1.404    28   40 o  0   2.39 144.15083 -63.94839  7358.45  1078.04 2.26 2.22 -48.3 -0.466 19.08 20.64 04a61088o0458o
61088.929399 -18.475  2.613  -148  386 c  0   0.83 144.15083 -63.94839  7502.78  1116.65 2.35 2.17 -35.4 -0.412 16.52 18.33 03a61089o0275c
61088.939036  20.061  0.438    34   15 c  0   5.00 144.15083 -63.94839  7464.42  1075.07 2.40 2.22 -47.9 -0.431 19.66 21.71 03a61089o0296c
61088.949093  20.709  1.109    19   21 c  0   1.62 144.15083 -63.94839  7441.05  1191.10 2.33 2.11 -48.1 -0.436 19.68 21.71 03a61089o0318c
61090.173644 -20.903  2.442   -16   39 o  0   3.02 144.15083 -63.94839  9138.19  4983.50 2.47 2.23 -37.8 -0.445 19.03 20.57 04a61090o0348o
61090.177076 -19.976  1.785   -37   66 o  0   5.32 144.15083 -63.94839  9158.99  5024.18 2.41 2.14 -30.8 -0.455 19.03 20.53 04a61090o0355o
61090.182233 -20.333  1.225   -27   33 o  0   4.93 144.15083 -63.94839  9100.87  4942.58 2.52 2.22 -31.9 -0.444 18.99 20.54 04a61090o0366o
61090.217613  18.406  0.209   158   33 o  0   5.86 144.15083 -63.94839  9090.85  5062.34 2.60 2.28 -82.8 -0.481 18.96 20.48 04a61090o0441o
61091.175716  19.217  0.763    75   57 o  0   1.85 144.15083 -63.94839  9142.09  4983.43 2.36 2.17 -33.5 -0.477 19.08 20.60 04a61091o0172o
61091.178503  19.611  0.878    52   46 o  0   4.78 144.15083 -63.94839  9162.54  5023.17 2.41 2.13 -30.4 -0.465 19.02 20.57 04a61091o0178o
61091.183619  20.320  1.782    27   48 o  0   5.97 144.15083 -63.94839  9104.94  4940.87 2.34 2.19 -52.0 -0.481 19.00 20.55 04a61091o0189o
61091.194847  19.288  0.580    70   41 o  0   3.20 144.15083 -63.94839  9087.37  5056.44 2.39 2.13 -37.5 -0.474 18.98 20.46 04a61091o0213o
61091.934653  19.401  0.267    63   17 c  0   2.03 144.15083 -63.94839  3239.00  7256.20 2.35 2.06 -54.4 -0.424 19.61 21.69 03a61092o0323c
61091.938011  21.712  2.328     8   18 c  0   6.90 144.15083 -63.94839  3257.89  7294.74 2.33 2.09 -56.7 -0.427 19.59 21.67 03a61092o0330c
61091.947126  19.467  0.286    59   17 c  0   3.97 144.15083 -63.94839  3206.62  7217.95 2.42 2.14 -53.7 -0.420 19.57 21.65 03a61092o0350c
61091.979710  19.170  0.202    78   16 c  0   4.08 144.15083 -63.94839  3186.46  7333.73 2.48 2.27 -55.5 -0.413 19.56 21.66 03a61092o0418c
61093.187574 -20.399  2.263   -25   57 o  0   2.67 144.15083 -63.94839  3351.51  7269.84 2.34 1.92 -69.5 -0.455 18.92 20.61 04a61093o0376o
61093.190327  21.392  6.058    10   61 o  0   1.69 144.15083 -63.94839  3370.71  7307.82 2.36 1.94 -69.7 -0.457 18.97 20.61 04a61093o0382o
61093.195946 -19.664  0.875   -50   43 o  0   1.26 144.15083 -63.94839  3316.64  7231.87 2.37 1.93 -70.2 -0.450 19.00 20.60 04a61093o0394o
61093.228929  21.437  6.349    10   61 o  0   0.98 144.15083 -63.94839  3302.46  7350.84 2.43 2.00 -65.6 -0.510 18.91 20.60 04a61093o0463o
61094.175281 -20.899  2.622   -16   42 o  0   1.56 144.15083 -63.94839  5685.57   561.80 2.08 1.98  -6.0 -0.480 19.06 20.55 04a61094o0357o
61094.178023  19.816  0.953    43   41 o  0   1.60 144.15083 -63.94839  5707.79   601.28 2.14 2.02 -11.4 -0.474 19.03 20.51 04a61094o0363o
61094.183624  18.876  0.395   102   40 o  0   2.58 144.15083 -63.94839  5645.45   522.28 2.07 1.99  -9.9 -0.478 19.04 20.52 04a61094o0375o
61094.193849 -21.323  5.450   -11   58 o  0   1.61 144.15083 -63.94839  5622.89   638.92 2.09 1.99   3.7 -0.480 19.05 20.62 04a61094o0397o
61096.171865  20.767  3.815    18   68 o  0   0.75 144.15083 -63.94839  5523.36  8795.51 2.45 1.90 -67.0 -0.498 18.96 20.58 04a61096o0352o
61096.174461 -19.723  1.698   -47   80 o  0   2.14 144.15083 -63.94839  5541.62  8834.79 2.47 1.88 -67.6 -0.494 18.97 20.61 04a61096o0357o
61096.181540  19.496  0.833    58   48 o  0   2.86 144.15083 -63.94839  5488.48  8756.11 2.51 1.91 -66.6 -0.495 18.97 20.65 04a61096o0371o
61096.193139 -19.307  0.562   -69   39 o  0   3.01 144.15083 -63.94839  5470.94  8873.27 2.52 1.92 -64.4 -0.488 18.93 20.62 04a61096o0396o
61097.171244 -19.139  0.562   -80   45 o  0   1.84 144.15083 -63.94839  5523.47  8795.81 2.53 1.94 -66.7 -0.486 18.77 20.01 04a61097o0239o
61097.174038  14.435  0.006  6110   34 o  0 1724.19 144.15083 -63.94839  5542.56  8834.36 2.55 1.96 -70.0 -0.468 18.76 20.03 04a61097o0245o
61097.180057  19.393  1.041    64   66 o  0   0.83 144.15083 -63.94839  5489.39  8757.41 2.48 1.93 -70.5 -0.477 18.77 20.09 04a61097o0258o
61097.190799 -19.639  0.972   -51   49 o  0   1.52 144.15083 -63.94839  5472.32  8873.73 2.56 1.99 -66.5 -0.470 18.78 20.19 04a61097o0280o
61097.915219  20.396  1.026    25   26 o  0  10.59 144.15083 -63.94839  3879.56  2527.57 2.28 2.11 -50.9 -0.445 19.14 20.31 03a61098o0304o
61097.918063 -20.740  1.486   -18   27 o  0   1.54 144.15083 -63.94839  3899.03  2566.46 2.25 2.05 -54.9 -0.454 19.18 20.33 03a61098o0310o
61097.924618  20.326  0.975    27   26 o  0   4.19 144.15083 -63.94839  3842.49  2487.90 2.25 2.09 -55.1 -0.459 19.18 20.37 03a61098o0324o
61097.933981 -20.325  0.926   -27   25 o  0  12.89 144.15083 -63.94839  3822.81  2604.04 2.26 2.09 -54.5 -0.443 19.16 20.34 03a61098o0344o
61099.166400 -20.087  2.188   -34   73 o  0   0.79 144.15083 -63.94839  3853.85  2517.36 2.16 2.09  62.3 -0.456 18.58 19.61 04a61099o0349o
61099.169170 -20.485  2.024   -23   47 o  0   2.75 144.15083 -63.94839  3873.59  2556.21 2.14 2.07  39.6 -0.464 18.56 19.62 04a61099o0355o
61099.174346 -19.483  0.769   -58   45 o  0   1.49 144.15083 -63.94839  3814.29  2479.68 2.10 2.02  28.5 -0.457 18.57 19.65 04a61099o0366o
61099.184697  19.402  0.870    63   55 o  0   2.60 144.15083 -63.94839  3795.43  2596.94 2.11 2.08  21.6 -0.454 18.59 19.61 04a61099o0388o
61100.179281  20.004  1.481    36   54 o  0   1.35 144.15083 -63.94839  1841.36  6952.96 2.39 2.02 -74.8 -0.403 18.53 19.49 04a61100o0377o
61100.184346  18.869  0.533   103   55 o  0   1.46 144.15083 -63.94839  1861.21  6990.10 2.44 2.03 -67.5 -0.429 18.47 19.47 04a61100o0388o
61100.187155 -19.627  1.067   -51   55 o  0   1.01 144.15083 -63.94839  1804.21  6914.75 2.39 1.98 -79.6 -0.405 18.51 19.48 04a61100o0394o
61100.196862 -19.993  1.086   -36   40 o  0   1.19 144.15083 -63.94839  1784.75  7032.37 2.43 1.99 -76.9 -0.401 18.49 19.47 04a61100o0415o
61102.161212  18.037  0.423   221   94 o  0   1.27 144.15083 -63.94839  9576.17  1029.28 2.75 2.28 -21.2 -0.416 18.14 18.83 04a61102o0341o
61102.163953 -20.450  3.185   -24   76 o  0   1.72 144.15083 -63.94839  9596.77  1070.58 2.70 2.32 -20.4 -0.414 18.15 18.81 04a61102o0347o
61102.170429  20.902  4.873    16   77 o  0   2.27 144.15083 -63.94839  9537.24   988.80 2.77 2.31 -20.7 -0.411 18.09 18.81 04a61102o0361o
61102.184023  18.375  0.533   162   86 o  0   2.05 144.15083 -63.94839  9514.95  1104.88 2.64 2.32 -17.6 -0.418 18.16 18.80 04a61102o0390o
61103.173822  19.880  1.725    41   70 o  0   2.49 144.15083 -63.94839  9580.01  1031.54 2.34 2.24 -43.5 -0.458 18.30 19.03 04a61103o0370o
61103.176616 -20.470  3.639   -24   86 o  0   1.80 144.15083 -63.94839  9601.91  1072.67 2.47 2.30 -32.0 -0.442 18.30 19.02 04a61103o0376o
61103.181733  19.615  1.519    52   79 o  0   2.93 144.15083 -63.94839  9537.68   988.25 2.33 2.15 -84.4 -0.491 18.30 19.01 04a61103o0387o
61103.192742  18.214  0.436   188   82 o  0   1.37 144.15083 -63.94839  9517.68  1105.20 2.46 2.31 -30.3 -0.433 18.31 18.99 04a61103o0411o
61103.913959 -20.183  1.462   -31   45 o  0   1.44 144.15083 -63.94839  5112.38  7184.18 2.26 2.01 -52.6 -0.430 18.72 19.27 03a61104o0363o
61103.918244 -19.785  1.086   -44   48 o  0   1.05 144.15083 -63.94839  5129.45  7222.89 2.22 2.03 -55.2 -0.445 18.72 19.26 03a61104o0371o
61103.923238 -22.466 10.393    -4   39 o  0   0.93 144.15083 -63.94839  5076.81  7143.95 2.26 2.05 -54.3 -0.434 18.72 19.27 03a61104o0382o
61103.937465 -20.273  1.190   -28   34 o  0   2.32 144.15083 -63.94839  5057.21  7259.69 2.28 2.03 -60.4 -0.433 18.74 19.25 03a61104o0412o
61105.175541 -20.222  1.593   -30   47 o  0   1.43 144.15083 -63.94839  5225.74  7144.84 2.39 1.99 -67.1 -0.443 18.40 19.23 04a61105o0175o
61105.178329 -18.631  0.411  -128   53 o  0   2.52 144.15083 -63.94839  5244.06  7183.59 2.47 2.07 -62.0 -0.456 18.32 19.23 04a61105o0181o
61105.188151 -20.814  3.915   -17   67 o  0   0.74 144.15083 -63.94839  5188.69  7106.59 2.38 2.00 -67.7 -0.455 18.37 19.21 04a61105o0202o
61105.225331 -19.318  0.850   -68   58 o  0   1.41 144.15083 -63.94839  5178.14  7227.40 2.38 1.93 -67.0 -0.450 18.36 19.16 04a61105o0278o
61106.170466 -19.842  1.541   -42   65 o  0   1.20 144.15083 -63.94839  3573.01   673.46 2.20 1.99  36.4 -0.452 18.49 19.44 04a61106o0369o
61106.173766  19.582  0.856    53   46 o  0   3.01 144.15083 -63.94839  3595.16   712.03 2.21 2.02  33.1 -0.453 18.46 19.44 04a61106o0376o
61106.179334  23.109 26.545     2   55 o  0   2.82 144.15083 -63.94839  3531.31   633.07 2.18 2.01  27.9 -0.453 18.50 19.42 04a61106o0388o
61106.189082 -19.490  0.854   -58   50 o  0   1.85 144.15083 -63.94839  3511.98   751.93 2.25 2.05  36.9 -0.448 18.46 19.45 04a61106o0409o
61106.908793 -21.596  3.695    -8   31 o  0   1.02 144.15083 -63.94839  3652.20   677.40 2.40 2.25 -53.4 -0.414 19.03 20.12 03a61107o0366o
61106.911546  20.435  1.178    24   29 o  0   2.92 144.15083 -63.94839  3672.23   716.47 2.55 2.42 -46.5 -0.411 18.98 20.11 03a61107o0372o
61106.916536  20.092  0.756    33   25 o  0   2.78 144.15083 -63.94839  3613.61   637.62 2.90 2.88 -65.8 -0.392 18.85 20.10 03a61107o0383o
61106.926165  19.579  0.674    54   36 o  0   1.45 144.15083 -63.94839  3592.04   755.23 2.55 2.38 -51.4 -0.410 18.98 20.08 03a61107o0404o
61109.181978  21.102  3.259    13   43 o  0   2.53 144.15083 -63.94839  3792.76  4646.72 2.35 2.10 -72.3 -0.488 18.70 20.04 04a61109o0388o
61109.185296 -21.330  4.083   -11   44 o  0   1.68 144.15083 -63.94839  3814.30  4686.32 2.21 2.02 -71.8 -0.444 18.72 19.90 04a61109o0395o
61109.190438 -19.220  0.600   -74   45 o  0   1.82 144.15083 -63.94839  3754.66  4609.52 2.21 2.03 -79.4 -0.442 18.73 19.97 04a61109o0406o
61109.200579 -19.449  1.018   -60   61 o  0   0.73 144.15083 -63.94839  3737.22  4726.76 2.24 2.08 -79.1 -0.438 18.39 19.48 04a61109o0428o
61109.882835 -21.089  3.147   -13   42 o  0   2.55 144.15083 -63.94839  7647.30  4623.12 2.15 1.92 -52.0 -0.486 19.41 20.69 03a61110o0318o
61109.885699  19.939  0.965    38   37 o  0   2.13 144.15083 -63.94839  7666.09  4663.13 2.14 1.92 -56.9 -0.488 19.39 20.67 03a61110o0324o
61109.891803  20.520  1.736    22   39 o  0   1.25 144.15083 -63.94839  7611.04  4581.89 2.16 1.95 -57.4 -0.477 19.38 20.65 03a61110o0337o
61109.901566  20.665  1.423    20   28 o  0   1.26 144.15083 -63.94839  7590.45  4696.48 2.12 1.92 -58.3 -0.488 19.38 20.59 03a61110o0358o
61111.145087  19.499  0.428    58   25 c  0   2.90 144.15083 -63.94839  7696.53  4508.44 2.48 2.19 -33.5 -0.405 19.24 21.25 04a61111o0322c
61111.147829  21.329  2.714    11   29 c  0   1.97 144.15083 -63.94839  7715.93  4547.41 2.47 2.16 -33.3 -0.409 19.20 21.25 04a61111o0328c
61111.162743 -19.890  0.870   -40   35 c  0   2.57 144.15083 -63.94839  7658.93  4467.51 2.44 2.14 -27.8 -0.407 19.23 21.25 04a61111o0360c
61111.169273  19.275  0.407    71   29 c  0   0.83 144.15083 -63.94839  7640.21  4583.38 2.42 2.09 -31.0 -0.415 19.23 21.17 04a61111o0374c
61111.177744  20.811  1.253    17   22 c  0   5.70 144.15083 -63.94839  7679.94  4527.80 2.51 2.21 -31.8 -0.398 19.20 21.10 04a61111o0392c
61112.175807  15.954  0.012  1508   18 c  0 341.62 144.15083 -63.94839  1895.68  9086.31 2.91 2.00 -74.4 -0.391 19.02 20.90 04a61112o0391c
61112.178567 -20.008  0.599   -36   22 c  0   2.16 144.15083 -63.94839  1913.14  9125.64 2.92 2.04 -74.4 -0.390 19.03 20.89 04a61112o0397c
61112.184192  19.342  0.483    67   32 c  0   1.91 144.15083 -63.94839  1860.40  9051.15 2.87 1.97 -73.0 -0.398 19.04 20.90 04a61112o0409c
