###MJD          m      dm   uJy   duJy F err chi/N     RA       Dec        x        y     maj  min   phi  apfit mag5sig Sky   Obs
61084.567291 -19.725  0.303   -47   14 o  0   1.06 231.20472 -21.38937   882.86  7899.72 2.11 1.93 -39.4 -0.446 19.23 20.47 02a61084o0759o
61084.570007 -21.168  0.931   -12   12 o  0   1.42 231.20472 -21.38937   900.20  7938.04 2.10 1.97 -20.0 -0.446 19.25 20.53 02a61084o0765o
61084.578209  24.740 23.000     0   11 o  0   2.97 231.20472 -21.38937   840.15  7860.74 2.05 1.92 -28.1 -0.444 19.25 20.56 02a61084o0783o
61084.591853 -19.905  0.387   -40   15 o  0   1.09 231.20472 -21.38937   816.41  7976.40 2.21 2.07 -17.5 -0.429 19.21 20.57 02a61084o0813o
61086.322162 -19.863  0.624   -41   26 o  0   1.24 231.20472 -21.38937  9384.45  7037.67 2.27 2.13 -35.7 -0.457 18.89 20.16 04a61086o0654o
61086.325385  20.720  0.967    19   18 o  0   2.03 231.20472 -21.38937  9365.51  6999.47 2.29 2.10 -22.2 -0.445 18.90 20.14 04a61086o0661o
61086.340722 -20.536  0.807   -22   18 o  0   1.28 231.20472 -21.38937  9423.07  7079.44 2.31 2.13 -26.8 -0.447 18.92 20.20 04a61086o0692o
61086.346270 -21.563  2.659    -9   23 o  0   0.81 231.20472 -21.38937  9444.66  6963.01 2.29 2.15 -23.2 -0.443 18.93 20.19 04a61086o0704o
61089.552219 -20.369  0.773   -26   20 o  0   0.97 231.20472 -21.38937  1622.12 10130.34 2.83 2.49 -49.0 -0.449 18.98 20.52 02a61089o0671o
61089.557274 -19.858  0.645   -41   27 o  0   0.93 231.20472 -21.38937  1637.61 10170.35 3.87 3.47 -49.4 -0.461 18.66 20.51 02a61089o0682o
61089.559997 -19.442  0.311   -61   19 o  0   1.38 231.20472 -21.38937  1579.78 10091.95 3.30 2.90 -49.6 -0.442 18.81 20.52 02a61089o0688o
61089.570876 -20.796  0.829   -17   14 o  0   2.03 231.20472 -21.38937  1557.21 10210.69 2.54 2.15 -42.6 -0.457 19.13 20.55 02a61089o0711o
61090.529153 -19.859  0.489   -41   20 o  0   0.91 231.20472 -21.38937  5310.64  3788.99 2.77 2.38  34.9 -0.421 18.76 20.13 02a61090o0691o
61090.532790  20.729  1.101    19   20 o  0   1.02 231.20472 -21.38937  5331.19  3827.00 2.73 2.37  34.6 -0.420 18.80 20.14 02a61090o0699o
61090.537810 -22.559  5.000    -3   17 o  0   1.20 231.20472 -21.38937  5270.58  3749.32 2.50 2.08  31.1 -0.438 18.95 20.16 02a61090o0710o
61090.552340 -22.144  3.862    -5   20 o  0   1.16 231.20472 -21.38937  5246.58  3864.26 2.50 2.06  33.1 -0.438 18.95 20.23 02a61090o0741o
61092.359716 -20.696  0.930   -19   18 o  0   0.97 231.20472 -21.38937  5479.53  4386.13 2.20 2.10 -62.3 -0.477 19.07 20.51 04a61092o0670o
61092.362030  20.466  0.951    24   22 o  0   2.72 231.20472 -21.38937  5460.63  4347.94 2.27 2.07 -48.2 -0.496 19.01 20.51 04a61092o0675o
61092.382280 -19.417  0.235   -62   15 o  0   2.08 231.20472 -21.38937  5517.64  4427.18 2.23 2.08 -56.8 -0.495 19.03 20.51 04a61092o0716o
61092.393272 -21.003  1.273   -14   18 o  0   1.08 231.20472 -21.38937  5534.71  4311.96 2.18 2.04 -62.7 -0.488 18.87 20.04 04a61092o0738o
61095.528776 -21.827  1.860    -7   13 o  0   2.11 231.20472 -21.38937  9290.88  9737.83 2.61 2.07 -59.0 -0.437 19.27 20.73 02a61095o0140o
61095.532420 -20.484  0.662   -23   15 o  0   1.33 231.20472 -21.38937  9309.98  9776.71 2.83 2.00 -58.4 -0.436 19.37 20.72 02a61095o0148o
61095.544657 -23.346 10.200    -2   17 o  0   0.98 231.20472 -21.38937  9246.86  9697.50 2.93 1.96 -62.3 -0.438 19.36 20.76 02a61095o0174o
61095.551528 -21.613  1.796    -8   15 o  0   1.29 231.20472 -21.38937  9224.00  9815.92 2.67 1.98 -60.6 -0.444 19.37 20.75 02a61095o0189o
61096.486117 -20.068  0.655   -34   22 o  0   1.54 231.20472 -21.38937  2833.98  7774.19 2.05 1.90  15.2 -0.437 18.69 19.45 02a61096o0588o
61096.492969  19.964  0.643    38   24 o  0   0.83 231.20472 -21.38937  2852.35  7810.80 2.03 1.92  17.4 -0.433 18.83 19.59 02a61096o0603o
61096.496188 -20.516  0.785   -23   18 o  0   1.49 231.20472 -21.38937  2791.44  7733.17 2.08 1.95  12.5 -0.434 18.83 19.69 02a61096o0610o
61096.505782 -20.410  0.750   -25   19 o  0   0.89 231.20472 -21.38937  2768.66  7848.51 2.10 1.91  18.3 -0.433 19.06 20.01 02a61096o0631o
61098.328441 -20.690  0.899   -19   17 o  0   1.77 231.20472 -21.38937  3879.20  9130.96 2.26 1.81 -67.3 -0.461 18.97 20.41 04a61098o0680o
61098.329804 -20.741  0.920   -18   17 o  0   1.46 231.20472 -21.38937  3860.39  9092.11 2.27 1.80 -67.0 -0.457 19.04 20.45 04a61098o0683o
61098.333026  20.813  1.121    17   19 o  0   0.76 231.20472 -21.38937  3917.21  9170.40 2.23 1.76 -69.5 -0.457 19.06 20.45 04a61098o0690o
61098.338107 -20.820  1.114   -17   19 o  0   0.88 231.20472 -21.38937  3938.78  9054.05 2.33 1.81 -71.0 -0.468 19.04 20.47 04a61098o0701o
61099.607664 -21.405  1.384   -10   14 o  0   1.25 231.20472 -21.38937  4009.76  9108.13 2.73 2.43  53.0 -0.381 19.17 20.15 01a61099o0858o
61099.609491 -21.662  1.527    -8   12 o  0   1.80 231.20472 -21.38937  3990.70  9068.40 2.80 2.50  53.2 -0.375 19.18 20.20 01a61099o0862o
61099.615875 -20.956  1.023   -15   15 o  0   1.12 231.20472 -21.38937  4050.66  9148.17 2.88 2.66  60.5 -0.362 19.10 20.25 01a61099o0875o
61099.632476  20.782  0.784    18   14 o  0   1.00 231.20472 -21.38937  4076.47  9032.39 3.03 2.54  48.9 -0.338 19.19 20.51 01a61099o0911o
61103.072627 -20.245  0.846   -29   24 o  0   1.29 231.20472 -21.38937  7085.45   602.59 2.40 2.27 -52.0 -0.425 18.64 19.12 03a61103o0681o
61103.075334 -20.453  1.398   -24   34 o  0   0.64 231.20472 -21.38937  7068.84   563.59 2.81 2.72 -40.5 -0.404 18.43 19.13 03a61103o0687o
61103.078043  23.873 26.667     1   27 o  0   1.03 231.20472 -21.38937  7124.90   643.12 2.53 2.45 -36.1 -0.407 18.53 19.12 03a61103o0693o
61103.094194  19.526  0.458    56   26 o  0   1.34 231.20472 -21.38937  7155.71   525.66 2.61 2.44 -48.9 -0.395 18.51 19.11 03a61103o0726o
61105.484401 -19.976  0.817   -37   30 o  0   1.23 231.20472 -21.38937  3666.29  4442.91 2.77 2.47  43.5 -0.398 18.41 18.61 01a61105o0595o
61105.487606 -19.391  0.490   -64   31 o  0   1.02 231.20472 -21.38937  3648.72  4404.57 2.94 2.60  41.7 -0.378 18.38 18.63 01a61105o0602o
61105.493088 -21.110  2.289   -13   30 o  0   1.24 231.20472 -21.38937  3710.66  4486.66 3.02 2.48  39.2 -0.362 18.42 18.67 01a61105o0614o
61105.503652  21.597  3.226     8   27 o  0   1.51 231.20472 -21.38937  3731.63  4366.78 2.94 2.54  42.8 -0.376 18.42 18.73 01a61105o0637o
61110.278753 -20.032  1.181   -35   42 o  0   1.24 231.20472 -21.38937  7369.16  7167.21 2.33 2.04 -68.5 -0.445 18.20 19.39 04a61110o0594o
61110.282091 -18.833  0.359  -106   38 o  0   1.14 231.20472 -21.38937  7346.73  7129.24 2.33 2.06 -60.3 -0.452 18.21 19.41 04a61110o0601o
61110.308892 -19.640  0.794   -51   40 o  0   1.04 231.20472 -21.38937  7404.28  7210.82 2.15 1.94 -63.7 -0.470 18.31 19.51 04a61110o0655o
61110.337422  20.233  1.028    29   30 o  0   2.05 231.20472 -21.38937  7421.17  7098.20 2.17 1.99 -57.5 -0.463 18.36 19.61 04a61110o0713o
61110.403754  21.355  2.921    10   30 o  0   0.96 231.20472 -21.38937  3175.41  3390.29 2.03 1.99  47.2 -0.442 18.33 18.93 04a61110o0851o
61112.104225 -20.812  0.881   -17   15 o  0   1.18 231.20472 -21.38937  8902.29  8059.77 2.48 2.02 -54.2 -0.418 19.28 20.25 03a61112o0785o
61112.138955  20.183  0.538    31   16 o  0   1.22 231.20472 -21.38937  8930.41  8102.55 2.46 1.91 -51.5 -0.426 19.29 20.21 03a61112o0859o
61112.143455 -20.385  0.593   -26   15 o  0   1.08 231.20472 -21.38937  8875.56  8022.59 2.44 2.04 -43.1 -0.407 19.17 20.12 03a61112o0868o
