###MJD          m      dm   uJy   duJy F err chi/N     RA       Dec        x        y     maj  min   phi  apfit mag5sig Sky   Obs
61084.275268 -23.009  6.765    -2   15 o  0   1.58  59.30354 -25.40338  3316.17  5088.37 2.35 1.95  45.4 -0.446 19.05 20.12 02a61084o0126o
61084.284880  22.328  5.733     4   24 o  0   0.82  59.30354 -25.40338  3295.74  5048.50 2.16 1.93  60.3 -0.453 18.92 19.97 02a61084o0147o
61084.288105 -19.853  0.425   -42   18 o  0   1.32  59.30354 -25.40338  3353.88  5126.04 2.31 1.96  43.8 -0.441 18.98 20.05 02a61084o0154o
61084.303209  21.282  1.702    11   19 o  0   1.15  59.30354 -25.40338  3373.23  5014.30 2.32 1.97  44.5 -0.432 19.00 19.98 02a61084o0187o
61084.806889   0.000 21.307    -0   11 c  0   0.99  59.30354 -25.40338  7218.20  5524.37 2.90 2.51 -54.7 -0.396 19.56 21.78 03a61085o0086c
61084.810045   0.000 21.374     0   10 c  0   1.21  59.30354 -25.40338  7236.43  5564.60 2.88 2.50 -53.7 -0.398 19.54 21.77 03a61085o0093c
61084.815502 -24.448 17.333    -1   10 c  0   0.83  59.30354 -25.40338  7181.77  5486.33 2.93 2.53 -53.3 -0.395 19.53 21.77 03a61085o0105c
61084.837529  17.355  1.095   415  454 c  0   1.10  59.30354 -25.40338  7163.30  5597.05 2.86 2.44 -56.8 -0.400 15.21 17.30 03a61085o0153c
61086.054981 -20.596  1.099   -21   23 o  0   1.12  59.30354 -25.40338  5892.63  1061.80 2.36 2.29 -48.3 -0.431 18.98 20.39 04a61086o0090o
61086.058347  21.526  1.766     9   16 o  0   1.42  59.30354 -25.40338  5912.62  1102.26 2.26 2.12 -50.5 -0.450 18.98 20.36 04a61086o0097o
61086.065295 -20.038  0.415   -35   14 o  0   1.60  59.30354 -25.40338  5852.60  1023.21 2.12 2.04 -36.2 -0.449 19.07 20.36 04a61086o0112o
61086.078097 -22.453  4.545    -4   17 o  0   1.24  59.30354 -25.40338  5831.41  1142.20 2.10 2.03 -60.7 -0.459 19.02 20.32 04a61086o0139o
61087.315586 -20.267  0.741   -28   21 c  0   0.95  59.30354 -25.40338  5830.21  1092.98 3.54 3.19  49.7 -0.299 18.62 20.33 01a61087o0006c
61087.319752  22.991  7.444     2   17 c  0   0.85  59.30354 -25.40338  5844.30  1131.46 3.40 3.14  53.4 -0.317 18.98 20.62 01a61087o0015c
61087.325691  19.920  0.844    39   33 c  0   0.82  59.30354 -25.40338  5782.24  1052.85 3.28 3.01  54.7 -0.331 18.23 19.72 01a61087o0028c
61087.338481  21.086  8.400    13  112 c  0   1.01  59.30354 -25.40338  5754.03  1173.06 3.26 3.02  55.6 -0.336 17.17 18.68 01a61087o0056c
61089.282920 -20.106  0.791   -33   26 o  0   0.90  59.30354 -25.40338  7402.15  2880.33 3.70 3.53 -55.2 -0.402 18.76 20.66 02a61089o0163o
61090.274206 -21.750  1.958    -7   14 o  0   1.58  59.30354 -25.40338   369.90  9119.44 2.41 2.13 -61.9 -0.452 19.11 20.57 02a61090o0137o
61090.276957  21.467  1.966     9   18 o  0   1.04  59.30354 -25.40338   351.79  9079.32 2.48 2.18 -61.3 -0.464 19.12 20.61 02a61090o0143o
61090.282507 -21.432  1.981   -10   19 o  0   1.00  59.30354 -25.40338   409.20  9159.63 2.47 2.04 -70.9 -0.469 18.90 20.38 02a61090o0155o
61090.295434 -22.098  3.143    -5   16 o  0   1.13  59.30354 -25.40338   433.36  9042.28 2.41 2.09 -56.5 -0.455 19.13 20.56 02a61090o0183o
61092.048642  21.445  1.878    10   18 o  0   1.13  59.30354 -25.40338  1335.53  3799.36 2.27 2.10  85.3 -0.427 19.05 20.61 04a61092o0026o
61092.053773 -20.710  0.943   -19   18 o  0   0.92  59.30354 -25.40338  1355.03  3839.13 2.29 2.14 -47.1 -0.400 18.95 20.55 04a61092o0037o
61092.067052  22.288  4.042     4   18 o  0   0.76  59.30354 -25.40338  1294.71  3761.77 2.32 2.04  63.0 -0.401 19.15 20.75 04a61092o0066o
61092.070899 -22.102  2.704    -5   14 o  0   1.44  59.30354 -25.40338  1279.35  3879.93 2.21 2.02  75.1 -0.434 19.10 20.65 04a61092o0074o
61096.265057 -20.896  1.386   -16   22 o  0   1.01  59.30354 -25.40338  1369.85  5152.58 2.13 1.91  42.6 -0.464 18.88 19.60 02a61096o0107o
61096.270096 -20.120  0.632   -32   21 o  0   1.00  59.30354 -25.40338  1350.81  5112.70 2.05 1.94  57.4 -0.464 18.85 19.57 02a61096o0118o
61096.272840  21.276  1.966    11   22 o  0   1.23  59.30354 -25.40338  1408.70  5192.07 2.19 1.96  43.7 -0.452 18.80 19.55 02a61096o0124o
61096.287049  20.556  1.011    22   22 o  0   1.31  59.30354 -25.40338  1428.63  5075.32 2.07 1.95  66.6 -0.472 18.73 19.47 02a61096o0155o
61096.785404  21.580  1.962     8   17 o  0   0.92  59.30354 -25.40338  9152.60  5507.75 2.60 2.26 -42.4 -0.378 19.08 20.26 03a61097o0083o
61096.788158 -22.446  4.296    -4   16 o  0   0.93  59.30354 -25.40338  9169.51  5545.31 2.52 2.05 -54.5 -0.381 19.17 20.25 03a61097o0089o
61096.794129 -21.095  1.191   -13   16 o  0   0.91  59.30354 -25.40338  9113.61  5465.00 2.55 2.02 -59.4 -0.383 19.13 20.25 03a61097o0102o
61096.803887  20.322  0.552    27   15 o  0   1.12  59.30354 -25.40338  9095.60  5579.12 2.61 2.08 -55.8 -0.382 19.11 20.22 03a61097o0123o
61098.069407 -20.583  1.216   -21   26 o  0   1.53  59.30354 -25.40338  1117.24  9242.70 2.78 1.98 -77.6 -0.398 18.62 19.60 04a61098o0139o
61098.072163 -18.663  0.215  -124   27 o  0   1.22  59.30354 -25.40338  1137.40  9283.26 2.65 1.94 -77.7 -0.414 18.58 19.58 04a61098o0145o
61098.081468 -19.695  0.621   -48   30 o  0   1.18  59.30354 -25.40338  1081.18  9206.24 2.77 1.97 -80.6 -0.399 18.54 19.56 04a61098o0165o
61098.100133 -19.650  0.594   -50   30 o  0   1.17  59.30354 -25.40338  1060.43  9328.00 2.81 2.02 -79.3 -0.379 18.47 19.47 04a61098o0205o
61099.255077  23.079 11.067     2   24 o  0   0.94  59.30354 -25.40338  1051.08  9293.58 2.56 2.39  68.1 -0.476 18.82 19.37 01a61099o0093o
61099.258731  19.532  0.978    56   55 o  0   0.83  59.30354 -25.40338  1067.46  9332.53 2.58 2.40  80.3 -0.477 18.53 19.05 01a61099o0101o
61099.265583  20.863  1.296    16   21 o  0   1.28  59.30354 -25.40338  1007.74  9255.56 2.43 2.28  74.1 -0.476 18.85 19.34 01a61099o0116o
61099.277486  22.383  8.038     4   32 o  0   1.44  59.30354 -25.40338   977.64  9373.13 2.51 2.32  82.3 -0.485 18.50 19.11 01a61099o0142o
61102.797575 -19.746  0.651   -46   30 o  0   0.88  59.30354 -25.40338  5006.76  7581.60 2.59 2.24 -45.5 -0.381 18.52 19.14 03a61103o0116o
61102.800775 -20.342  0.951   -26   25 o  0   1.04  59.30354 -25.40338  5024.09  7620.77 2.56 2.25 -48.3 -0.402 18.51 19.12 03a61103o0123o
61102.806262 -19.900  1.355   -40   54 o  0   1.16  59.30354 -25.40338  4969.84  7542.02 2.77 2.43 -40.7 -0.386 17.78 18.39 03a61103o0135o
61102.830015  20.903  1.476    16   23 o  0   1.51  59.30354 -25.40338  4949.26  7657.44 2.52 2.16 -44.7 -0.392 18.48 18.89 03a61103o0186o
61104.034898 -21.747  4.200    -7   30 o  0   1.03  59.30354 -25.40338  3294.14  3688.62 2.21 2.18  47.5 -0.414 18.26 19.26 04a61104o0078o
61104.039960 -19.109  0.398   -82   33 o  0   1.19  59.30354 -25.40338  3315.41  3727.42 2.24 2.22 -58.4 -0.502 18.31 19.22 04a61104o0089o
61104.046434 -22.996 12.833    -2   30 o  0   1.25  59.30354 -25.40338  3253.74  3649.31 2.15 2.10  77.7 -0.420 18.26 19.08 04a61104o0103o
61104.057466  20.605  1.545    21   32 o  0   1.02  59.30354 -25.40338  3234.83  3767.27 2.14 2.09  71.0 -0.404 18.26 19.07 04a61104o0127o
61105.237857 -20.573  0.656   -21   14 o  0   1.24  59.30354 -25.40338  3196.15  3725.99 2.65 2.21  48.7 -0.430 19.26 20.25 01a61105o0058o
61105.242892 -20.588  0.629   -21   13 o  0   1.34  59.30354 -25.40338  3217.08  3764.17 2.91 2.31  45.2 -0.405 19.25 20.24 01a61105o0069o
61105.250239 -23.250  7.917    -2   14 o  0   1.21  59.30354 -25.40338  3151.37  3687.12 2.88 2.38  49.2 -0.408 19.21 20.23 01a61105o0085o
61105.253903 -20.890  1.029   -16   16 o  0   1.21  59.30354 -25.40338  3131.99  3805.51 2.91 2.41  47.3 -0.397 19.15 20.20 01a61105o0093o
61107.225764 -19.295  0.485   -70   34 o  0   0.98  59.30354 -25.40338  1637.60  3119.16 2.97 2.82 -69.5 -0.404 18.31 19.34 02a61107o0027o
61107.228969  21.030  1.823    14   26 o  0   0.83  59.30354 -25.40338  1616.79  3079.18 2.92 2.78 -75.2 -0.415 18.53 19.79 02a61107o0034o
61107.234930  20.627  1.046    20   21 o  0   1.10  59.30354 -25.40338  1675.38  3158.21 2.63 2.50 -60.5 -0.424 18.85 20.14 02a61107o0047o
61107.249719  23.006 11.667     2   27 o  0   0.94  59.30354 -25.40338  1701.66  3043.87 2.99 2.90 -73.4 -0.431 18.69 20.13 02a61107o0079o
61108.250792 -20.490  0.830   -23   19 c  0   0.88  59.30354 -25.40338  6619.11  9379.88 2.73 2.64 -69.1 -0.398 19.07 20.81 02a61108o0083c
61108.253993  19.909  0.452    40   18 c  0   1.04  59.30354 -25.40338  6601.81  9340.75 2.87 2.69 -53.6 -0.400 19.02 20.79 02a61108o0090c
61108.259441 -20.829  0.976   -17   16 c  0   1.70  59.30354 -25.40338  6660.66  9419.04 2.70 2.58 -57.1 -0.405 19.01 20.75 02a61108o0102c
61108.269442 -21.806  2.719    -7   19 c  0   1.05  59.30354 -25.40338  6681.26  9301.56 2.76 2.54 -48.9 -0.411 18.94 20.66 02a61108o0124c
61108.755124 -20.574  0.842   -21   18 o  0   1.14  59.30354 -25.40338  4019.23  1180.90 2.49 2.27 -52.3 -0.387 19.00 20.09 03a61109o0039o
61108.760181 -20.719  0.891   -19   17 o  0   0.78  59.30354 -25.40338  4037.42  1221.23 2.59 2.40 -50.0 -0.395 19.26 20.68 03a61109o0050o
61108.762912  22.089  2.800     5   15 o  0   0.83  59.30354 -25.40338  3982.70  1141.96 2.46 2.24 -52.5 -0.396 19.34 20.83 03a61109o0056o
61108.775402 -23.670  9.000    -1   11 o  0   1.57  59.30354 -25.40338  3957.72  1257.90 2.45 2.25 -53.4 -0.400 19.42 20.99 03a61109o0083o
61110.031558 -22.664  5.308    -3   17 c  0   0.98  59.30354 -25.40338  7936.82   987.37 2.79 2.33 -28.5 -0.374 19.12 20.96 04a61110o0082c
61110.041266 -20.597  0.901   -21   19 c  0   0.86  59.30354 -25.40338  7957.61  1028.95 2.65 2.31 -29.0 -0.387 19.12 20.96 04a61110o0103c
61110.051879  21.224  1.400    12   16 c  0   1.07  59.30354 -25.40338  7895.45   949.36 2.69 2.26 -26.7 -0.386 19.06 20.92 04a61110o0126c
61110.057443  23.241  8.750     2   16 c  0   1.20  59.30354 -25.40338  7875.67  1067.93 2.66 2.22 -25.2 -0.391 19.06 20.90 04a61110o0138c
61111.762359  18.973  1.195    94  112 o  0   0.91  59.30354 -25.40338  5303.95  5601.68 2.36 2.14 -52.0 -0.401 19.02 20.86 03a61112o0061o
61111.768344 -21.302  1.625   -11   18 o  0   0.58  59.30354 -25.40338  5249.23  5523.22 2.36 2.11 -57.3 -0.402 19.11 20.55 03a61112o0074o
