###MJD          m      dm   uJy   duJy F err chi/N     RA       Dec        x        y     maj  min   phi  apfit mag5sig Sky   Obs
61084.275735 -22.008  3.116    -6   18 o  0   0.96  53.45058 -19.49570   501.62  6327.20 2.21 2.08  77.7 -0.414 19.03 20.08 02a61084o0127o
61084.283973  19.772  0.491    45   22 o  0   6.47  53.45058 -19.49570   480.94  6285.29 2.17 2.06  62.0 -0.410 18.98 20.01 02a61084o0145o
61084.287642  21.174  1.588    12   20 o  0   1.01  53.45058 -19.49570   539.58  6365.28 2.15 2.08  78.7 -0.411 19.00 20.00 02a61084o0153o
61084.298660 -23.179  9.188    -2   18 o  0   1.26  53.45058 -19.49570   561.56  6248.22 2.10 2.02  77.1 -0.410 18.95 19.93 02a61084o0177o
61084.789549  22.669  3.650     3   11 c  0   0.91  53.45058 -19.49570 10050.03  4354.73 2.75 2.16 -65.3 -0.382 19.60 21.65 03a61085o0048c
61084.792727  22.615  3.300     3   11 c  0   1.09  53.45058 -19.49570 10066.58  4392.20 2.84 2.20 -65.6 -0.378 19.58 21.68 03a61085o0055c
61084.805989  22.302  2.522     4   11 c  0   1.12  53.45058 -19.49570 10013.76  4313.25 2.99 2.39 -64.5 -0.378 19.45 21.63 03a61085o0084c
61084.812333 -20.479  0.483   -23   11 c  0   1.38  53.45058 -19.49570  9991.74  4429.73 2.97 2.40 -62.3 -0.383 19.46 21.61 03a61085o0098c
61086.051625 -21.863  2.889    -6   19 o  0   1.30  53.45058 -19.49570  1739.45  9987.50 2.86 2.04 -71.8 -0.410 18.97 20.35 04a61086o0083o
61086.054530  20.965  1.508    15   22 o  0   1.06  53.45058 -19.49570  1756.08 10025.20 2.97 2.08 -74.6 -0.396 18.96 20.31 04a61086o0089o
61086.073872  22.063  4.750     5   26 o  0   0.77  53.45058 -19.49570  1699.72  9952.07 2.83 2.01 -75.4 -0.410 18.91 20.14 04a61086o0130o
61086.079921  21.837  3.032     7   20 o  0   1.27  53.45058 -19.49570  1678.57 10069.98 2.77 1.93 -70.7 -0.406 18.93 20.23 04a61086o0143o
61087.316500 -21.122  1.595   -13   21 c  0   1.18  53.45058 -19.49570  1705.97 10032.34 3.51 3.25  81.1 -0.312 18.86 20.55 01a61087o0008c
61087.320666 -20.856  1.059   -16   18 c  0   1.39  53.45058 -19.49570  1720.76 10070.05 3.33 3.08  87.1 -0.330 19.05 20.70 01a61087o0017c
61087.326604 -20.681  0.928   -19   18 c  0   1.17  53.45058 -19.49570  1659.45  9991.62 3.29 3.02 -89.7 -0.334 18.85 20.37 01a61087o0030c
61087.339851 -15.614  0.495 -2063 1020 c  0   1.11  53.45058 -19.49570  1631.97 10111.32 3.31 3.06 -68.1 -0.301 16.02 17.50 01a61087o0059c
61089.314947  21.425  2.100    10   20 o  0   1.14  53.45058 -19.49570  4893.39  4073.56 2.93 2.85   6.8 -0.427 18.87 20.57 02a61089o0192o
61090.274658 -21.334  2.529   -11   27 o  0   0.85  53.45058 -19.49570  6146.38 10471.61 2.45 2.27 -67.0 -0.430 19.20 20.63 02a61090o0138o
61090.277861 -20.291  0.577   -28   16 o  0   1.83  53.45058 -19.49570  6127.19 10432.28 2.54 2.33 -62.5 -0.408 19.15 20.65 02a61090o0145o
61090.278313 -22.664  5.261    -3   16 o  0   1.31  53.45058 -19.49570  4564.29   261.92 2.38 1.99 -60.9 -0.432 19.23 20.67 02a61090o0146o
61090.282055 -21.792  2.680    -7   19 o  0   1.18  53.45058 -19.49570  4545.75   220.18 2.41 2.02 -60.7 -0.429 19.19 20.67 02a61090o0154o
61090.283977 -20.397  1.465   -25   37 o  0   1.18  53.45058 -19.49570  6184.89 10511.15 2.57 2.34 -63.1 -0.428 19.16 20.64 02a61090o0158o
61090.287156  20.297  0.633    28   18 o  0   1.07  53.45058 -19.49570  4604.38   299.53 2.45 2.05 -59.3 -0.431 19.19 20.67 02a61090o0165o
61090.293611 -22.569  5.600    -3   19 o  0   1.17  53.45058 -19.49570  6205.89 10393.19 2.60 2.26 -56.1 -0.435 19.11 20.60 02a61090o0179o
61090.299580 -20.478  0.849   -23   20 o  0   1.17  53.45058 -19.49570  4624.98   181.55 2.78 2.33 -59.0 -0.403 19.05 20.61 02a61090o0192o
61092.038371  23.132  9.300     2   19 o  0   1.17  53.45058 -19.49570  4081.61  2465.13 2.20 2.15 -17.3 -0.451 18.99 20.46 04a61092o0004o
61092.060154  20.791  1.095    18   19 o  0   0.85  53.45058 -19.49570  4064.39  2583.29 2.16 2.14  42.5 -0.431 19.05 20.60 04a61092o0051o
61096.265509  21.421  2.373    10   23 o  0   1.12  53.45058 -19.49570  8682.97  6478.76 2.16 2.07 -86.7 -0.450 18.87 19.60 02a61096o0108o
61096.269644  20.496  0.960    23   22 o  0   1.32  53.45058 -19.49570  8660.24  6437.68 2.21 2.05 -72.2 -0.456 18.87 19.58 02a61096o0117o
61096.283332  22.319  5.355     4   23 o  0   1.10  53.45058 -19.49570  8720.46  6517.62 2.22 2.14 -75.9 -0.443 18.78 19.49 02a61096o0147o
61096.289339  23.600 17.800     1   24 o  0   1.35  53.45058 -19.49570  8740.67  6401.17 2.14 2.08 -69.5 -0.447 18.78 19.45 02a61096o0160o
61096.796407  21.221  1.691    12   20 o  0   0.85  53.45058 -19.49570  1896.30  4024.43 2.42 2.11 -63.2 -0.408 19.08 20.13 03a61097o0107o
61096.799132  22.341  4.808     4   20 o  0   0.81  53.45058 -19.49570  1919.10  4063.05 2.53 2.26 -49.5 -0.395 19.01 20.10 03a61097o0113o
61096.804338 -23.130  9.769    -2   20 o  0   1.01  53.45058 -19.49570  1861.87  3985.18 2.51 2.20 -63.7 -0.400 19.01 20.10 03a61097o0124o
61096.814382  25.152 57.500     0   18 o  0   1.22  53.45058 -19.49570  1839.54  4100.82 2.52 2.21 -63.8 -0.397 19.00 20.07 03a61097o0145o
61098.027165  20.869  1.711    16   28 o  0   1.33  53.45058 -19.49570  3645.84  7923.12 2.34 2.02 -60.0 -0.388 18.59 19.59 04a61098o0050o
61098.029989  21.973  4.552     6   27 o  0   1.54  53.45058 -19.49570  3665.18  7962.11 2.34 2.00 -66.3 -0.420 18.62 19.60 04a61098o0056o
61098.036522 -20.954  1.870   -15   28 o  0   1.22  53.45058 -19.49570  3608.02  7885.73 2.35 2.06 -57.5 -0.372 18.56 19.59 04a61098o0070o
61098.061524  20.558  1.333    22   29 o  0   1.13  53.45058 -19.49570  3585.66  8004.72 2.30 1.95 -67.0 -0.413 18.57 19.46 04a61098o0122o
61099.247759 -21.951  4.184    -6   25 o  0   1.54  53.45058 -19.49570  3567.98  7963.13 2.88 2.33  52.3 -0.394 18.53 18.96 01a61099o0077o
61099.250966 -19.970  0.565   -37   21 o  0   1.12  53.45058 -19.49570  3583.64  8001.62 2.89 2.33  53.1 -0.389 18.82 19.36 01a61099o0084o
61099.260558  20.747  1.118    18   20 o  0   1.41  53.45058 -19.49570  3520.95  7926.63 2.73 2.24  54.7 -0.401 18.83 19.25 01a61099o0105o
61099.272889  19.097  0.421    83   35 o  0   0.85  53.45058 -19.49570  3492.39  8043.80 2.76 2.38  55.5 -0.408 18.24 18.66 01a61099o0132o
61102.791476 -20.049  0.932   -35   32 o  0   0.91  53.45058 -19.49570  7612.15  6390.31 2.49 2.16 -56.5 -0.413 18.42 18.97 03a61103o0103o
61102.795253 -21.354  3.048   -10   32 o  0   0.86  53.45058 -19.49570  7630.79  6428.89 2.64 2.27 -57.0 -0.385 18.37 18.93 03a61103o0111o
61102.801226 -20.219  1.102   -30   33 o  0   0.91  53.45058 -19.49570  7576.44  6349.55 2.54 2.22 -54.0 -0.396 18.33 18.87 03a61103o0124o
61102.810970  21.255  2.887    11   33 o  0   1.06  53.45058 -19.49570  7554.44  6464.10 2.62 2.20 -54.3 -0.388 18.24 18.79 03a61103o0145o
61104.014560 -20.589  1.478   -21   31 o  0   0.82  53.45058 -19.49570  6077.62  2412.45 2.42 2.26 -33.5 -0.436 18.35 19.39 04a61104o0034o
61104.017821 -20.932  1.863   -15   29 o  0   1.10  53.45058 -19.49570  6096.55  2451.82 2.21 2.05 -41.5 -0.486 18.42 19.31 04a61104o0041o
61104.027489 -20.295  4.574   -28  127 o  0   1.00  53.45058 -19.49570  6039.85  2376.33 2.35 2.11 -18.4 -0.466 17.06 17.66 04a61104o0062o
61104.048274 -20.149  2.582   -32   82 o  0   0.96  53.45058 -19.49570  6019.79  2493.03 2.40 2.27 -48.6 -0.420 17.55 18.09 04a61104o0107o
61105.226414 -21.116  1.375   -13   18 o  0   1.26  53.45058 -19.49570  5976.45  2440.26 2.71 2.27  47.0 -0.417 19.00 19.71 01a61105o0033o
61105.230069  22.422  3.481     4   14 o  0   2.01  53.45058 -19.49570  5994.39  2478.46 2.76 2.37  44.5 -0.411 19.09 20.01 01a61105o0041o
61105.235573  22.407  3.808     4   15 o  0   1.29  53.45058 -19.49570  5933.44  2400.69 2.89 2.46  42.7 -0.391 19.11 20.16 01a61105o0053o
61105.247486 -20.234  0.489   -29   14 o  0   1.10  53.45058 -19.49570  5907.31  2517.54 2.68 2.24  47.9 -0.410 19.20 20.18 01a61105o0079o
61107.226694 -19.858  0.729   -41   30 o  0   1.26  53.45058 -19.49570  8992.56  4440.67 2.94 2.67 -64.3 -0.405 18.49 19.59 02a61107o0029o
61107.229897  22.384  7.000     4   28 o  0   0.91  53.45058 -19.49570  8973.16  4402.08 3.09 2.79 -63.6 -0.395 18.59 19.95 02a61107o0036o
61107.241865  20.817  1.268    17   22 o  0   1.44  53.45058 -19.49570  9034.61  4480.29 3.08 2.79 -63.1 -0.399 18.75 20.19 02a61107o0062o
61107.249267 -20.668  1.220   -20   24 o  0   1.02  53.45058 -19.49570  9055.59  4365.12 3.06 2.83 -66.7 -0.395 18.72 20.18 02a61107o0078o
61108.231166 -19.930  0.493   -39   19 c  0   1.28  53.45058 -19.49570   718.95   391.18 2.74 2.34 -65.4 -0.419 18.87 20.39 02a61108o0040c
61108.234813 -22.248  3.875    -5   18 c  0   1.02  53.45058 -19.49570   700.28   351.35 2.81 2.43 -66.6 -0.412 19.01 20.62 02a61108o0048c
61108.240308 -21.190  1.397   -12   17 c  0   1.14  53.45058 -19.49570   760.00   430.86 2.82 2.40 -66.1 -0.410 19.05 20.74 02a61108o0060c
61108.250331 -21.022  1.301   -14   18 c  0   1.00  53.45058 -19.49570   776.65   313.45 2.85 2.35 -64.7 -0.413 19.01 20.69 02a61108o0082c
61108.773079  20.885  0.940    16   15 o  0   1.02  53.45058 -19.49570  8488.46    56.09 2.72 2.48 -57.0 -0.404 19.24 20.77 03a61109o0078o
61108.786910  21.072  1.053    14   14 o  0   1.13  53.45058 -19.49570  8408.05    92.01 2.61 2.36 -51.0 -0.408 19.26 20.78 03a61109o0108o
61108.796558  19.826  0.880    43   38 o  0   0.94  53.45058 -19.49570  9703.09 10266.14 2.99 2.32 -51.2 -0.411 19.17 20.65 03a61109o0129o
61108.799387 -21.730  2.000    -7   15 o  0   1.80  53.45058 -19.49570  9721.67 10306.12 3.30 2.73 -52.5 -0.453 19.11 20.62 03a61109o0135o
61108.804986  19.899  0.631    40   25 o  0   0.96  53.45058 -19.49570  9663.98 10223.44 3.37 2.81 -54.5 -0.449 19.02 20.59 03a61109o0147o
61108.825116 -20.856  1.421   -16   24 o  0   1.21  53.45058 -19.49570  9640.92 10335.82 3.21 2.65 -53.7 -0.464 19.03 20.43 03a61109o0191o
61110.016869 -25.429 85.000    -0   21 c  0   0.85  53.45058 -19.49570  3727.86  9875.18 3.18 2.07 -76.0 -0.374 18.97 20.75 04a61110o0050c
61110.019623 -22.921  8.300    -2   20 c  0   0.78  53.45058 -19.49570  3746.93  9914.79 3.16 2.04 -75.5 -0.389 19.02 20.75 04a61110o0056c
61110.033450  21.308  1.909    11   21 c  0   1.01  53.45058 -19.49570  3687.98  9838.14 3.15 2.07 -75.0 -0.365 19.00 20.76 04a61110o0086c
61110.040323 -21.312  1.705   -11   18 c  0   1.03  53.45058 -19.49570  3667.27  9956.53 3.17 2.03 -77.4 -0.370 18.96 20.76 04a61110o0101c
61111.758255  19.658  5.551    50  276 o  0   0.88  53.45058 -19.49570  8055.89  4340.23 2.61 2.33 -58.7 -0.399 17.34 19.17 03a61112o0052o
