###MJD          m      dm   uJy   duJy F err chi/N     RA       Dec        x        y     maj  min   phi  apfit mag5sig Sky   Obs
61084.530812 -19.479  0.493   -59   29 o  0   4.75 210.91275 -33.97850  7388.36  1746.28 3.13 2.86 -63.1 -0.409 18.73 20.27 02a61084o0680o
61084.539092  20.613  0.938    21   19 o  0  22.62 210.91275 -33.97850  7408.31  1784.97 2.17 2.00 -68.9 -0.437 19.14 20.38 02a61084o0698o
61084.541824 -20.509  1.025   -23   23 o  0  17.31 210.91275 -33.97850  7346.72  1706.26 2.24 2.15 -54.0 -0.425 19.10 20.42 02a61084o0704o
61084.552673 -19.307  0.342   -69   24 o  0  15.16 210.91275 -33.97850  7325.33  1822.38 2.05 1.96 -74.8 -0.429 19.26 20.58 02a61084o0727o
61086.287170 -20.948  2.011   -15   30 o  0   8.63 210.91275 -33.97850  1236.87  3006.62 2.18 2.00  51.2 -0.425 18.94 20.26 04a61086o0581o
61086.290357  19.621  0.609    52   31 o  0   7.90 210.91275 -33.97850  1217.12  2967.67 2.15 1.92  54.0 -0.428 18.97 20.25 04a61086o0588o
61086.296043 -18.675  0.231  -123   28 o  0   7.95 210.91275 -33.97850  1275.70  3047.73 2.19 2.00  57.2 -0.426 18.96 20.27 04a61086o0600o
61086.309052  21.188  1.944    12   24 o  0  20.10 210.91275 -33.97850  1293.03  2932.85 2.20 1.98  53.8 -0.427 19.00 20.37 04a61086o0626o
61089.492832  18.073  0.120   214   26 o  0   5.53 210.91275 -33.97850  7421.59  3977.56 3.02 2.88  54.7 -0.408 18.90 20.50 02a61089o0543o
61089.509251  18.237  0.143   184   26 o  0   3.48 210.91275 -33.97850  7433.10  4014.39 3.26 3.13  82.1 -0.417 18.81 20.58 02a61089o0578o
61089.512931  17.979  0.116   234   27 o  0   5.14 210.91275 -33.97850  7373.83  3936.03 3.33 3.24  23.8 -0.423 18.77 20.59 02a61089o0586o
61089.519317 -18.635  0.227  -128   29 o  0   4.72 210.91275 -33.97850  7353.24  4051.57 3.56 3.46  89.8 -0.472 18.72 20.62 02a61089o0600o
61090.510129  20.150  0.742    32   23 o  0   7.68 210.91275 -33.97850  3562.19  7842.67 2.54 2.46  32.0 -0.407 18.99 20.35 02a61090o0650o
61090.513324  18.063  0.116   216   25 o  0   6.79 210.91275 -33.97850  3580.48  7881.66 2.56 2.39  33.7 -0.406 19.02 20.39 02a61090o0657o
61090.523703 -19.984  0.706   -37   26 o  0   7.55 210.91275 -33.97850  3519.11  7804.45 2.73 2.60  34.3 -0.401 18.95 20.43 02a61090o0679o
61090.530521 -18.195  0.141  -192   27 o  0  12.90 210.91275 -33.97850  3497.21  7920.55 2.61 2.41  33.3 -0.417 19.03 20.44 02a61090o0694o
61091.057650 -17.561  0.042  -343   15 c  0  10.49 210.91275 -33.97850  7036.86  2757.80 2.70 2.45 -57.5 -0.401 19.54 21.69 03a61091o0382c
61091.060957 -17.350  0.049  -417   20 c  0   7.34 210.91275 -33.97850  7020.40  2719.39 2.66 2.44 -56.0 -0.403 19.55 21.68 03a61091o0389c
61091.064583 -17.718  0.051  -297   15 c  0  10.62 210.91275 -33.97850  7077.67  2797.53 2.65 2.40 -56.7 -0.405 19.58 21.67 03a61091o0397c
61091.070169 -17.740  0.040  -291   12 c  0  16.52 210.91275 -33.97850  7102.67  2681.45 2.63 2.37 -57.7 -0.404 19.60 21.67 03a61091o0409c
61092.268436  17.571  0.090   340   30 o  0  17.55 210.91275 -33.97850  1606.31   282.12 2.28 1.93  42.5 -0.456 19.02 20.47 04a61092o0485o
61092.296170 -19.351  0.459   -66   30 o  0  14.05 210.91275 -33.97850  1587.33   243.95 2.22 1.94  39.5 -0.485 19.01 20.51 04a61092o0541o
61092.298378  19.023  0.367    89   33 o  0  25.48 210.91275 -33.97850  1644.32   324.84 2.13 1.87  38.0 -0.482 19.04 20.52 04a61092o0545o
61092.303625  17.792  0.100   277   28 o  0  33.64 210.91275 -33.97850  1662.04   208.99 2.23 1.93  37.6 -0.453 19.03 20.48 04a61092o0556o
61092.304076  16.643  0.137   800  110 o  0  21.30 210.91275 -33.97850  9270.05 10470.19 2.48 1.96 -72.8 -0.486 18.99 20.95 04a61092o0557o
61092.305893 -17.571  0.125  -340   42 o  0  17.27 210.91275 -33.97850  9249.89 10431.76 2.44 1.88 -73.7 -0.548 18.99 20.93 04a61092o0561o
61092.311542  16.369  0.111  1029  115 o  0  12.36 210.91275 -33.97850  9311.65 10510.18 2.31 2.05 -64.1 -0.490 19.02 20.60 04a61092o0573o
61092.319191 -18.127  0.160  -204   33 o  0   6.97 210.91275 -33.97850  9328.19 10393.27 2.24 1.91 -68.2 -0.562 19.04 20.88 04a61092o0589o
61095.525773 -19.367  0.341   -65   22 o  0  19.29 210.91275 -33.97850  5198.63  3651.21 2.00 1.78  28.5 -0.457 19.41 20.75 02a61095o0134o
61096.498474  17.750  0.092   288   27 o  0   6.44 210.91275 -33.97850  9383.71  1673.60 2.36 1.79 -62.3 -0.486 19.05 20.03 02a61096o0615o
61096.501203  20.197  0.866    30   26 o  0   5.62 210.91275 -33.97850  9402.04  1712.31 2.24 1.73 -64.2 -0.493 19.08 20.07 02a61096o0621o
61096.508058  18.028  0.095   223   21 o  0  11.78 210.91275 -33.97850  9342.40  1632.77 2.32 1.75 -64.8 -0.487 19.16 20.23 02a61096o0636o
61096.517982  18.280  0.161   177   28 o  0   8.13 210.91275 -33.97850  9317.95  1749.48 2.28 1.76 -64.6 -0.479 19.26 20.37 02a61096o0657o
61098.258165  18.901  0.330   100   33 o  0  10.11 210.91275 -33.97850  9175.11  5015.23 2.26 2.08 -33.0 -0.463 19.01 20.43 04a61098o0539o
61098.261011  17.756  0.095   287   27 o  0  12.73 210.91275 -33.97850  9155.52  4977.28 2.24 2.11 -59.1 -0.471 19.05 20.50 04a61098o0545o
61098.291815  23.078 12.600     2   27 o  0  10.93 210.91275 -33.97850  9211.43  5059.57 2.31 2.13 -33.5 -0.460 19.11 20.67 04a61098o0605o
61098.296523 -18.712  0.182  -119   22 o  0  12.65 210.91275 -33.97850  9230.51  4943.80 2.31 2.09 -32.3 -0.452 19.13 20.67 04a61098o0615o
61099.554683 -18.041  0.370  -220   82 o  0   1.28 210.91275 -33.97850  9299.96  5003.82 2.71 2.53  20.5 -0.413 17.41 17.50 01a61099o0743o
61099.556510 -19.530  0.897   -56   50 o  0   2.31 210.91275 -33.97850  9280.55  4965.81 2.52 2.42  19.9 -0.427 17.93 18.08 01a61099o0747o
61099.562961  17.688  0.247   305   75 o  0   1.49 210.91275 -33.97850  9340.04  5041.13 2.57 2.53  17.2 -0.434 17.56 17.67 01a61099o0761o
61099.568918  18.798  0.615   110   68 o  0   1.68 210.91275 -33.97850  9360.88  4924.71 2.52 2.47   6.6 -0.440 17.61 17.75 01a61099o0774o
61102.994331  17.710  0.226   299   68 o  0   1.28 210.91275 -33.97850  1154.41  6555.18 2.50 2.19 -59.8 -0.411 17.54 17.60 03a61103o0521o
61102.997920  20.420  2.397    25   59 o  0   3.31 210.91275 -33.97850  1135.60  6516.12 2.42 2.08 -61.1 -0.415 17.97 17.96 03a61103o0527o
61103.005299 -17.713  0.482  -298  144 o  0   1.11 210.91275 -33.97850  1193.46  6596.56 2.46 2.16 -63.8 -0.419 17.07 16.76 03a61103o0542o
61103.017939  17.729  0.400   294  118 o  0   1.72 210.91275 -33.97850  1220.34  6477.82 2.45 2.09 -62.6 -0.423 16.83 16.57 03a61103o0567o
61108.525646  18.298  0.260   174   45 o  0   4.04 210.91275 -33.97850  7380.99  7645.11 2.13 2.03  46.0 -0.448 18.24 19.10 02a61108o0667o
61108.527489  18.144  0.142   201   28 o  0   8.78 210.91275 -33.97850  7399.55  7683.85 2.09 2.01  47.1 -0.449 18.68 19.27 02a61108o0671o
61108.530667  17.877  0.137   256   35 o  0   3.26 210.91275 -33.97850  7336.76  7606.78 2.15 2.00  42.1 -0.444 18.64 19.24 02a61108o0678o
61108.546442  18.616  0.288   130   38 o  0   3.73 210.91275 -33.97850  3229.23  2827.25 2.22 1.97  29.5 -0.446 18.33 19.05 02a61108o0711o
61109.061642  20.362  0.917    26   24 o  0  14.68 210.91275 -33.97850  7316.50  7701.02 2.31 1.99 -50.6 -0.421 18.97 19.57 03a61109o0695o
61109.064664  18.371  0.147   163   24 o  0  11.54 210.91275 -33.97850  7335.87  7740.96 2.27 1.94 -58.1 -0.429 18.96 19.56 03a61109o0701o
61109.095904 -17.904  0.095  -250   24 o  0   9.00 210.91275 -33.97850  7285.60  7660.32 2.52 2.15 -26.0 -0.402 18.89 19.64 03a61109o0768o
61109.101203  20.048  0.630    35   22 o  0   9.88 210.91275 -33.97850  7266.39  7776.99 2.36 2.11 -36.3 -0.407 19.00 19.68 03a61109o0779o
61110.262719 -18.695  0.261  -121   32 o  0   5.64 210.91275 -33.97850  9079.94  3086.84 2.41 2.28 -41.9 -0.413 18.70 19.93 04a61110o0560o
61110.264074 -19.402  0.505   -63   32 o  0   5.17 210.91275 -33.97850  9059.91  3049.73 2.42 2.16 -32.7 -0.420 18.70 19.95 04a61110o0563o
61110.267886  20.968  1.944    15   29 o  0   6.65 210.91275 -33.97850  9118.01  3126.62 2.44 2.22 -33.2 -0.406 18.73 19.94 04a61110o0571o
61110.304707 -18.354  0.188  -165   31 o  0   5.75 210.91275 -33.97850  9135.33  3014.65 2.31 2.14 -29.2 -0.421 18.85 20.10 04a61110o0647o
61111.988525 -21.453  2.448   -10   23 o  0   9.73 210.91275 -33.97850  5061.26  8710.78 2.51 2.11 -47.0 -0.398 19.43 20.76 03a61112o0541o
61111.991275  18.061  0.095   217   20 o  0  13.29 210.91275 -33.97850  5042.62  8672.34 2.47 2.07 -47.8 -0.395 19.41 20.71 03a61112o0547o
61111.997096  19.587  0.386    53   20 o  0  14.16 210.91275 -33.97850  5100.71  8751.15 2.47 2.05 -49.7 -0.405 19.39 20.66 03a61112o0559o
