###MJD          m      dm   uJy   duJy F err chi/N     RA       Dec        x        y     maj  min   phi  apfit mag5sig Sky   Obs
61084.128005  24.558 36.000     0   20 o  0   0.82  96.91088 -54.45669   987.17   749.42 2.23 1.83  40.3 -0.479 19.25 20.89 04a61084o0241o
61084.130905  23.916 20.400     1   20 o  0   0.89  96.91088 -54.45669  1010.49   788.21 2.17 1.95  25.8 -0.533 19.12 20.89 04a61084o0247o
61084.136013 -21.929  3.656    -6   22 o  0   0.74  96.91088 -54.45669   947.07   711.63 2.29 1.82  40.1 -0.469 19.21 20.89 04a61084o0258o
61084.145852  22.396  3.850     4   15 o  0   1.92  96.91088 -54.45669   927.62   831.62 2.32 1.90  46.2 -0.459 19.18 20.91 04a61084o0279o
61085.125512  20.252  0.637    29   18 o  0   1.79  96.91088 -54.45669   989.78   750.73 2.61 1.94  44.0 -0.468 19.13 20.83 04a61085o0237o
61085.128772  20.902  1.349    16   21 o  0   0.94  96.91088 -54.45669  1010.96   789.12 2.63 1.95  44.5 -0.470 19.14 20.80 04a61085o0244o
61085.133820  20.559  0.795    22   17 o  0   1.13  96.91088 -54.45669   950.45   712.91 2.57 1.87  45.2 -0.469 19.18 20.80 04a61085o0255o
61085.145010 -23.382 12.750    -2   20 o  0   0.88  96.91088 -54.45669   933.06   831.96 2.31 1.82  46.7 -0.476 19.19 20.77 04a61085o0279o
61085.844345 -21.636  1.464    -8   12 c  0   0.93  96.91088 -54.45669  9118.57  6745.56 3.51 3.18 -63.1 -0.377 19.43 22.10 03a61086o0186c
61085.847555 -21.643  1.520    -8   12 c  0   0.94  96.91088 -54.45669  9136.40  6785.41 3.77 3.43 -61.0 -0.350 19.33 22.11 03a61086o0193c
61085.853491 -21.015  0.857   -14   12 c  0   0.81  96.91088 -54.45669  9082.18  6703.54 3.55 3.22 -56.0 -0.370 19.40 22.11 03a61086o0206c
61085.863976 -21.669  1.500    -8   12 c  0   1.16  96.91088 -54.45669  9063.54  6818.88 3.78 3.46 -60.7 -0.348 19.38 22.13 03a61086o0229c
61087.105447  21.472  2.293     9   21 o  0   1.01  96.91088 -54.45669  9188.38  6604.93 2.29 2.12 -75.0 -0.458 19.14 20.89 04a61087o0197o
61087.108211  21.176  1.623    12   20 o  0   1.18  96.91088 -54.45669  9205.80  6644.76 2.24 2.10 -29.8 -0.469 19.19 20.89 04a61087o0203o
61087.113303  21.170  1.525    12   19 o  0   1.21  96.91088 -54.45669  9148.44  6563.79 2.10 2.00 -66.3 -0.482 19.21 20.90 04a61087o0214o
61087.122568 -21.355  1.714   -10   18 o  0   0.99  96.91088 -54.45669  9132.05  6679.72 2.26 2.15 -33.9 -0.466 19.16 20.90 04a61087o0233o
61088.118006  20.667  0.723    20   14 o  0   0.98  96.91088 -54.45669  7754.26  2959.26 2.55 2.35 -32.4 -0.390 19.20 20.95 04a61088o0223o
61088.120849  20.598  0.740    21   16 o  0   0.96  96.91088 -54.45669  7773.45  2999.05 2.60 2.46 -32.3 -0.378 19.08 20.96 04a61088o0229o
61088.125930  22.655  5.333     3   17 o  0   0.92  96.91088 -54.45669  7718.77  2920.29 2.82 2.69 -29.1 -0.378 19.06 21.00 04a61088o0240o
61088.135712  22.665  4.688     3   15 o  0   1.00  96.91088 -54.45669  7696.17  3036.05 2.45 2.25 -29.7 -0.396 19.21 20.98 04a61088o0261o
61088.868772 -21.541  1.167    -9   10 c  0   1.01  96.91088 -54.45669  7789.00  3078.56 2.46 2.17 -61.1 -0.417 19.69 21.81 03a61089o0144c
61088.871996 -21.787  1.196    -7    8 c  0   1.50  96.91088 -54.45669  7807.32  3117.60 2.38 2.11 -58.6 -0.416 19.72 21.80 03a61089o0151c
61088.877509 -21.232  0.670   -12    8 c  0   1.84  96.91088 -54.45669  7753.19  3036.44 2.36 2.05 -59.4 -0.420 19.72 21.79 03a61089o0163c
61088.888183  21.548  1.000     9    9 c  0   1.28  96.91088 -54.45669  7731.96  3150.77 2.37 2.09 -58.1 -0.417 19.73 21.78 03a61089o0186c
61090.109417 -22.206  3.682    -5   18 o  0   0.82  96.91088 -54.45669  3520.94  6786.58 2.55 2.14 -67.5 -0.423 19.12 21.11 04a61090o0210o
61090.112224  20.816  0.960    17   16 o  0   1.49  96.91088 -54.45669  3539.59  6824.68 2.47 2.13 -61.4 -0.450 19.12 21.05 04a61090o0216o
61090.117372 -21.144  1.267   -13   16 o  0   1.26  96.91088 -54.45669  3480.94  6748.46 2.49 2.14 -66.1 -0.420 19.11 21.10 04a61090o0227o
61090.132041 -20.668  0.786   -20   15 o  0   1.21  96.91088 -54.45669  3464.05  6865.58 2.37 2.02 -70.8 -0.432 19.13 20.99 04a61090o0258o
61091.858992  22.503  2.400     4    9 c  0   1.15  96.91088 -54.45669  5529.45  9250.81 2.52 2.15 -54.3 -0.397 19.81 22.31 03a61092o0159c
61091.862233 -21.083  0.633   -13    8 c  0   1.03  96.91088 -54.45669  5545.69  9289.72 2.54 2.21 -56.7 -0.391 19.82 22.26 03a61092o0166c
61091.867221  22.174  1.676     5    8 c  0   0.87  96.91088 -54.45669  5496.45  9210.23 2.48 2.19 -55.9 -0.393 19.80 22.24 03a61092o0177c
61091.878743 -22.799  3.053    -3    8 c  0   1.41  96.91088 -54.45669  5477.75  9326.15 2.48 2.17 -59.7 -0.396 19.81 22.16 03a61092o0202c
61093.109426  20.960  1.125    15   17 o  0   0.89  96.91088 -54.45669  5702.46  9204.62 2.32 1.96 -66.2 -0.416 19.14 20.98 04a61093o0209o
61093.112262  21.351  1.667    10   17 o  0   1.26  96.91088 -54.45669  5721.36  9244.00 2.25 1.96 -59.3 -0.426 19.05 20.95 04a61093o0215o
61093.118641  21.182  1.509    12   18 o  0   0.92  96.91088 -54.45669  5669.44  9167.37 2.42 1.99 -70.5 -0.457 19.12 21.00 04a61093o0228o
61093.129299  20.873  1.080    16   18 o  0   1.23  96.91088 -54.45669  5648.61  9282.46 2.29 1.94 -67.6 -0.430 19.11 20.94 04a61093o0251o
61094.106988  21.085  1.171    13   16 o  0   1.25  96.91088 -54.45669  5918.54  2529.63 2.12 2.04 -56.5 -0.468 19.15 20.73 04a61094o0211o
61094.109726  20.941  1.253    15   19 o  0   0.78  96.91088 -54.45669  5939.42  2567.87 2.12 2.04 -80.7 -0.466 19.15 20.74 04a61094o0217o
61094.116918  23.555  9.875     1   14 o  0   1.23  96.91088 -54.45669  5880.80  2491.16 2.10 2.03 -44.3 -0.463 19.13 20.74 04a61094o0232o
61094.126605  19.785  0.342    44   15 o  0   1.23  96.91088 -54.45669  5860.16  2607.79 2.21 2.09 -43.3 -0.454 19.12 20.72 04a61094o0253o
61096.101202 -20.650  1.009   -20   20 o  0   1.11  96.91088 -54.45669  3106.25   588.90 2.23 2.02  38.7 -0.424 18.90 20.32 04a61096o0203o
61096.104954  19.843  0.511    42   22 o  0   1.15  96.91088 -54.45669  3129.60   628.40 2.29 2.02  46.2 -0.419 18.92 20.31 04a61096o0211o
61096.110052  20.770  0.949    18   17 o  0   2.17  96.91088 -54.45669  3067.80   550.84 2.21 1.99  40.6 -0.432 18.91 20.33 04a61096o0222o
61096.121843 -21.697  2.744    -8   21 o  0   1.41  96.91088 -54.45669  3048.31   669.72 2.16 1.98  48.4 -0.435 18.90 20.36 04a61096o0247o
61097.105697 -20.275  1.000   -28   28 o  0   0.91  96.91088 -54.45669  3108.43   589.85 2.45 2.12  48.5 -0.425 18.77 20.08 04a61097o0101o
61097.108908 -20.059  0.698   -34   24 o  0   1.02  96.91088 -54.45669  3130.20   629.30 2.46 2.11  51.4 -0.430 18.74 20.08 04a61097o0108o
61097.114300  21.697  3.400     8   26 o  0   1.18  96.91088 -54.45669  3072.18   552.91 2.42 2.19  44.2 -0.418 18.71 20.08 04a61097o0119o
61097.130015 -20.851  1.500   -17   25 o  0   1.26  96.91088 -54.45669  3050.78   671.27 2.26 1.97  49.2 -0.440 18.82 20.04 04a61097o0153o
61097.858840  22.905  6.444     2   16 o  0   0.91  96.91088 -54.45669  8478.71  4745.20 2.46 2.05 -55.0 -0.411 19.17 20.34 03a61098o0182o
61099.083324  20.514  1.132    23   26 o  0   1.10  96.91088 -54.45669  8586.45  4542.97 2.31 2.11 -26.8 -0.457 18.62 19.64 04a61099o0171o
61099.086129 -23.145 12.300    -2   25 o  0   1.17  96.91088 -54.45669  8605.38  4583.06 2.43 2.15 -20.0 -0.430 18.61 19.65 04a61099o0177o
61099.092803  21.085  1.719    13   23 o  0   1.28  96.91088 -54.45669  8550.75  4503.40 2.47 2.24 -21.5 -0.411 18.59 19.64 04a61099o0191o
61099.104808 -19.871  0.585   -41   24 o  0   1.20  96.91088 -54.45669  8529.59  4618.62 2.38 2.18 -28.4 -0.433 18.62 19.64 04a61099o0217o
61100.105343  20.972  2.093    15   31 o  0   1.31  96.91088 -54.45669  3891.56  8819.65 2.41 1.97 -65.2 -0.424 18.56 19.61 04a61100o0219o
61100.108095  20.246  1.215    29   35 o  0   0.89  96.91088 -54.45669  3910.95  8858.62 2.40 2.00 -57.7 -0.414 18.53 19.57 04a61100o0225o
61100.113230 -20.751  1.839   -18   33 o  0   0.88  96.91088 -54.45669  3856.89  8781.93 2.45 1.91 -72.8 -0.455 18.58 19.61 04a61100o0236o
61100.127418 -20.665  1.412   -20   28 o  0   1.39  96.91088 -54.45669  3839.46  8899.21 2.33 1.86 -69.8 -0.454 18.60 19.59 04a61100o0266o
61100.851638 -20.185  0.807   -31   25 o  0   1.08  96.91088 -54.45669  3736.31  8818.68 3.01 2.50 -43.1 -0.372 18.66 19.54 03a61101o0209o
61100.854429 -20.363  0.977   -26   25 o  0   1.04  96.91088 -54.45669  3754.06  8857.15 3.01 2.48 -40.2 -0.365 18.69 19.56 03a61101o0215o
61100.860957  20.692  1.315    19   25 o  0   1.11  96.91088 -54.45669  3704.59  8780.13 3.05 2.62 -38.2 -0.366 18.64 19.55 03a61101o0229o
61100.870681 -22.150  4.739    -5   24 o  0   1.03  96.91088 -54.45669  3685.36  8896.26 3.10 2.60 -38.5 -0.365 18.60 19.52 03a61101o0250o
61102.089845 -20.263  1.168   -28   33 o  0   1.53  96.91088 -54.45669  9814.95  2960.45 2.73 2.37 -22.9 -0.390 18.26 19.00 04a61102o0188o
61102.092667 -21.429  3.714   -10   36 o  0   1.07  96.91088 -54.45669  9833.46  2999.57 2.66 2.35 -21.4 -0.392 18.26 18.99 04a61102o0194o
61102.097752  22.041  6.682     6   37 o  0   1.02  96.91088 -54.45669  9772.73  2918.92 2.81 2.43 -22.2 -0.371 18.26 18.98 04a61102o0205o
61102.107319 -19.532  0.848   -56   47 o  0   0.74  96.91088 -54.45669  9755.78  3035.84 2.63 2.31 -23.6 -0.393 18.23 18.96 04a61102o0225o
61103.101474 -22.650 11.538    -3   36 o  0   1.57  96.91088 -54.45669  9816.52  2962.44 2.34 2.21 -47.2 -0.414 18.39 19.14 04a61103o0215o
61103.104764  19.870  0.942    41   39 o  0   1.26  96.91088 -54.45669  9837.40  3002.99 2.42 2.30 -40.1 -0.403 18.37 19.14 04a61103o0222o
61103.111431 -21.609  5.571    -8   46 o  0   0.93  96.91088 -54.45669  9778.07  2921.94 2.36 2.15 -84.9 -0.421 18.34 19.09 04a61103o0236o
61103.124085  20.648  2.118    20   42 o  0   1.15  96.91088 -54.45669  9756.63  3037.28 2.47 2.20 -29.9 -0.414 18.37 19.09 04a61103o0263o
61103.840669  20.092  0.601    33   20 o  0   1.20  96.91088 -54.45669  7381.93  9248.80 2.59 2.08 -49.2 -0.421 18.87 19.49 03a61104o0208o
61103.843471 -23.645 16.000    -1   20 o  0   1.18  96.91088 -54.45669  7399.59  9288.81 2.62 2.08 -47.7 -0.422 18.87 19.49 03a61104o0214o
61103.848625  22.679  8.100     3   25 o  0   0.75  96.91088 -54.45669  7347.71  9206.91 2.59 2.05 -47.8 -0.424 18.86 19.47 03a61104o0225o
61103.858736  20.542  1.221    22   27 o  0   0.73  96.91088 -54.45669  7326.89  9321.50 2.65 2.11 -46.8 -0.414 18.82 19.44 03a61104o0245o
61105.097041  19.479  0.450    59   26 o  0   0.85  96.91088 -54.45669  7520.44  9112.13 2.12 1.94 -53.9 -0.395 18.64 19.48 04a61105o0012o
61105.107993 -20.932  2.333   -15   36 o  0   0.69  96.91088 -54.45669  7506.05  9231.33 2.05 1.89 -43.1 -0.427 18.60 19.47 04a61105o0035o
61106.109462 -21.842  3.553    -7   24 o  0   1.28  96.91088 -54.45669  3928.58  2627.71 2.09 2.00  70.4 -0.447 18.65 19.76 04a61106o0238o
61106.115003 -24.617 48.333    -0   25 o  0   1.16  96.91088 -54.45669  3949.23  2668.23 2.07 2.00  61.6 -0.448 18.68 19.75 04a61106o0250o
61106.117885  22.762  8.437     3   24 o  0   1.45  96.91088 -54.45669  3889.55  2589.99 2.08 2.02  67.9 -0.448 18.66 19.73 04a61106o0256o
61106.129418  20.381  0.918    26   24 o  0   1.36  96.91088 -54.45669  3869.08  2709.15 2.06 1.90  75.0 -0.445 18.63 19.71 04a61106o0281o
61106.844007 -20.938  0.863   -15   13 o  0   1.40  96.91088 -54.45669  3936.82  2639.22 2.59 2.36 -63.6 -0.409 19.16 20.40 03a61107o0225o
61106.846709  20.889  1.012    16   16 o  0   1.07  96.91088 -54.45669  3956.05  2676.70 2.81 2.57 -67.0 -0.401 19.04 20.38 03a61107o0231o
61106.852251 -21.434  1.484   -10   14 o  0   0.97  96.91088 -54.45669  3901.27  2598.57 2.55 2.30 -65.9 -0.417 19.15 20.37 03a61107o0243o
61106.862068  22.485  4.462     4   16 o  0   0.73  96.91088 -54.45669  3878.71  2715.90 2.44 2.16 -62.5 -0.423 19.18 20.31 03a61107o0264o
61109.085145  22.305  3.667     4   16 c  0   0.96  96.91088 -54.45669  7328.58  6624.81 2.48 2.19 -57.5 -0.409 19.19 21.25 04a61109o0193c
61109.090335 -21.135  1.167   -13   15 c  0   0.93  96.91088 -54.45669  7348.38  6665.15 2.59 2.22 -57.9 -0.408 19.17 21.23 04a61109o0204c
61109.093127 -20.230  0.503   -29   15 c  0   0.88  96.91088 -54.45669  7291.36  6585.57 2.49 2.20 -61.3 -0.405 19.20 21.23 04a61109o0210c
61109.097466  21.286  1.296    11   14 c  0   0.87  96.91088 -54.45669  7272.97  6702.09 2.52 2.17 -59.5 -0.411 19.17 21.20 04a61109o0219c
61109.820090  21.448  1.205    10   12 o  0   1.23  96.91088 -54.45669  1622.98  6403.09 2.22 1.94 -63.8 -0.428 19.61 21.11 03a61110o0182o
61109.822822  22.761  3.682     3   10 o  0   1.20  96.91088 -54.45669  1640.79  6441.26 2.29 2.01 -64.0 -0.424 19.58 21.12 03a61110o0188o
61109.828269  20.824  0.664    17   11 o  0   1.16  96.91088 -54.45669  1585.98  6364.79 2.30 2.00 -64.6 -0.425 19.56 21.08 03a61110o0200o
61109.838353  22.031  2.190     6   12 o  0   0.93  96.91088 -54.45669  1566.14  6481.04 2.33 2.02 -63.0 -0.423 19.53 21.03 03a61110o0222o
61111.072474 -21.023  0.747   -14   11 c  0   1.31  96.91088 -54.45669  1712.67  6454.89 2.44 2.06  90.0 -0.373 19.29 21.35 04a61111o0167c
61111.075726  21.276  1.136    11   13 c  0   1.19  96.91088 -54.45669  1730.55  6492.18 2.41 2.04 -88.9 -0.373 19.30 21.37 04a61111o0174c
61111.082247  21.750  1.810     7   13 c  0   1.04  96.91088 -54.45669  1673.05  6417.49 2.42 2.05 -88.0 -0.376 19.31 21.31 04a61111o0188c
61111.091772 -21.918  2.111    -6   13 c  0   0.90  96.91088 -54.45669  1657.06  6535.42 2.40 2.06 -85.3 -0.377 19.28 21.26 04a61111o0208c
61112.088422  20.930  0.984    15   15 c  0   1.43  96.91088 -54.45669  9164.30   880.43 2.85 2.40 -26.6 -0.367 19.19 20.96 04a61112o0204c
61112.091299  21.252  1.565    12   18 c  0   0.90  96.91088 -54.45669  9182.18   920.92 2.94 2.38 -26.1 -0.364 19.18 20.91 04a61112o0210c
61112.097851 -22.255  3.722    -5   17 c  0   0.96  96.91088 -54.45669  9123.44   840.59 2.90 2.46 -28.4 -0.359 19.12 20.94 04a61112o0224c
61112.109534  20.513  0.789    23   18 c  0   0.80  96.91088 -54.45669  9101.55   957.61 2.88 2.31 -27.6 -0.362 19.17 20.91 04a61112o0249c
