###MJD          m      dm   uJy   duJy F err chi/N     RA       Dec        x        y     maj  min   phi  apfit mag5sig Sky   Obs
61085.256491  20.902  1.000    16   16 o  0   1.76  37.49987  28.63419  2548.17  8096.93 2.10 2.08 -13.8 -0.432 19.23 20.47 02a61085o0098o
61085.259704  19.688  0.387    48   19 o  0   1.84  37.49987  28.63419  2528.94  8058.36 2.19 2.16 -29.4 -0.430 19.15 20.47 02a61085o0105o
61085.265236  19.589  0.317    53   17 o  0   2.28  37.49987  28.63419  2587.71  8132.95 2.13 2.09 -14.3 -0.426 19.22 20.48 02a61085o0117o
61085.274878  20.288  0.507    28   14 o  0   3.34  37.49987  28.63419  2608.62  8016.24 2.12 2.09 -36.5 -0.426 19.15 20.46 02a61085o0138o
61086.253022  19.202  0.305    76   23 o  0   1.57  37.49987  28.63419  3302.91  2278.42 2.02 2.02 -78.9 -0.443 18.65 19.74 02a61086o0094o
61086.256366 -20.136  1.072   -32   34 o  0   1.27  37.49987  28.63419  3285.96  2237.63 1.96 1.89 -56.6 -0.448 18.19 19.23 02a61086o0101o
61086.261360 -19.205  0.268   -76   20 o  0   2.10  37.49987  28.63419  3345.12  2313.60 2.07 2.02 -87.6 -0.443 18.80 20.00 02a61086o0112o
61090.251932  19.563  0.229    54   12 c  0   1.65  37.49987  28.63419  1331.29  8553.09 3.26 3.05  69.0 -0.356 19.42 21.20 01a61090o0092c
61090.256524  21.553  1.220     9   11 c  0   2.21  37.49987  28.63419  1347.92  8591.54 3.08 2.95  62.1 -0.366 19.45 21.21 01a61090o0102c
61090.264331  20.723  0.602    19   11 c  0   1.84  37.49987  28.63419  1287.62  8510.63 3.04 2.92  72.5 -0.375 19.48 21.21 01a61090o0119c
61090.276692  21.739  1.634     7   12 c  0   1.58  37.49987  28.63419  1260.91  8627.00 3.06 2.96  79.6 -0.372 19.51 21.22 01a61090o0146c
61092.220138 -20.678  1.427   -19   28 o  0   2.13  37.49987  28.63419  7386.08  9779.26 2.37 2.28  57.5 -0.436 18.54 19.45 02a61092o0003o
61092.222853  22.985  9.562     2   22 o  0   1.40  37.49987  28.63419  7366.59  9739.93 2.32 2.27 -81.2 -0.438 18.91 20.05 02a61092o0009o
61092.231497  20.825  1.113    17   19 o  0   1.48  37.49987  28.63419  7418.98  9817.94 2.41 2.18 -57.0 -0.440 19.11 20.36 02a61092o0028o
61092.245417 -19.572  0.778   -54   42 o  0   1.11  37.49987  28.63419  7435.92  9700.97 2.52 2.17 -56.9 -0.445 18.33 19.53 02a61092o0055o
61096.250230 -22.172  4.100    -5   20 o  0   1.53  37.49987  28.63419  9883.40  2303.49 2.44 2.35 -45.2 -0.424 18.85 19.38 01a61096o0077o
61096.253425 -21.277  1.944   -11   22 o  0   1.27  37.49987  28.63419  9902.52  2344.25 2.54 2.18 -62.1 -0.464 18.90 19.35 01a61096o0084o
61096.260812 -20.306  0.799   -27   22 o  0   1.20  37.49987  28.63419  9843.22  2269.53 2.66 2.45 -60.7 -0.425 18.74 19.32 01a61096o0100o
61096.270962  19.707  0.472    48   22 o  0   1.58  37.49987  28.63419  9821.55  2389.06 2.57 2.41 -61.8 -0.422 18.76 19.26 01a61096o0122o
61099.228004 -20.109  0.808   -33   26 o  0   1.57  37.49987  28.63419  1434.41  4336.55 2.04 1.98  55.9 -0.464 18.64 19.20 02a61099o0031o
61099.231686 -21.059  1.861   -14   26 o  0   3.12  37.49987  28.63419  1415.82  4297.59 2.11 2.04  60.8 -0.456 18.60 19.13 02a61099o0039o
61099.237146 -21.018  1.948   -14   28 o  0   1.26  37.49987  28.63419  1475.58  4372.36 2.10 1.92 -64.8 -0.469 18.55 19.07 02a61099o0051o
61099.247864 -19.793  0.633   -44   28 o  0   0.88  37.49987  28.63419  1493.45  4252.62 2.07 1.90 -65.7 -0.475 18.65 19.27 02a61099o0074o
61103.229495 -20.628  2.196   -20   45 o  0   1.47  37.49987  28.63419  6332.99  5958.29 2.44 2.31  42.3 -0.433 18.05 18.60 02a61103o0038o
61103.232691 -21.251  3.447   -12   40 o  0   1.24  37.49987  28.63419  6312.95  5919.82 2.30 2.11  33.5 -0.428 18.18 18.74 02a61103o0045o
61103.238167 -20.278  1.128   -28   32 o  0   2.26  37.49987  28.63419  6372.31  5996.72 2.31 2.17  38.1 -0.440 18.09 18.61 02a61103o0057o
61103.249296 -19.110  0.515   -82   42 o  0   1.97  37.49987  28.63419  6393.26  5879.70 2.45 2.34  34.7 -0.416 17.85 18.35 02a61103o0081o
61104.229944  21.066  1.633    14   22 o  0   2.36  37.49987  28.63419  5477.30  9847.90 2.42 2.25 -52.7 -0.430 18.79 19.83 02a61104o0037o
61104.233156 -19.166  0.281   -78   22 o  0   1.45  37.49987  28.63419  5457.88  9808.32 2.43 2.21 -54.6 -0.435 18.97 20.07 02a61104o0044o
61104.238644 -22.515  5.391    -4   19 o  0   1.63  37.49987  28.63419  5517.91  9885.15 2.45 2.22 -53.2 -0.431 19.01 20.18 02a61104o0056o
61104.250440 -22.637  7.857    -3   25 o  0   1.48  37.49987  28.63419  5536.94  9768.74 2.44 2.20 -55.1 -0.428 18.77 19.70 02a61104o0081o
61105.230422  21.811  3.224     7   22 o  0   1.20  37.49987  28.63419  5477.59  9842.24 2.32 2.13 -57.0 -0.427 18.92 19.86 02a61105o0036o
61105.233636  18.656  0.130   125   16 o  0   6.67  37.49987  28.63419  5457.00  9801.93 2.27 2.05 -55.8 -0.438 19.00 20.03 02a61105o0043o
61105.239159 -19.124  0.299   -81   24 o  0   1.36  37.49987  28.63419  5515.73  9879.39 2.39 2.16 -56.7 -0.436 18.96 20.12 02a61105o0055o
61105.250864  19.716  0.435    47   20 o  0   1.44  37.49987  28.63419  5533.97  9760.00 2.34 2.15 -56.7 -0.429 18.98 20.08 02a61105o0080o
61108.225345 -20.088  0.667   -34   22 o  0   1.64  37.49987  28.63419  5289.55  8425.63 2.71 2.42  55.3 -0.395 18.82 19.38 01a61108o0025o
61108.230388 -20.166  0.535   -31   17 o  0   1.77  37.49987  28.63419  5229.53  8347.71 2.63 2.32  55.4 -0.398 19.04 19.75 01a61108o0036o
