###MJD          m      dm   uJy   duJy F err chi/N     RA       Dec        x        y     maj  min   phi  apfit mag5sig Sky   Obs
61084.158565 -22.750  5.588    -3   16 o  0   1.14 112.03342 -62.35803  2471.58  5862.55 2.28 1.99 -70.8 -0.413 19.20 20.83 04a61084o0306o
61084.161337 -20.976  1.358   -15   20 o  0   0.81 112.03342 -62.35803  2491.54  5900.09 2.33 2.06 -71.9 -0.419 19.19 20.86 04a61084o0312o
61084.167851 -21.235  1.309   -12   15 o  0   1.03 112.03342 -62.35803  2434.90  5825.42 2.27 2.01 -73.7 -0.413 19.23 20.88 04a61084o0326o
61084.177503 -20.017  0.414   -36   15 o  0   1.27 112.03342 -62.35803  2416.99  5943.61 2.27 2.03 -73.0 -0.423 19.21 20.86 04a61084o0347o
61085.149589 -24.241 25.250    -1   18 o  0   0.97 112.03342 -62.35803  2476.77  5863.25 2.40 2.13 -79.6 -0.389 19.15 20.77 04a61085o0289o
61085.152837 -21.134  1.632   -13   21 o  0   0.56 112.03342 -62.35803  2495.69  5901.02 2.41 2.15 -78.9 -0.393 19.10 20.76 04a61085o0296o
61085.158058  20.394  0.655    25   17 o  0   1.08 112.03342 -62.35803  2438.42  5826.33 2.27 2.02 -76.3 -0.405 19.14 20.73 04a61085o0307o
61085.169621 -23.436 10.556    -2   16 o  0   1.36 112.03342 -62.35803  2420.49  5943.17 2.30 1.99 -74.4 -0.402 19.17 20.66 04a61085o0332o
61085.870793  20.869  0.687    16   11 c  0   0.96 112.03342 -62.35803  6387.33  1549.54 3.26 3.02 -61.2 -0.377 19.43 22.12 03a61086o0244c
61085.874407  19.083  0.136    84   12 c  0   2.34 112.03342 -62.35803  6407.12  1589.48 3.43 3.28 -66.2 -0.365 19.40 22.10 03a61086o0252c
61085.880791 -21.511  1.385    -9   12 c  0   1.42 112.03342 -62.35803  6349.33  1508.74 3.07 2.90 -54.4 -0.382 19.55 22.10 03a61086o0266c
61085.891837  21.515  1.136     9   10 c  0   1.32 112.03342 -62.35803  6328.98  1625.55 2.91 2.67 -59.1 -0.387 19.57 22.09 03a61086o0290c
61087.138328  20.552  0.848    22   18 o  0   1.22 112.03342 -62.35803  6309.81  1472.40 2.23 2.18 -56.4 -0.461 19.18 20.88 04a61087o0266o
61087.141732  24.586 32.000     0   17 o  0   1.00 112.03342 -62.35803  6328.27  1511.30 2.15 2.11 -73.0 -0.462 19.20 20.89 04a61087o0273o
61087.147901  21.395  2.127    10   21 o  0   0.64 112.03342 -62.35803  6269.61  1432.91 2.15 2.14  35.5 -0.469 19.19 20.87 04a61087o0286o
61087.159440  20.089  0.534    34   18 o  0   1.45 112.03342 -62.35803  6248.01  1549.33 2.16 2.13   1.9 -0.456 19.20 20.89 04a61087o0311o
61088.136187  20.622  1.238    20   25 o  0   0.93 112.03342 -62.35803  8861.15  8177.26 2.62 2.32 -64.8 -0.443 19.18 21.00 04a61088o0262o
61088.139430  20.146  0.612    32   19 o  0   1.64 112.03342 -62.35803  8880.38  8217.73 2.54 2.26 -71.3 -0.463 19.21 20.97 04a61088o0269o
61088.145610  19.741  0.459    46   21 o  0   1.50 112.03342 -62.35803  8824.39  8135.33 2.38 2.20 -57.4 -0.467 19.14 20.90 04a61088o0282o
61088.155744  20.771  1.224    18   22 o  0   1.24 112.03342 -62.35803  8806.55  8251.96 2.43 2.25 -53.3 -0.456 19.19 20.91 04a61088o0304o
61088.891408 -21.353  1.333   -10   14 c  0   0.61 112.03342 -62.35803  8744.58  8314.53 2.49 2.21 -59.9 -0.405 19.74 21.78 03a61089o0193c
61088.894746 -21.065  0.700   -14   10 c  0   1.11 112.03342 -62.35803  8762.25  8356.06 2.52 2.19 -58.5 -0.405 19.74 21.77 03a61089o0200c
61088.900279  22.419  3.200     4   12 c  0   0.88 112.03342 -62.35803  8712.76  8273.00 2.57 2.22 -59.7 -0.399 19.72 21.75 03a61089o0212c
61088.910462  20.967  0.866    15   13 c  0   0.56 112.03342 -62.35803  8690.61  8386.74 2.55 2.18 -62.1 -0.406 19.73 21.76 03a61089o0234c
61090.125717 -24.288 32.667    -1   23 o  0   0.74 112.03342 -62.35803  9950.62  1953.29 2.39 2.28 -49.1 -0.404 19.10 20.79 04a61090o0245o
61090.128478  20.825  1.288    17   22 o  0   1.32 112.03342 -62.35803  9969.96  1994.13 2.36 2.25 -52.3 -0.416 19.12 20.83 04a61090o0251o
61090.134332 -23.247 11.250    -2   20 o  0   1.26 112.03342 -62.35803  9910.72  1911.61 2.30 2.23 -43.5 -0.421 19.17 20.79 04a61090o0263o
61090.139405  19.397  0.516    63   33 o  0   0.47 112.03342 -62.35803   110.86  1926.06 2.28 2.02  51.1 -0.468 19.10 20.80 04a61090o0274o
61090.142150 -20.529  1.064   -22   24 o  0   0.72 112.03342 -62.35803   131.89  1963.46 2.23 2.02  47.8 -0.476 19.10 20.75 04a61090o0280o
61090.146289  20.506  1.021    23   23 o  0   0.96 112.03342 -62.35803  9890.29  2027.79 2.38 2.24 -37.9 -0.410 19.13 20.73 04a61090o0289o
61090.150420 -24.404 54.000    -1   34 o  0   0.74 112.03342 -62.35803    69.28  1890.20 2.37 1.92  44.3 -0.461 19.09 20.69 04a61090o0298o
61090.161091 -21.977  6.231    -6   37 o  0   0.91 112.03342 -62.35803    51.33  2008.52 2.47 1.95  45.6 -0.454 19.08 20.69 04a61090o0321o
61091.152987 -21.213  1.978   -12   24 o  0   0.91 112.03342 -62.35803  9916.94  1913.20 2.48 2.36 -72.1 -0.412 19.12 20.81 04a61091o0124o
61091.153455 -21.967  4.300    -6   26 o  0   0.68 112.03342 -62.35803   115.72  1926.86 2.22 1.93  51.8 -0.459 19.11 20.76 04a61091o0125o
61091.156207 -20.553  1.340   -22   29 o  0   0.48 112.03342 -62.35803   136.01  1964.05 2.32 1.95  45.7 -0.449 19.10 20.79 04a61091o0131o
61091.163545 -20.589  1.132   -21   24 o  0   1.19 112.03342 -62.35803  9898.10  2031.45 2.34 2.21 -45.3 -0.420 19.12 20.77 04a61091o0146o
61091.164937  21.584  3.789     8   32 o  0   1.16 112.03342 -62.35803    75.85  1891.91 2.38 1.93  45.7 -0.461 19.12 20.68 04a61091o0149o
61091.175206  20.836  2.193    17   37 o  0   0.98 112.03342 -62.35803    57.53  2009.36 2.12 1.97 -40.4 -0.510 19.01 20.57 04a61091o0171o
61091.894434 -22.299  2.182    -4   10 c  0   1.08 112.03342 -62.35803  2925.33  4184.11 2.30 2.13 -61.4 -0.406 19.78 21.92 03a61092o0236c
61091.897623 -22.349  2.394    -4   10 c  0   1.01 112.03342 -62.35803  2944.29  4222.94 2.25 2.07 -59.0 -0.410 19.79 21.90 03a61092o0243c
61091.903091  20.673  0.601    20   12 c  0   0.97 112.03342 -62.35803  2888.26  4145.86 2.26 2.08 -59.2 -0.409 19.78 21.87 03a61092o0255c
61091.913238 -22.496  3.071    -4   11 c  0   0.82 112.03342 -62.35803  2869.25  4261.57 2.27 2.11 -59.0 -0.406 19.75 21.83 03a61092o0277c
61093.148407  22.346  4.348     4   18 o  0   0.93 112.03342 -62.35803  2950.54  4200.76 2.21 2.11 -75.0 -0.429 19.10 20.70 04a61093o0292o
61093.151219  22.442  5.909     4   23 o  0   0.67 112.03342 -62.35803  2969.48  4239.02 2.20 2.08 -79.6 -0.415 19.11 20.72 04a61093o0298o
61093.156801  21.464  1.526     9   14 o  0   1.31 112.03342 -62.35803  2911.60  4164.02 2.14 2.03 -88.7 -0.415 19.16 20.71 04a61093o0310o
61093.166628 -21.034  1.368   -14   19 o  0   0.87 112.03342 -62.35803  2894.53  4281.06 2.13 1.98 -86.0 -0.415 19.15 20.73 04a61093o0331o
61094.133688  20.016  0.565    36   20 o  0   1.49 112.03342 -62.35803  7326.05  7701.09 2.25 1.98 -58.2 -0.453 19.13 20.74 04a61094o0268o
61094.136625 -20.414  0.984   -25   24 o  0   0.72 112.03342 -62.35803  7344.13  7740.08 2.10 1.91 -59.1 -0.497 19.12 20.71 04a61094o0274o
61094.141713  20.723  1.217    19   23 o  0   1.02 112.03342 -62.35803  7288.52  7660.44 2.14 1.95 -52.1 -0.509 19.08 20.68 04a61094o0285o
61094.153402 -22.235  6.048    -5   28 o  0   0.60 112.03342 -62.35803  7272.77  7776.40 2.19 1.94 -70.6 -0.554 19.00 20.67 04a61094o0310o
61096.131638 -20.579  1.147   -21   24 o  0   0.67 112.03342 -62.35803  4425.67  5716.32 2.32 2.05 -60.0 -0.437 18.91 20.34 04a61096o0268o
61096.134909  24.131 31.000     1   25 o  0   1.03 112.03342 -62.35803  4447.21  5755.81 2.25 2.01 -60.3 -0.448 18.94 20.34 04a61096o0275o
61096.141077 -21.175  1.646   -12   20 o  0   1.36 112.03342 -62.35803  4388.97  5678.64 2.20 2.00 -67.3 -0.449 18.96 20.40 04a61096o0288o
61096.153349  21.976  3.909     6   23 o  0   1.27 112.03342 -62.35803  4370.99  5795.13 2.19 1.95 -70.1 -0.445 19.01 20.47 04a61096o0314o
61097.133234 -20.884  1.518   -16   24 o  0   0.81 112.03342 -62.35803  4428.25  5717.65 2.39 2.08 -71.9 -0.424 18.78 20.08 04a61097o0160o
61097.136028  23.026 11.500     2   26 o  0   0.94 112.03342 -62.35803  4447.26  5756.25 2.30 2.08 -72.5 -0.424 18.79 20.09 04a61097o0166o
61097.141536 -22.813  9.143    -3   25 o  0   1.46 112.03342 -62.35803  4391.01  5679.18 2.33 2.10 -74.7 -0.429 18.75 20.10 04a61097o0178o
61097.151879  20.272  0.949    28   27 o  0   0.90 112.03342 -62.35803  4371.46  5795.08 2.26 2.03 -72.0 -0.429 18.80 20.09 04a61097o0200o
61097.858386  19.676  0.439    49   22 o  0   1.52 112.03342 -62.35803  9894.92 10004.12 2.97 2.19 -47.6 -0.471 19.21 20.36 03a61098o0181o
61097.861106 -24.890 65.500    -0   26 o  0   1.15 112.03342 -62.35803  9912.07 10045.40 2.96 2.23 -50.0 -0.473 19.18 20.37 03a61098o0187o
61097.866593 -20.362  0.837   -26   22 o  0   1.11 112.03342 -62.35803  9862.25  9960.68 2.85 2.06 -46.4 -0.476 19.27 20.36 03a61098o0199o
61097.875120  20.659  1.243    20   25 o  0   2.09 112.03342 -62.35803  1141.96  9640.56 2.64 2.33 -46.6 -0.440 19.22 20.37 03a61098o0217o
61097.876943 -20.934  1.776   -15   27 o  0   0.87 112.03342 -62.35803  9845.95 10078.50 2.98 2.26 -47.4 -0.466 19.17 20.35 03a61098o0221o
61097.878309  20.544  1.024    22   22 o  0   1.06 112.03342 -62.35803  1159.11  9680.08 2.65 2.32 -49.2 -0.445 19.18 20.36 03a61098o0224o
61097.883793 -23.023  8.286    -2   19 o  0   1.27 112.03342 -62.35803  1107.74  9603.61 2.47 2.23 -41.6 -0.451 19.26 20.34 03a61098o0236o
61097.894073  20.697  0.948    19   18 o  0   1.86 112.03342 -62.35803  1086.17  9720.98 2.52 2.23 -45.3 -0.455 19.21 20.32 03a61098o0258o
61099.112472  22.450 12.077     4   46 o  0   0.72 112.03342 -62.35803 10094.22  9844.85 2.55 2.32  20.5 -0.475 18.62 19.73 04a61099o0233o
61099.115359 -20.172  1.461   -31   45 o  0   0.97 112.03342 -62.35803 10112.93  9885.71 2.40 2.32  81.6 -0.521 18.61 19.69 04a61099o0239o
61099.122366 -20.174  1.587   -31   49 o  0   0.81 112.03342 -62.35803 10058.00  9802.90 2.33 2.25 -83.3 -0.507 18.66 19.67 04a61099o0254o
61099.128321 -25.545 154.000    -0   34 o  0   0.78 112.03342 -62.35803  1312.63  9718.56 2.85 1.98 -73.1 -0.395 18.58 19.69 04a61099o0267o
61099.131204 -21.812  3.645    -7   25 o  0   1.05 112.03342 -62.35803  1329.67  9756.73 2.89 1.98 -75.0 -0.404 18.65 19.68 04a61099o0273o
61099.133991  20.098  1.711    33   57 o  0   1.33 112.03342 -62.35803 10045.67  9920.98 1.84 1.79 -32.3 -0.693 18.55 19.62 04a61099o0279o
61099.136324 -20.615  1.490   -21   31 o  0   0.89 112.03342 -62.35803  1278.24  9681.70 2.84 1.95 -74.3 -0.395 18.61 19.65 04a61099o0284o
61099.146039 -22.305  7.667    -4   33 o  0   0.69 112.03342 -62.35803  1257.78  9800.15 2.74 1.96 -71.4 -0.401 18.62 19.67 04a61099o0305o
61100.137298  20.178  1.105    31   34 o  0   0.62 112.03342 -62.35803  1355.74  3888.85 2.31 2.00  58.4 -0.395 18.60 19.51 04a61100o0287o
61100.141140 -21.467  2.768    -9   26 o  0   1.08 112.03342 -62.35803  1373.94  3925.86 2.36 1.96  58.8 -0.387 18.58 19.52 04a61100o0295o
61100.147711 -21.177  2.338   -12   29 o  0   0.79 112.03342 -62.35803  1314.28  3851.21 2.27 1.98  61.3 -0.391 18.60 19.53 04a61100o0309o
61100.158123  20.398  1.277    25   32 o  0   0.57 112.03342 -62.35803  1295.57  3969.11 2.18 1.97  62.9 -0.401 18.58 19.52 04a61100o0331o
61100.880274  21.888  4.553     6   29 o  0   0.84 112.03342 -62.35803  1344.73  3828.42 2.60 2.29 -65.5 -0.404 18.71 19.50 03a61101o0271o
61100.883477 -21.469  2.981    -9   28 o  0   0.94 112.03342 -62.35803  1363.26  3865.94 2.67 2.37 -64.6 -0.400 18.66 19.50 03a61101o0278o
61100.889884 -20.207  0.789   -30   24 o  0   1.22 112.03342 -62.35803  1307.56  3790.43 2.63 2.32 -69.4 -0.405 18.68 19.51 03a61101o0292o
61100.900904 -21.292  2.507   -11   28 o  0   0.88 112.03342 -62.35803  1286.84  3907.06 2.50 2.22 -70.3 -0.400 18.73 19.50 03a61101o0316o
61102.123354  19.866  0.974    41   40 o  0   0.90 112.03342 -62.35803  1763.60  8030.81 2.74 2.13 -76.0 -0.376 18.18 18.92 04a61102o0260o
61102.126119  19.737  0.885    46   41 o  0   0.90 112.03342 -62.35803  1781.61  8069.29 2.64 2.07 -75.5 -0.389 18.19 18.90 04a61102o0266o
61102.132177 -20.680  1.989   -19   39 o  0   0.94 112.03342 -62.35803  1728.27  7994.49 2.71 2.11 -75.2 -0.371 18.15 18.90 04a61102o0279o
61102.143497  19.964  1.118    38   42 o  0   0.60 112.03342 -62.35803  1708.52  8111.79 2.67 2.07 -75.9 -0.376 18.19 18.87 04a61102o0303o
61103.134772 -23.186 17.800    -2   34 o  0   0.97 112.03342 -62.35803  1765.11  8031.67 2.56 1.99 -69.7 -0.393 18.30 19.08 04a61103o0286o
61103.137583 -20.881  2.326   -16   38 o  0   0.89 112.03342 -62.35803  1783.55  8069.88 2.47 1.96 -71.0 -0.403 18.35 19.06 04a61103o0292o
61103.142608  20.909  2.059    16   32 o  0   1.49 112.03342 -62.35803  1727.60  7994.37 2.50 1.96 -74.9 -0.397 18.32 19.08 04a61103o0303o
61103.153761  20.446  1.576    24   38 o  0   0.97 112.03342 -62.35803  1710.99  8112.65 2.51 1.95 -76.8 -0.391 18.36 19.06 04a61103o0327o
61103.869744 -19.912  0.489   -39   19 o  0   1.47 112.03342 -62.35803  4900.53  4110.35 2.22 2.00 -61.5 -0.415 18.80 19.34 03a61104o0269o
61103.872925 -20.594  1.135   -21   24 o  0   0.81 112.03342 -62.35803  4920.31  4149.66 2.22 1.98 -64.9 -0.420 18.78 19.33 03a61104o0276o
61103.879605  21.419  2.461    10   24 o  0   0.78 112.03342 -62.35803  4864.72  4071.21 2.23 1.98 -61.8 -0.420 18.76 19.32 03a61104o0290o
61103.889201 -19.621  1.928   -52   99 o  0   0.96 112.03342 -62.35803  4843.91  4185.26 2.40 2.17 -64.4 -0.413 16.87 16.99 03a61104o0311o
61105.116032 -21.936  5.029    -6   31 o  0   0.94 112.03342 -62.35803  4928.83  4073.10 2.12 2.02 -64.2 -0.455 18.54 19.44 04a61105o0052o
61105.118815 -22.431  6.591    -4   26 o  0   1.36 112.03342 -62.35803  4949.54  4112.07 2.12 2.03 -47.3 -0.454 18.54 19.45 04a61105o0058o
61105.128344  21.405  2.828    10   28 o  0   1.18 112.03342 -62.35803  4894.76  4037.13 2.03 1.94 -63.5 -0.442 18.55 19.38 04a61105o0078o
61105.139002  20.504  1.511    23   34 o  0   0.88 112.03342 -62.35803  4872.69  4152.60 2.08 1.98 -72.6 -0.459 18.54 19.34 04a61105o0101o
61106.121591 -21.972  5.133    -6   30 o  0   0.84 112.03342 -62.35803  5477.59  7750.62 2.30 1.97 -66.3 -0.423 18.63 19.64 04a61106o0264o
61106.124326 -20.123  0.865   -32   28 o  0   1.18 112.03342 -62.35803  5496.70  7790.11 2.31 1.96 -68.9 -0.423 18.63 19.64 04a61106o0270o
61106.131261  19.996  0.903    36   33 o  0   0.75 112.03342 -62.35803  5440.70  7712.53 2.23 1.93 -69.5 -0.423 18.63 19.63 04a61106o0285o
61106.141083  20.675  1.470    20   29 o  0   0.91 112.03342 -62.35803  5423.47  7828.37 2.28 1.96 -67.5 -0.428 18.64 19.62 04a61106o0306o
61106.867096  19.907  0.477    40   19 o  0   0.87 112.03342 -62.35803  5349.23  7792.80 2.66 2.36 -48.5 -0.390 19.15 20.30 03a61107o0275o
61106.869825  20.345  0.792    26   21 o  0   0.76 112.03342 -62.35803  5368.08  7830.93 2.62 2.30 -45.8 -0.392 19.19 20.29 03a61107o0281o
61106.874905 -20.858  1.106   -16   18 o  0   1.21 112.03342 -62.35803  5314.91  7749.83 2.89 2.60 -48.8 -0.381 19.03 20.29 03a61107o0292o
61106.885392  22.049  4.067     6   22 o  0   0.91 112.03342 -62.35803  5294.78  7863.60 2.82 2.52 -49.1 -0.381 19.04 20.24 03a61107o0315o
61109.124410 -19.590  0.537   -53   28 o  0   0.86 112.03342 -62.35803  4281.51  1557.88 2.19 2.04  48.0 -0.444 18.55 19.78 04a61109o0265o
61109.129635  20.498  0.949    23   22 o  0   1.00 112.03342 -62.35803  4304.20  1597.92 2.16 2.02  61.1 -0.455 18.95 20.31 04a61109o0276o
61109.132436  23.493 15.500     2   23 o  0   1.22 112.03342 -62.35803  4243.32  1520.09 2.11 1.95  46.3 -0.447 18.94 20.25 04a61109o0282o
61109.142781  22.061  5.520     5   30 o  0   0.95 112.03342 -62.35803  4223.52  1638.29 2.07 1.94  62.1 -0.448 18.63 19.83 04a61109o0304o
61109.831965  21.860  1.907     6   12 o  0   1.05 112.03342 -62.35803  8458.33  1604.28 2.17 1.93 -56.7 -0.436 19.55 21.02 03a61110o0208o
61109.835186  20.642  0.732    20   15 o  0   0.76 112.03342 -62.35803  8475.55  1644.80 2.19 1.94 -56.4 -0.436 19.57 21.00 03a61110o0215o
61109.841549  22.431  3.818     4   15 o  0   0.91 112.03342 -62.35803  8420.06  1562.04 2.14 1.89 -56.2 -0.439 19.55 20.99 03a61110o0229o
61109.851198 -23.259  8.071    -2   15 o  0   0.91 112.03342 -62.35803  8396.19  1676.28 2.24 2.01 -55.2 -0.430 19.51 20.96 03a61110o0250o
61111.094985  22.759  5.923     3   17 c  0   0.78 112.03342 -62.35803  8423.89  1461.86 2.71 2.31 -17.1 -0.371 19.26 21.33 04a61111o0215c
61111.097725  20.432  0.606    24   15 c  0   1.08 112.03342 -62.35803  8442.04  1501.38 2.70 2.34 -15.3 -0.375 19.26 21.34 04a61111o0221c
61111.104801  19.758  0.330    45   15 c  0   1.24 112.03342 -62.35803  8382.84  1421.16 2.64 2.20 -18.5 -0.381 19.32 21.33 04a61111o0235c
61111.114505  22.281  3.789     4   17 c  0   1.01 112.03342 -62.35803  8362.78  1536.68 2.67 2.51 -16.6 -0.362 19.23 21.30 04a61111o0256c
61112.105297 -21.933  3.154    -6   19 c  0   0.72 112.03342 -62.35803  9843.18  6126.18 2.72 2.32 -21.4 -0.403 19.17 20.95 04a61112o0240c
61112.108583  19.860  0.467    41   19 c  0   1.17 112.03342 -62.35803  9862.54  6166.79 2.79 2.22 -19.9 -0.399 19.15 20.93 04a61112o0247c
61112.117481  20.277  0.647    28   18 c  0   0.82 112.03342 -62.35803  9806.61  6085.63 2.75 2.31 -19.3 -0.405 19.14 20.98 04a61112o0266c
61112.119776 -20.268  0.595   -28   17 c  0   0.74 112.03342 -62.35803   596.15  6072.57 2.49 2.16  77.6 -0.375 19.18 20.94 04a61112o0271c
61112.122640 -21.062  1.236   -14   17 c  0   0.92 112.03342 -62.35803   615.33  6109.70 2.48 2.14  76.8 -0.376 19.15 20.97 04a61112o0277c
61112.129571  23.755 14.667     1   17 c  0   1.09 112.03342 -62.35803   557.87  6036.18 2.49 2.15  71.8 -0.379 19.15 20.93 04a61112o0292c
61112.130039 -20.257  0.661   -29   19 c  0   0.85 112.03342 -62.35803  9787.75  6200.05 2.68 2.30 -22.9 -0.411 19.16 20.92 04a61112o0293c
