###MJD          m      dm   uJy   duJy F err chi/N     RA       Dec        x        y     maj  min   phi  apfit mag5sig Sky   Obs
61084.247577  18.810  0.199   109   22 o  0   6.49 193.45112 -39.69710  6974.71  7925.35 2.29 1.98 -60.1 -0.454 19.27 20.96 04a61084o0495o
61084.250357  19.245  0.288    73   21 o  0   2.66 193.45112 -39.69710  6954.00  7887.35 2.19 2.02 -63.3 -0.446 19.24 20.99 04a61084o0501o
61084.256260  19.165  0.353    78   28 o  0   2.88 193.45112 -39.69710  7014.45  7964.80 2.27 2.03 -54.0 -0.449 19.19 20.95 04a61084o0513o
61084.281807  19.695  0.553    48   27 o  0   0.66 193.45112 -39.69710  7035.19  7852.00 2.21 2.02 -50.2 -0.468 19.17 20.91 04a61084o0563o
61085.259358  18.708  0.243   119   29 o  0   4.34 193.45112 -39.69710  6979.10  7927.76 2.15 2.01 -47.9 -0.464 19.14 20.66 04a61085o0520o
61085.272547  20.839  1.409    17   24 o  0   3.80 193.45112 -39.69710  6956.54  7897.59 2.19 1.96 -60.8 -0.441 19.20 20.75 04a61085o0546o
61085.276298  20.904  1.864    16   29 o  0   4.34 193.45112 -39.69710  7017.14  7974.50 2.26 1.94 -58.1 -0.467 19.15 20.76 04a61085o0554o
61085.281784  19.760  0.463    45   21 o  0   1.64 193.45112 -39.69710  7039.52  7853.15 2.10 1.95 -57.0 -0.458 19.20 20.76 04a61085o0565o
61087.266441  19.507  0.351    57   20 o  0   1.79 193.45112 -39.69710  5892.74  2138.82 2.16 2.13 -86.6 -0.459 19.25 20.90 04a61087o0538o
61087.269415 -25.063 56.000    -0   19 o  0   2.01 193.45112 -39.69710  5872.65  2101.51 2.12 2.09 -61.6 -0.464 19.25 20.90 04a61087o0544o
61087.276908  24.964 64.500     0   24 o  0   2.51 193.45112 -39.69710  5926.57  2183.61 2.17 2.08 -79.5 -0.474 19.23 20.90 04a61087o0560o
61087.287189 -19.707  0.500   -48   24 o  0   1.90 193.45112 -39.69710  5943.83  2068.45 2.16 2.12 -15.3 -0.480 19.24 20.89 04a61087o0582o
61088.266225  21.977  3.471     6   20 o  0   6.42 193.45112 -39.69710  2751.22  5709.55 2.33 2.14  88.3 -0.401 19.14 20.81 04a61088o0540o
61088.269013 -20.597  0.865   -21   18 o  0   1.24 193.45112 -39.69710  2730.53  5670.81 2.30 2.08 -77.7 -0.398 19.17 20.85 04a61088o0546o
61088.293791  22.028  3.278     6   18 o  0   0.93 193.45112 -39.69710  2786.67  5749.83 2.21 2.01 -78.6 -0.400 19.15 20.70 04a61088o0598o
61088.299363 -19.909  0.360   -40   14 o  0   1.76 193.45112 -39.69710  2806.07  5634.96 2.27 2.04 -80.6 -0.404 19.13 20.79 04a61088o0610o
61088.985757 -22.783  3.850    -3   11 c  0   1.48 193.45112 -39.69710  2761.41  5608.07 2.40 2.17 -60.4 -0.399 19.71 21.76 03a61089o0397c
61088.988604  16.761  0.016   717   11 c  0 202.52 193.45112 -39.69710  2742.74  5569.04 2.44 2.22 -58.3 -0.396 19.72 21.74 03a61089o0403c
61088.992796 -20.762  0.685   -18   12 c  0   0.96 193.45112 -39.69710  2801.75  5646.58 2.38 2.18 -51.9 -0.396 19.69 21.73 03a61089o0412c
61088.998279 -21.955  1.762    -6   11 c  0   1.77 193.45112 -39.69710  2825.36  5534.02 2.42 2.22 -52.3 -0.398 19.73 21.74 03a61089o0424c
61090.251278 -19.472  0.331   -59   20 o  0   2.07 193.45112 -39.69710  1921.19  1809.67 2.42 2.13  44.4 -0.407 19.11 20.74 04a61090o0512o
61090.253119  20.989  1.407    15   20 o  0   1.16 193.45112 -39.69710  1902.41  1770.81 2.31 2.02  49.2 -0.423 19.12 20.81 04a61090o0516o
61090.255875  22.537  5.150     4   18 o  0   2.62 193.45112 -39.69710  1959.56  1850.46 2.29 2.03  51.9 -0.430 19.14 20.86 04a61090o0522o
61090.261439  21.375  1.619    10   17 o  0   1.94 193.45112 -39.69710  1976.73  1734.21 2.17 1.92  46.2 -0.445 19.22 20.87 04a61090o0534o
61091.007838  16.494  0.011   917   10 c  0 339.96 193.45112 -39.69710  2090.77  1703.36 2.70 2.56 -65.6 -0.392 19.64 22.00 03a61091o0286c
61091.010195  16.794  0.013   696    9 c  0 210.98 193.45112 -39.69710  2073.57  1663.24 2.85 2.65 -59.1 -0.389 19.58 21.99 03a61091o0291c
61091.015935 -19.919  0.277   -39   11 c  0   2.40 193.45112 -39.69710  2130.51  1745.70 2.80 2.64 -63.8 -0.389 19.62 21.97 03a61091o0302c
61091.044132  17.147  0.018   503    9 c  0 157.06 193.45112 -39.69710  2164.22  1627.26 2.61 2.51 -59.8 -0.396 19.60 21.86 03a61091o0353c
61091.961628 -19.703  0.268   -48   13 c  0   1.46 193.45112 -39.69710  8346.59  9590.71 2.71 2.27 -55.9 -0.410 19.70 21.69 03a61092o0380c
61091.964424 -20.772  0.699   -18   12 c  0   2.02 193.45112 -39.69710  8328.24  9551.74 2.65 2.19 -56.5 -0.410 19.71 21.70 03a61092o0386c
61091.996792 -19.689  0.774   -48   37 c  0  74.11 193.45112 -39.69710  8392.48  9631.22 2.67 2.19 -58.2 -0.410 18.65 20.48 03a61092o0455c
61093.209584  19.106  0.255    83   21 o  0   3.00 193.45112 -39.69710  8405.22  9549.81 2.16 1.97 -54.5 -0.443 19.16 20.87 04a61093o0422o
61093.212320  19.144  0.327    80   26 o  0   2.28 193.45112 -39.69710  8383.65  9512.40 2.15 1.97 -49.2 -0.438 19.19 20.82 04a61093o0428o
61093.217485  19.860  0.640    41   26 o  0   2.77 193.45112 -39.69710  8443.90  9590.80 2.17 1.97 -56.8 -0.445 19.16 20.83 04a61093o0439o
61093.247396  20.061  0.844    34   29 o  0   1.01 193.45112 -39.69710  8457.00  9481.59 2.07 1.90 -39.8 -0.477 19.18 20.84 04a61093o0501o
61094.245231  19.631  0.317    51   16 o  0   2.56 193.45112 -39.69710  4851.19  6107.22 2.15 1.98 -57.8 -0.454 19.22 20.94 04a61094o0504o
61094.251203  21.003  1.356    14   20 o  0   3.31 193.45112 -39.69710  4828.55  6074.76 2.09 1.94 -70.7 -0.452 19.22 20.94 04a61094o0517o
61094.254930  20.067  0.572    34   20 o  0   2.01 193.45112 -39.69710  4888.47  6152.81 2.10 1.95 -64.6 -0.459 19.21 20.92 04a61094o0525o
61094.263640  20.273  0.690    28   20 o  0   4.69 193.45112 -39.69710  4908.71  6033.25 2.21 1.98 -62.7 -0.451 19.24 20.93 04a61094o0543o
61096.216529  20.459  1.030    24   24 o  0   2.67 193.45112 -39.69710  4951.91  8037.59 2.19 1.86 -69.0 -0.449 19.18 20.78 04a61096o0445o
61096.250251 -23.574 18.143    -1   24 o  0  13.95 193.45112 -39.69710  4929.54  8003.63 2.28 1.97 -56.3 -0.457 19.13 20.76 04a61096o0517o
61096.254868  20.339  0.881    27   23 o  0   0.94 193.45112 -39.69710  4985.87  8087.04 2.18 1.86 -67.7 -0.456 19.20 20.77 04a61096o0527o
61096.259959  20.218  0.761    30   23 o  0   7.65 193.45112 -39.69710  5002.81  7971.50 2.22 1.90 -62.3 -0.450 19.14 20.77 04a61096o0538o
61097.256837  20.475  0.941    23   22 o  0   6.92 193.45112 -39.69710  4946.69  8049.48 2.40 1.94 -69.1 -0.444 19.11 20.87 04a61097o0420o
61097.259639  20.422  0.880    25   22 o  0   0.80 193.45112 -39.69710  4926.10  8011.03 2.34 1.91 -66.9 -0.454 19.16 20.81 04a61097o0426o
61097.266710  19.111  0.266    82   22 o  0   1.13 193.45112 -39.69710  4989.03  8086.02 2.32 1.92 -67.7 -0.454 19.16 20.84 04a61097o0441o
61097.276901  19.390  0.405    64   26 o  0   8.61 193.45112 -39.69710  5003.74  7973.48 2.23 1.90 -62.6 -0.442 19.11 20.73 04a61097o0463o
61099.247137  21.061  2.049    14   28 o  0   1.79 193.45112 -39.69710  9266.70  4109.41 2.33 2.26 -81.6 -0.420 18.75 19.86 04a61099o0519o
61099.249884 -19.761  0.906   -45   41 o  0   3.03 193.45112 -39.69710  9246.34  4071.53 2.45 2.40 -45.5 -0.410 18.73 19.88 04a61099o0525o
61099.254570   0.000 20.321    -0   27 o  0   1.22 193.45112 -39.69710  9304.41  4148.32 2.51 2.34 -16.0 -0.414 18.71 19.91 04a61099o0535o
61099.264733 -21.199  2.175   -12   26 o  0  19.92 193.45112 -39.69710  9323.87  4032.77 2.43 2.30 -33.7 -0.403 18.78 19.97 04a61099o0557o
61099.547615 -19.132  2.252   -81  182 o  0   1.11 193.45112 -39.69710  1236.49  6515.86 2.67 2.40  57.8 -0.421 16.52 16.42 01a61099o0728o
61099.582801  20.265  0.819    28   23 o  0   4.83 193.45112 -39.69710  1248.58  6548.20 2.97 2.66  51.8 -0.388 18.77 19.52 01a61099o0804o
61099.611048  19.963  0.563    38   21 o  0   3.34 193.45112 -39.69710  1179.39  6468.00 3.08 2.70  53.4 -0.372 18.82 19.74 01a61099o0865o
61099.635852 -20.639  0.862   -20   17 o  0   6.39 193.45112 -39.69710  1149.49  6581.67 3.25 2.94  57.3 -0.380 19.06 20.38 01a61099o0918o
61100.205530  20.041  0.890    35   31 o  0   1.88 193.45112 -39.69710   337.00  9928.32 2.76 1.83 -74.2 -0.428 18.69 19.60 04a61100o0433o
61100.208492 -19.445  0.511   -61   31 o  0   1.52 193.45112 -39.69710   317.00  9889.07 2.76 1.88 -76.8 -0.426 18.64 19.60 04a61100o0439o
61100.211279 -19.217  0.430   -75   32 o  0   0.85 193.45112 -39.69710   376.50  9969.99 2.71 1.80 -73.6 -0.440 18.63 19.59 04a61100o0445o
61100.212777  22.458 18.286     4   69 o  0   0.76 193.45112 -39.69710 10513.51  9851.63 2.18 1.95   0.8 -0.611 18.63 19.58 04a61100o0448o
61100.216843 -20.696  1.767   -19   34 o  0   1.39 193.45112 -39.69710   396.98  9852.97 2.76 1.89 -73.9 -0.425 18.68 19.62 04a61100o0456o
61102.220562 -20.358  1.567   -26   41 o  0   1.73 193.45112 -39.69710   750.32  5755.58 2.31 2.02  82.6 -0.380 18.17 18.76 04a61102o0468o
61102.221923 -19.444  0.739   -61   45 o  0   1.72 193.45112 -39.69710   729.65  5716.46 2.30 2.04  83.1 -0.384 18.18 18.77 04a61102o0471o
61102.244410 -19.460  0.630   -60   38 o  0   0.82 193.45112 -39.69710   782.60  5800.64 2.46 2.12  87.0 -0.365 18.14 18.78 04a61102o0518o
61102.249472 -18.582  0.307  -134   41 o  0   1.66 193.45112 -39.69710   801.52  5684.99 2.36 2.14  78.6 -0.375 18.15 18.80 04a61102o0529o
61102.961695 -19.418  0.479   -62   30 o  0   1.73 193.45112 -39.69710   814.33  5611.12 2.72 2.35 -65.6 -0.386 18.46 18.91 03a61103o0457o
61102.964882 -19.379  1.004   -64   65 o  0   0.93 193.45112 -39.69710   796.23  5571.94 2.73 2.43 -64.0 -0.388 17.57 17.80 03a61103o0462o
61102.968495 -23.394 16.700    -2   27 o  0   1.57 193.45112 -39.69710   854.30  5652.56 2.59 2.24 -60.1 -0.403 18.48 18.90 03a61103o0470o
61102.974165  22.276 10.423     4   46 o  0   1.59 193.45112 -39.69710   879.38  5539.13 2.49 2.19 -67.2 -0.406 18.00 18.04 03a61103o0482o
61103.953248 -18.928  0.361   -98   35 o  0   1.84 193.45112 -39.69710  6335.46  9672.18 2.86 2.26 -45.6 -0.392 18.42 18.78 03a61104o0444o
61103.956186 -19.625  0.584   -51   30 o  0   1.92 193.45112 -39.69710  6316.77  9633.82 2.67 2.12 -47.7 -0.400 18.53 18.84 03a61104o0450o
61103.960449 -19.976  0.843   -37   31 o  0   1.30 193.45112 -39.69710  6376.70  9712.08 2.65 2.12 -46.2 -0.402 18.57 18.93 03a61104o0459o
61103.968341 -20.720  1.768   -19   33 o  0   2.00 193.45112 -39.69710  6399.75  9598.24 2.60 2.05 -50.0 -0.412 18.53 18.84 03a61104o0476o
61105.202279 -20.309  3.128   -27   86 o  0   0.66 193.45112 -39.69710  6388.34  9686.03 2.42 1.91 -70.5 -0.454 17.87 18.56 04a61105o0230o
61105.205047  19.840  1.940    42   82 o  0   3.11 193.45112 -39.69710  6367.44  9647.74 2.35 1.90 -69.3 -0.464 17.87 18.56 04a61105o0236o
61105.211017  19.884  1.955    40   79 o  0   1.10 193.45112 -39.69710  6427.95  9726.75 2.30 1.91 -68.1 -0.460 17.86 18.54 04a61105o0248o
61105.220878 -18.749  0.690  -115   79 o  0   0.92 193.45112 -39.69710  6444.80  9613.50 2.26 1.91 -59.8 -0.412 17.85 18.58 04a61105o0269o
61105.478456 -18.867  0.332  -103   34 o  0   1.61 193.45112 -39.69710  6479.65  9664.85 2.76 2.57  51.0 -0.400 18.31 18.58 01a61105o0582o
61105.479826 -19.230  0.437   -74   32 o  0   2.09 193.45112 -39.69710  6460.38  9625.86 2.75 2.59  57.2 -0.402 18.37 18.58 01a61105o0585o
61105.489891 -19.704  0.600   -48   29 o  0   2.30 193.45112 -39.69710  6525.23  9704.83 2.69 2.59  52.6 -0.399 18.33 18.58 01a61105o0607o
61105.500853 -19.873  0.750   -41   31 o  0   1.24 193.45112 -39.69710  6549.77  9588.44 2.74 2.58  53.8 -0.405 18.37 18.59 01a61105o0631o
61106.949293 -20.938  1.458   -15   22 o  0   1.39 193.45112 -39.69710  6836.04  5998.75 2.60 2.29 -46.7 -0.419 18.85 19.69 03a61107o0454o
61106.952203 -19.989  0.597   -37   22 o  0   7.85 193.45112 -39.69710  6820.16  5960.59 2.82 2.51 -47.6 -0.407 18.70 19.52 03a61107o0460o
61106.957360 -19.535  0.451   -56   25 o  0   7.89 193.45112 -39.69710  6877.63  6038.75 2.88 2.42 -50.9 -0.398 18.70 19.50 03a61107o0471o
61106.967753 -20.200  0.819   -30   25 o  0   2.14 193.45112 -39.69710  6906.49  5928.63 2.59 2.27 -49.2 -0.414 18.77 19.49 03a61107o0493o
61108.241689  20.383  1.293    26   33 o  0   0.81 193.45112 -39.69710  7784.69  1942.37 2.40 2.31 -31.9 -0.416 18.51 19.50 04a61108o0026o
61109.044386  22.499  6.000     4   22 o  0   0.95 193.45112 -39.69710  2677.55  8508.20 2.39 2.04 -56.6 -0.396 19.11 20.03 03a61109o0658o
61109.047548 -20.713  1.178   -19   22 o  0   4.92 193.45112 -39.69710  2697.88  8547.17 2.45 2.10 -58.0 -0.395 19.09 19.96 03a61109o0665o
61109.052645 -20.129  0.551   -32   18 o  0   1.39 193.45112 -39.69710  2643.03  8468.55 2.40 2.04 -54.6 -0.391 19.09 19.96 03a61109o0676o
61109.062103  20.848  1.308    17   22 o  0   1.88 193.45112 -39.69710  2624.19  8584.69 2.36 2.01 -55.8 -0.392 19.12 19.86 03a61109o0696o
61109.937005 -22.789  6.583    -3   18 o  0   1.92 193.45112 -39.69710  4081.42  2179.49 2.14 1.91 -55.7 -0.434 19.30 20.39 03a61110o0434o
61109.939720 -20.544  0.692   -22   15 o  0   4.40 193.45112 -39.69710  4062.71  2140.45 2.19 1.95 -56.0 -0.429 19.30 20.38 03a61110o0440o
61109.945493  20.827  1.076    17   18 o  0   1.84 193.45112 -39.69710  4121.61  2220.12 2.12 1.93 -53.3 -0.444 19.31 20.38 03a61110o0452o
61109.955160  21.035  1.069    14   15 o  0   1.22 193.45112 -39.69710  4145.43  2105.09 2.15 1.98 -47.3 -0.434 19.29 20.39 03a61110o0473o
61111.237511  21.089  1.740    13   23 o  0   1.09 193.45112 -39.69710  3947.59  2239.24 2.05 1.99  59.8 -0.461 19.11 20.55 04a61111o0507o
61111.240273  21.134  1.730    13   22 o  0   1.01 193.45112 -39.69710  3924.39  2203.00 2.08 1.98  34.6 -0.452 19.08 20.57 04a61111o0513o
61111.243013  19.732  0.509    46   24 o  0   2.09 193.45112 -39.69710  3982.25  2281.37 2.09 1.97  39.3 -0.465 19.06 20.55 04a61111o0519o
61111.248152  19.560  0.389    54   21 o  0   1.13 193.45112 -39.69710  3998.47  2167.01 2.05 1.96  40.6 -0.461 19.14 20.64 04a61111o0530o
61112.045774  15.542  0.007  2204   15 o  0 1261.39 193.45112 -39.69710  1664.17  2706.53 2.21 2.00 -49.3 -0.419 19.36 20.54 03a61112o0663o
61112.048485 -20.227  0.528   -30   16 o  0   4.92 193.45112 -39.69710  1684.25  2745.39 2.23 2.04 -48.4 -0.417 19.31 20.51 03a61112o0669o
61112.053518  20.413  0.707    25   18 o  0   1.11 193.45112 -39.69710  1631.12  2667.86 2.22 1.95 -60.0 -0.417 19.35 20.47 03a61112o0680o
