###MJD          m      dm   uJy   duJy F err chi/N     RA       Dec        x        y     maj  min   phi  apfit mag5sig Sky   Obs
61083.034316  20.918  1.476    16   23 o  0   1.91  62.02971  -8.82700  7037.70  7897.15 2.27 2.03 -57.8 -0.424 19.06 20.57 04a61083o0041o
61083.037105  21.039  1.173    14   16 o  0   5.00  62.02971  -8.82700  7057.91  7935.69 2.16 1.95 -52.7 -0.436 19.09 20.57 04a61083o0047o
61083.044001  21.191  1.373    12   17 o  0   3.53  62.02971  -8.82700  6996.79  7857.16 2.12 1.96 -42.1 -0.446 19.13 20.66 04a61083o0062o
61083.069326  19.526  0.257    56   14 o  0   4.72  62.02971  -8.82700  6979.09  7975.85 2.13 1.97 -47.3 -0.438 19.10 20.68 04a61083o0117o
61086.770760  19.945  0.456    38   17 c  0   2.06  62.02971  -8.82700   740.18  9581.03 2.96 2.65 -39.3 -0.396 19.04 20.33 03a61087o0027c
61086.773925  20.709  0.895    19   17 c  0   1.35  62.02971  -8.82700   760.28  9620.29 3.05 2.71 -40.0 -0.389 19.27 20.87 03a61087o0034c
61086.781604  20.687  0.734    19   14 c  0   1.35  62.02971  -8.82700   707.51  9540.74 2.92 2.62 -38.4 -0.397 19.52 21.53 03a61087o0051c
61086.795198  20.614  0.583    21   12 c  0   1.90  62.02971  -8.82700   686.14  9657.40 2.97 2.63 -42.5 -0.405 19.53 21.68 03a61087o0081c
61088.233692  22.252  2.214     5   10 c  0   2.07  62.02971  -8.82700  5008.93  6085.85 3.11 2.83  43.0 -0.353 19.54 21.30 01a61088o0059c
61088.236889  21.726  1.413     7   10 c  0   1.24  62.02971  -8.82700  5028.95  6124.24 3.08 2.80  46.0 -0.360 19.57 21.31 01a61088o0066c
61088.242372  22.116  2.364     5   12 c  0   1.10  62.02971  -8.82700  4969.91  6046.44 3.00 2.78  47.3 -0.367 19.59 21.35 01a61088o0078c
61088.255194  21.360  0.951    10   10 c  0   1.93  62.02971  -8.82700  4945.79  6160.34 3.11 2.96  49.8 -0.356 19.58 21.43 01a61088o0106c
61089.101224 -23.520 15.000    -1   21 o  0   1.40  62.02971  -8.82700  5032.06  6015.76 2.37 2.20 -68.0 -0.442 18.92 20.57 04a61089o0001o
61089.117031  20.400  0.818    25   21 o  0   2.05  62.02971  -8.82700  5010.83  6134.73 2.36 2.17 -52.1 -0.436 18.95 20.50 04a61089o0035o
61092.795041 -21.260  0.906   -11   10 c  0   2.69  62.02971  -8.82700  4789.75  2296.01 2.62 2.44 -58.4 -0.390 19.50 21.51 03a61093o0011c
61094.234814 -21.333  1.271   -11   14 o  0   2.51  62.02971  -8.82700  2611.63  5709.24 2.52 2.26  44.8 -0.448 19.27 20.11 01a61094o0061o
61094.238636  20.729  0.725    19   14 o  0   2.37  62.02971  -8.82700  2631.40  5747.59 2.43 2.23  42.1 -0.456 19.27 20.13 01a61094o0069o
61094.246414  22.191  3.000     5   14 o  0   1.83  62.02971  -8.82700  2572.19  5669.83 2.48 2.26  38.2 -0.448 19.25 20.17 01a61094o0086o
61094.256997  21.627  1.839     8   15 o  0   2.60  62.02971  -8.82700  2548.38  5785.08 2.52 2.37  45.0 -0.447 19.23 20.14 01a61094o0109o
61096.317265  20.454  1.288    24   31 o  0   0.90  62.02971  -8.82700  8016.53  6814.83 2.16 2.08 -78.4 -0.447 18.78 19.43 02a61096o0221o
61096.320472 -22.402  6.548    -4   26 o  0   1.74  62.02971  -8.82700  7999.69  6775.40 2.14 2.08  59.2 -0.444 18.78 19.41 02a61096o0228o
61096.328225  20.616  1.151    21   24 o  0   1.59  62.02971  -8.82700  8058.55  6854.55 2.14 2.07  56.2 -0.443 18.70 19.36 02a61096o0245o
61096.341087  19.772  0.571    45   26 o  0   1.81  62.02971  -8.82700  8080.90  6736.59 2.18 2.11  46.3 -0.440 18.62 19.26 02a61096o0273o
61098.807124  22.478  5.760     4   21 o  0   1.90  62.02971  -8.82700  2659.08  7571.25 2.52 2.12 -51.5 -0.390 18.81 19.54 03a61099o0135o
61098.809828  20.354  0.835    26   22 o  0   1.56  62.02971  -8.82700  2674.18  7610.30 2.49 2.08 -55.3 -0.390 18.80 19.52 03a61099o0141o
61098.827691  19.800  0.632    44   28 o  0   1.24  62.02971  -8.82700  2620.36  7532.41 2.61 2.32 -48.2 -0.380 18.67 19.39 03a61099o0180o
61098.846140 -21.565  2.836    -9   24 o  0   2.13  62.02971  -8.82700  2599.22  7649.12 2.51 2.18 -43.0 -0.384 18.66 19.24 03a61099o0220o
61101.038598 -19.239  0.521   -73   38 o  0   1.24  62.02971  -8.82700  2492.97  1788.46 2.22 2.12  37.1 -0.400 18.38 19.19 04a61101o0081o
61101.041311  18.865  0.324   103   33 o  0   1.33  62.02971  -8.82700  2512.32  1827.22 2.29 2.17  23.4 -0.403 18.32 19.15 04a61101o0087o
61101.048155 -20.415  1.562   -25   39 o  0   1.34  62.02971  -8.82700  2452.32  1749.49 2.20 2.10   5.6 -0.390 18.31 19.09 04a61101o0102o
61101.058131  19.510  0.597    57   34 o  0   1.84  62.02971  -8.82700  2434.56  1868.47 2.15 2.06  -4.5 -0.391 18.24 19.00 04a61101o0124o
61101.810416  19.736  0.588    46   27 o  0   1.45  62.02971  -8.82700  6916.61  6040.37 2.61 2.30 -51.4 -0.418 18.45 19.06 03a61102o0147o
61101.813125 -19.724  0.631   -47   30 o  0   1.11  62.02971  -8.82700  6936.19  6079.55 2.73 2.44 -52.0 -0.416 18.36 19.04 03a61102o0153o
61101.822709  20.783  1.629    18   29 o  0   1.54  62.02971  -8.82700  6881.82  6000.94 2.56 2.24 -46.9 -0.422 18.38 18.95 03a61102o0174o
61101.837713 -19.168  0.429   -78   34 o  0   1.74  62.02971  -8.82700  6859.87  6115.23 2.98 2.64 -46.4 -0.396 18.12 18.81 03a61102o0207o
61104.796006  21.138  1.591    13   20 o  0   1.22  62.02971  -8.82700  6797.67  2175.90 2.24 2.04 -49.8 -0.448 18.87 19.55 03a61105o0120o
61104.804604  20.179  0.809    31   25 o  0   1.79  62.02971  -8.82700  6816.99  2214.06 2.41 2.14 -53.9 -0.429 18.74 19.45 03a61105o0139o
61104.807312  23.465 16.000     2   24 o  0   1.36  62.02971  -8.82700  6761.37  2134.67 2.40 2.11 -56.2 -0.426 18.73 19.43 03a61105o0145o
61104.830841  21.802  3.854     7   27 o  0   1.42  62.02971  -8.82700  6737.29  2247.51 2.49 2.24 -57.7 -0.420 18.53 19.19 03a61105o0197o
61106.255993  22.623  4.560     3   15 o  0   1.69  62.02971  -8.82700   646.38  5805.22 2.53 2.34  65.7 -0.421 19.40 20.55 01a61106o0092o
61106.259191  23.160  8.231     2   16 o  0   1.35  62.02971  -8.82700   665.36  5843.76 2.72 2.58  76.0 -0.415 19.31 20.56 01a61106o0099o
61106.264247  19.948  0.381    38   14 o  0   2.23  62.02971  -8.82700   604.16  5765.94 2.67 2.52  87.9 -0.413 19.29 20.54 01a61106o0110o
61106.279040  22.213  3.176     5   15 o  0   1.68  62.02971  -8.82700   573.00  5883.19 2.61 2.45  61.9 -0.406 19.30 20.47 01a61106o0142o
61107.032117  19.472  0.434    59   26 o  0   1.80  62.02971  -8.82700   678.81  5843.25 2.67 2.32  77.4 -0.367 18.72 20.10 04a61107o0022o
61108.231627  20.873  0.988    16   16 c  0   1.93  62.02971  -8.82700  1463.58   756.97 2.71 2.39 -70.7 -0.420 18.98 20.54 02a61108o0041c
61108.235749  21.316  1.230    11   13 c  0   1.83  62.02971  -8.82700  1443.13   717.16 2.72 2.44 -69.5 -0.413 19.10 20.91 02a61108o0050c
61108.241217  21.549  1.860     9   16 c  0   1.32  62.02971  -8.82700  1501.72   796.84 2.68 2.36 -68.5 -0.429 19.19 20.97 02a61108o0062c
61108.251715  23.242  8.500     2   16 c  0   1.13  62.02971  -8.82700  1520.72   679.31 2.74 2.43 -65.5 -0.424 19.16 20.97 02a61108o0085c
