###MJD          m      dm   uJy   duJy F err chi/N     RA       Dec        x        y     maj  min   phi  apfit mag5sig Sky   Obs
61084.426242  21.907  3.164     6   20 o  0   0.81 148.60796 -25.70310  3478.30  6044.88 2.15 1.85  22.7 -0.439 19.32 20.60 02a61084o0454o
61084.427600 -20.933  1.288   -15   20 o  0   0.64 148.60796 -25.70310  3496.28  6081.17 2.12 1.82  24.4 -0.443 19.36 20.59 02a61084o0457o
61084.432658 -20.779  0.975   -18   17 o  0   0.95 148.60796 -25.70310  3437.61  6005.10 2.16 1.81  25.0 -0.441 19.33 20.58 02a61084o0468o
61084.439959  20.875  0.753    16   12 o  0   1.71 148.60796 -25.70310  3416.01  6119.89 2.08 1.81  24.8 -0.446 19.39 20.69 02a61084o0484o
61086.199570  19.613  0.465    52   24 o  0   1.31 148.60796 -25.70310  9743.20  1676.38 2.46 2.29 -36.2 -0.421 19.10 20.69 04a61086o0400o
61086.231677 -19.698  0.492   -48   24 o  0   1.16 148.60796 -25.70310  9769.84  1717.25 2.51 2.36 -50.2 -0.419 19.03 20.46 04a61086o0467o
61086.234424 -22.047  4.125    -6   23 o  0   1.10 148.60796 -25.70310  9708.38  1637.58 2.59 2.34 -30.4 -0.396 19.06 20.45 04a61086o0473o
61086.254107 -21.192  1.979   -12   24 o  0   0.95 148.60796 -25.70310  9690.77  1756.18 2.51 2.29 -45.7 -0.416 19.03 20.42 04a61086o0512o
61089.414757 -22.269  3.038    -4   14 o  0   1.85 148.60796 -25.70310  1883.15  8286.99 2.60 2.42 -62.0 -0.417 19.27 21.07 02a61089o0373o
61089.416113 -20.553  0.709   -22   16 o  0   1.31 148.60796 -25.70310  1901.08  8324.04 2.52 2.33 -46.0 -0.427 19.29 21.08 02a61089o0376o
61089.421620 -22.915  7.143    -2   18 o  0   1.11 148.60796 -25.70310  1842.52  8246.43 2.59 2.47 -40.3 -0.427 19.31 21.12 02a61089o0388o
61089.426645 -21.437  2.167   -10   21 o  0   0.89 148.60796 -25.70310  1822.63  8361.90 3.02 2.76 -46.0 -0.429 19.16 21.13 02a61089o0399o
61090.454368  22.245  3.567     5   16 o  0   1.04 148.60796 -25.70310  6716.69  8589.45 2.41 2.22  44.4 -0.431 19.27 20.89 02a61090o0529o
61090.457551  21.713  2.359     8   18 o  0   1.21 148.60796 -25.70310  6695.62  8552.28 2.45 2.27  52.3 -0.427 19.04 20.67 02a61090o0536o
61090.489418  21.347  1.636    10   17 o  0   0.97 148.60796 -25.70310  6745.07  8629.54 2.47 2.32  51.3 -0.422 19.23 20.72 02a61090o0605o
61090.518080  22.898  9.364     2   24 o  0   1.06 148.60796 -25.70310  6758.82  8515.05 2.88 2.81  58.5 -0.415 18.97 20.57 02a61090o0667o
61090.952078 -21.273  1.000   -11   11 c  0   1.18 148.60796 -25.70310  3899.53  1952.49 2.56 2.39 -60.1 -0.400 19.72 22.15 03a61091o0174c
61090.986233 -20.755  0.529   -18   10 c  0   1.39 148.60796 -25.70310  3930.15  1991.30 2.50 2.33 -62.4 -0.403 19.77 22.11 03a61091o0241c
61090.988940 -21.980  1.703    -6   10 c  0   1.76 148.60796 -25.70310  3872.90  1913.46 2.57 2.36 -60.7 -0.395 19.76 22.11 03a61091o0247c
61090.993955 -21.101  0.812   -13   11 c  0   1.55 148.60796 -25.70310  3853.97  2029.38 2.60 2.44 -57.6 -0.387 19.71 22.08 03a61091o0258c
61092.191509 -21.997  3.300    -6   19 o  0   0.97 148.60796 -25.70310  7597.50  4365.09 2.39 2.14 -33.2 -0.426 19.17 20.84 04a61092o0327o
61092.197196 -20.636  0.954   -20   19 o  0   1.15 148.60796 -25.70310  7615.08  4404.88 2.31 2.11 -24.9 -0.437 19.18 20.80 04a61092o0339o
61092.199639  20.724  0.911    19   17 o  0   0.84 148.60796 -25.70310  7557.50  4326.98 2.32 2.10 -30.7 -0.431 19.18 20.87 04a61092o0344o
61092.235103 -21.960  3.033    -6   18 o  0   1.06 148.60796 -25.70310  7545.76  4446.25 2.40 2.20 -43.1 -0.424 19.06 20.65 04a61092o0415o
61095.452977  20.638  0.817    20   16 o  0   0.96 148.60796 -25.70310   925.48  2579.00 2.05 1.96 -69.3 -0.455 19.38 20.94 02a61095o0024o
61095.455775  22.280  3.421     4   15 o  0   0.86 148.60796 -25.70310   985.21  2662.58 2.05 1.98 -69.4 -0.459 19.43 20.98 02a61095o0030o
61095.461700  23.373  9.000     2   15 o  0   0.98 148.60796 -25.70310  1003.60  2548.64 2.14 2.02 -65.1 -0.455 19.39 21.04 02a61095o0043o
61096.419498  24.730 30.500     0   14 o  0   1.57 148.60796 -25.70310  5106.77  4618.58 2.23 1.86  36.2 -0.442 19.16 20.16 02a61096o0444o
61096.450978 -21.367  1.651   -10   17 o  0   1.27 148.60796 -25.70310  5083.18  4579.69 2.28 1.88  43.3 -0.437 19.14 20.27 02a61096o0512o
61096.453693  20.043  0.610    35   21 o  0   0.70 148.60796 -25.70310  5142.77  4661.03 2.27 1.90  41.5 -0.440 19.17 20.27 02a61096o0518o
61096.482314  20.806  0.859    17   15 o  0   2.54 148.60796 -25.70310  5151.01  4542.41 2.19 1.87  43.1 -0.439 19.18 20.25 02a61096o0580o
61096.950150 -23.230  4.923    -2    9 c  0   1.44 148.60796 -25.70310  5421.96  5950.90 2.47 2.20 -54.0 -0.380 19.77 21.97 03a61097o0425c
61096.952486 -20.884  0.719   -16   12 c  0   0.95 148.60796 -25.70310  5440.02  5989.95 2.36 2.11 -53.7 -0.388 19.80 22.00 03a61097o0430c
61096.955189 -21.353  1.013   -10   11 c  0   1.09 148.60796 -25.70310  5386.27  5911.17 2.43 2.13 -58.4 -0.385 19.79 22.02 03a61097o0436c
61096.958027 -23.008  4.471    -2   10 c  0   1.63 148.60796 -25.70310  5366.23  6026.55 2.37 2.13 -53.2 -0.384 19.80 22.00 03a61097o0442c
61098.173920  20.146  1.086    32   34 o  0   1.31 148.60796 -25.70310  9768.47  9843.48 2.00 1.88   8.3 -0.566 18.87 20.03 04a61098o0364o
61098.176731 -19.866  0.753   -41   31 o  0   0.95 148.60796 -25.70310  9786.60  9884.33 2.28 2.18  34.8 -0.496 18.82 20.03 04a61098o0370o
61098.182506  20.829  2.000    17   34 o  0   0.93 148.60796 -25.70310  9731.22  9803.39 2.25 2.01   5.6 -0.509 18.87 20.01 04a61098o0382o
61098.192160 -19.770  0.905   -45   41 o  0   0.77 148.60796 -25.70310  9709.80  9920.54 2.14 1.95  -3.0 -0.519 18.85 20.01 04a61098o0403o
61099.405234 -17.773  1.088  -282  307 o  0   1.03 148.60796 -25.70310  9742.74  9886.82 3.00 2.76 -53.9 -0.412 16.12 15.77 01a61099o0421o
61099.439887 -16.585  0.631  -844  533 o  0   1.00 148.60796 -25.70310  9754.93  9919.81 2.83 2.49 -54.3 -0.463 15.69 15.18 01a61099o0496o
61099.443085  18.402  1.231   158  195 o  0   1.56 148.60796 -25.70310  9698.59  9839.14 2.66 2.53 -63.7 -0.453 16.57 16.29 01a61099o0503o
61099.452277  18.587  1.739   133  232 o  0   1.29 148.60796 -25.70310  9674.35  9954.80 2.58 2.49 -72.7 -0.453 16.26 15.85 01a61099o0523o
61104.199752  19.999  1.220    36   44 o  0   1.01 148.60796 -25.70310  9556.92  4299.07 2.52 2.11 -21.8 -0.437 18.18 18.69 04a61104o0430o
61104.202665 -21.260  4.891   -11   56 o  0   0.89 148.60796 -25.70310  9578.13  4338.46 2.57 2.15 -26.0 -0.425 18.17 18.68 04a61104o0436o
61104.207681  20.132  1.394    32   45 o  0   1.32 148.60796 -25.70310  9520.47  4259.46 2.41 2.08 -24.4 -0.451 17.99 18.83 04a61104o0447o
61104.221484 -19.087  0.572   -84   48 o  0   1.22 148.60796 -25.70310  9498.68  4375.85 2.64 2.20 -21.7 -0.414 18.01 18.45 04a61104o0476o
61105.416782 -20.478  0.903   -23   21 o  0   0.80 148.60796 -25.70310  9494.65  4330.69 2.51 2.38   9.7 -0.397 18.92 19.53 01a61105o0448o
61105.421821 -20.691  0.980   -19   19 o  0   1.44 148.60796 -25.70310  9514.30  4369.02 2.55 2.42   8.9 -0.395 18.88 19.51 01a61105o0459o
61105.426852 -21.254  1.954   -11   22 o  0   1.01 148.60796 -25.70310  9453.59  4290.14 2.55 2.40 -44.0 -0.414 18.93 19.50 01a61105o0470o
61105.439698 -20.533  1.106   -22   25 o  0   1.19 148.60796 -25.70310  9427.88  4403.77 2.92 2.75 -54.8 -0.387 18.79 19.45 01a61105o0498o
61107.448924 -19.978  0.599   -37   22 o  0   1.23 148.60796 -25.70310  2874.90  2565.87 2.72 2.56  49.6 -0.414 18.69 19.80 02a61107o0332o
61108.408172 -21.081  1.573   -13   21 o  0   1.07 148.60796 -25.70310  2776.96  8763.97 2.18 2.00  34.4 -0.426 19.18 20.46 02a61108o0417o
61108.411819 -21.356  2.039   -10   21 o  0   1.05 148.60796 -25.70310  2757.60  8725.87 2.32 2.06  34.7 -0.409 19.01 20.27 02a61108o0425o
61108.420922  20.517  1.044    23   24 o  0   1.26 148.60796 -25.70310  2818.19  8809.79 2.25 2.00  33.1 -0.415 18.89 19.97 02a61108o0445o
61108.431608  21.145  3.620    13   46 o  0   0.81 148.60796 -25.70310  2837.00  8692.44 2.24 2.02  39.5 -0.412 18.43 19.34 02a61108o0468o
61108.930821  21.673  2.167     8   17 o  0   0.94 148.60796 -25.70310  7840.14  1874.44 2.40 2.14 -52.7 -0.429 19.36 20.76 03a61109o0419o
61108.934442 -21.394  1.638   -10   16 o  0   1.06 148.60796 -25.70310  7861.20  1913.85 2.41 2.17 -58.4 -0.426 19.38 20.75 03a61109o0427o
61108.940797 -20.762  0.750   -18   14 o  0   1.31 148.60796 -25.70310  7803.41  1834.02 2.37 2.19 -49.0 -0.429 19.38 20.74 03a61109o0440o
61108.950950 -21.582  1.716    -8   14 o  0   1.40 148.60796 -25.70310  7786.04  1950.66 2.24 1.99 -52.6 -0.437 19.40 20.67 03a61109o0462o
61110.184272 -22.363  5.136    -4   21 o  0   1.04 148.60796 -25.70310  1623.26  1557.95 2.24 1.86  44.8 -0.458 19.01 20.47 04a61110o0395o
61110.187006 -20.879  1.391   -16   22 o  0   0.84 148.60796 -25.70310  1641.84  1595.38 2.24 1.85  50.1 -0.441 19.09 20.53 04a61110o0401o
61110.192073 -20.481  0.806   -23   19 o  0   1.19 148.60796 -25.70310  1584.29  1518.81 2.21 1.84  48.8 -0.442 19.09 20.48 04a61110o0412o
61110.202587  20.275  0.808    28   23 o  0   0.96 148.60796 -25.70310  1564.72  1637.68 2.18 1.94  53.3 -0.450 18.99 20.44 04a61110o0434o
61111.913388  20.972  0.953    15   14 o  0   0.78 148.60796 -25.70310  1558.96  6073.04 2.37 2.09 -64.6 -0.422 19.61 21.36 03a61112o0384o
61111.916118  21.774  2.041     7   14 o  0   0.86 148.60796 -25.70310  1578.69  6111.42 2.41 2.16 -62.3 -0.421 19.61 21.37 03a61112o0390o
61111.921143 -21.502  1.209    -9   11 o  0   1.51 148.60796 -25.70310  1525.04  6033.74 2.36 2.06 -62.6 -0.421 19.65 21.35 03a61112o0401o
