###MJD          m      dm   uJy   duJy F err chi/N     RA       Dec        x        y     maj  min   phi  apfit mag5sig Sky   Obs
61084.254065  20.516  0.764    23   17 o  0   0.98 209.01746 -43.58608  3715.15   391.23 2.19 1.98  47.7 -0.464 19.19 20.86 04a61084o0509o
61084.257221 -20.114  0.570   -33   19 o  0   1.03 209.01746 -43.58608  3696.19   352.71 2.12 1.97  50.4 -0.461 19.20 20.84 04a61084o0515o
61084.284876  20.557  0.930    22   20 o  0   0.94 209.01746 -43.58608  3753.49   438.22 2.22 2.08  46.3 -0.471 19.16 20.83 04a61084o0569o
61084.298400 -22.905  7.769    -2   19 o  0   0.84 209.01746 -43.58608  3772.22   325.32 2.31 2.10  39.4 -0.438 19.15 20.76 04a61084o0597o
61084.310976  22.249  6.900     5   32 o  0   1.18 209.01746 -43.58608  6977.39 10507.55 2.65 1.96 -71.0 -0.442 19.10 20.84 04a61084o0624o
61085.283137   0.000 21.028     0   14 o  0   1.56 209.01746 -43.58608  3723.22   396.90 2.17 1.96  49.3 -0.449 19.15 20.68 04a61085o0568o
61085.300499  21.859  2.829     7   18 o  0   0.71 209.01746 -43.58608  3703.27   360.75 2.15 1.90  48.2 -0.453 19.22 20.79 04a61085o0605o
61085.303888  21.390  1.617    10   16 o  0   1.09 209.01746 -43.58608  3760.64   440.59 2.15 1.95  50.2 -0.459 19.18 20.74 04a61085o0612o
61085.311345 -21.995  3.242    -6   19 o  0   1.09 209.01746 -43.58608  3779.16   321.82 2.18 1.99  51.1 -0.459 19.16 20.80 04a61085o0627o
61085.321804 -21.051  3.215   -14   44 o  0   0.63 209.01746 -43.58608  6982.11 10504.30 2.23 1.91 -58.2 -0.522 19.08 20.67 04a61085o0649o
61087.296781  20.987  1.143    15   17 o  0   0.83 209.01746 -43.58608  4957.95  4774.99 2.17 1.99 -70.0 -0.450 19.22 20.82 04a61087o0602o
61087.300141 -21.030  1.084   -14   15 o  0   0.81 209.01746 -43.58608  4937.33  4736.38 2.13 1.99 -63.6 -0.468 19.19 20.83 04a61087o0609o
61087.310157  20.680  0.878    19   17 o  0   0.83 209.01746 -43.58608  4990.17  4819.57 2.15 2.08 -62.9 -0.460 19.20 20.83 04a61087o0630o
61087.320902  21.581  2.392     8   20 o  0   0.58 209.01746 -43.58608  5008.74  4705.65 2.15 1.99 -44.1 -0.483 19.24 20.88 04a61087o0652o
61088.285111  22.201  4.333     5   21 o  0   1.17 209.01746 -43.58608  2652.23  8333.98 2.54 1.92 -75.0 -0.429 19.14 20.66 04a61088o0580o
61088.288503  19.989  0.435    37   16 o  0   1.01 209.01746 -43.58608  2630.56  8294.97 2.59 1.95 -79.4 -0.407 19.08 20.63 04a61088o0587o
61088.297962  22.920  6.929     2   17 o  0   1.16 209.01746 -43.58608  2687.48  8379.47 2.57 1.97 -77.4 -0.406 19.09 20.68 04a61088o0607o
61088.307694 -20.720  0.876   -19   16 o  0   0.78 209.01746 -43.58608  2706.64  8265.06 2.48 1.92 -72.3 -0.410 19.10 20.65 04a61088o0628o
61088.994624 -22.585  3.000    -3   10 c  0   1.15 209.01746 -43.58608  2587.75  8236.87 2.62 2.39 -49.3 -0.391 19.58 21.58 03a61089o0416c
61088.997360 -21.779  1.500    -7   11 c  0   1.05 209.01746 -43.58608  2568.10  8197.52 2.59 2.31 -50.5 -0.392 19.62 21.59 03a61089o0422c
61089.000127  22.229  2.185     5   10 c  0   1.13 209.01746 -43.58608  2627.80  8277.66 2.66 2.43 -49.0 -0.391 19.60 21.60 03a61089o0428c
61089.005210 -20.649  0.524   -20   10 c  0   0.93 209.01746 -43.58608  2651.29  8160.93 2.56 2.32 -49.2 -0.391 19.64 21.60 03a61089o0439c
61090.256350  21.060  1.325    14   18 o  0   0.81 209.01746 -43.58608   964.52  4414.40 2.38 2.15  68.0 -0.389 19.07 20.70 04a61090o0523o
61090.259106 -23.218  9.091    -2   17 o  0   0.79 209.01746 -43.58608   945.14  4374.99 2.34 2.07  70.2 -0.402 19.12 20.77 04a61090o0529o
61090.284011  19.840  0.353    42   15 o  0   1.18 209.01746 -43.58608   997.28  4461.36 2.26 2.10  61.6 -0.396 19.07 20.66 04a61090o0581o
61090.288703 -21.478  1.727    -9   16 o  0   0.93 209.01746 -43.58608  1018.51  4344.65 2.30 2.07  73.7 -0.411 19.07 20.57 04a61090o0591o
61091.280188 -21.601  1.846    -8   15 o  0   1.18 209.01746 -43.58608   963.15  4416.94 2.21 1.95  65.1 -0.411 19.05 20.40 04a61091o0394o
61091.283136  22.488  5.227     4   19 o  0   0.74 209.01746 -43.58608   944.29  4377.85 2.27 2.02  65.5 -0.409 19.02 20.43 04a61091o0400o
61091.289650 -21.161  1.532   -12   19 o  0   0.78 209.01746 -43.58608  1000.92  4457.29 2.24 1.99  63.4 -0.406 19.04 20.41 04a61091o0413o
61091.299537 -20.957  1.092   -15   16 o  0   1.45 209.01746 -43.58608  1017.57  4347.75 2.16 1.95  67.2 -0.412 19.02 20.35 04a61091o0434o
61092.043167 -22.982  3.937    -2    9 c  0   0.97 209.01746 -43.58608  5548.59  2048.77 2.42 2.26 -44.7 -0.411 19.69 21.76 03a61092o0554c
61092.045938 -21.169  0.701   -12    9 c  0   1.49 209.01746 -43.58608  5532.02  2009.80 2.41 2.19 -52.7 -0.412 19.71 21.76 03a61092o0560c
61092.052381 -22.603  2.783    -3    9 c  0   1.08 209.01746 -43.58608  5589.67  2087.93 2.39 2.15 -58.2 -0.414 19.69 21.70 03a61092o0574c
61092.062898  22.026  1.857     6   10 c  0   0.75 209.01746 -43.58608  5615.67  1972.45 2.38 2.17 -47.6 -0.419 19.54 21.55 03a61092o0596c
61093.211845  20.805  0.893    17   16 o  0   1.62 209.01746 -43.58608  5405.53  2050.42 2.08 2.02 -56.5 -0.466 19.10 20.72 04a61093o0427o
61093.215141  22.576  4.850     3   16 o  0   1.11 209.01746 -43.58608  5386.06  2012.94 2.07 2.05 -58.9 -0.463 19.12 20.75 04a61093o0434o
61093.244556 -20.899  0.926   -16   15 o  0   1.15 209.01746 -43.58608  5443.75  2095.14 2.09 2.05 -84.7 -0.458 19.17 20.76 04a61093o0496o
61093.272219  20.960  0.975    15   15 o  0   1.57 209.01746 -43.58608  5462.22  1983.48 2.14 2.09 -65.3 -0.472 19.14 20.75 04a61093o0553o
61094.261623  20.838  1.038    17   17 o  0   1.69 209.01746 -43.58608  4737.42  8739.02 2.32 1.99 -56.3 -0.522 19.06 20.73 04a61094o0539o
61094.264726  20.353  0.715    26   19 o  0   1.13 209.01746 -43.58608  4714.16  8701.66 2.40 1.87 -73.9 -0.468 19.16 20.74 04a61094o0545o
61094.269766 -20.851  1.119   -17   19 o  0   0.91 209.01746 -43.58608  4774.59  8779.62 2.37 1.84 -70.5 -0.478 19.17 20.73 04a61094o0556o
61094.289491 -21.242  1.787   -12   21 o  0   0.84 209.01746 -43.58608  4787.06  8670.57 2.40 1.83 -72.0 -0.445 19.13 20.73 04a61094o0598o
61096.271789  20.955  1.356    15   20 o  0   0.75 209.01746 -43.58608  1799.48   453.30 2.12 1.80  41.6 -0.494 19.13 20.72 04a61096o0562o
61096.275577  20.417  0.636    25   16 o  0   1.66 209.01746 -43.58608  1780.21   413.47 2.12 1.80  45.9 -0.494 19.12 20.73 04a61096o0569o
61096.281144 -24.603 42.000    -0   22 o  0   0.63 209.01746 -43.58608  1835.36   494.36 2.20 1.81  44.8 -0.472 19.16 20.69 04a61096o0580o
61096.286240  20.922  1.413    16   22 o  0   0.97 209.01746 -43.58608  1852.55   377.87 2.06 1.78  42.1 -0.510 19.15 20.69 04a61096o0591o
61097.264863  19.872  0.450    41   18 o  0   1.03 209.01746 -43.58608  1801.32   455.00 2.27 1.82  46.3 -0.474 19.16 20.77 04a61097o0437o
61097.268544 -23.969 21.600    -1   20 o  0   1.14 209.01746 -43.58608  1780.74   415.44 2.19 1.83  46.5 -0.493 19.16 20.81 04a61097o0445o
61097.275894  20.041  0.620    35   22 o  0   1.06 209.01746 -43.58608  1835.30   499.39 2.46 1.93  41.3 -0.455 19.12 20.76 04a61097o0461o
61097.285602  20.363  0.707    26   18 o  0   0.97 209.01746 -43.58608  1855.27   378.11 2.21 1.80  49.2 -0.469 19.16 20.73 04a61097o0481o
61099.291803 -20.420  1.194   -25   29 o  0   1.23 209.01746 -43.58608  8786.53  6749.04 2.25 2.17 -58.3 -0.487 18.83 20.09 04a61099o0614o
61099.294521  21.544  2.537     9   22 o  0   1.27 209.01746 -43.58608  8764.97  6711.26 2.33 2.15 -22.6 -0.477 18.85 20.14 04a61099o0620o
61099.298619 -22.079  5.300    -5   28 o  0   0.86 209.01746 -43.58608  8824.19  6787.37 2.44 2.22 -61.1 -0.463 18.87 20.19 04a61099o0629o
61099.305555 -19.990  0.745   -37   27 o  0   0.80 209.01746 -43.58608  8843.08  6671.88 2.43 2.20 -41.4 -0.456 18.92 20.36 04a61099o0644o
61100.282278  20.386  1.034    26   26 o  0   1.18 209.01746 -43.58608  7380.74  2430.73 2.31 2.24 -81.9 -0.440 18.68 19.69 04a61100o0590o
61100.285098 -20.157  0.980   -31   31 o  0   0.76 209.01746 -43.58608  7360.72  2394.00 2.28 2.18 -39.0 -0.448 18.65 19.67 04a61100o0596o
61100.290199  19.727  0.581    47   27 o  0   0.87 209.01746 -43.58608  7417.78  2471.43 2.31 2.22 -47.4 -0.445 18.64 19.69 04a61100o0607o
61100.296360 -21.930  4.333    -6   27 o  0   1.06 209.01746 -43.58608  7436.26  2355.27 2.31 2.20 -32.2 -0.427 18.75 19.74 04a61100o0620o
61102.257439 -20.883  2.434   -16   39 o  0   1.13 209.01746 -43.58608   594.41  8386.13 2.75 2.14 -74.9 -0.377 18.16 18.85 04a61102o0546o
61102.258802  19.899  1.076    40   43 o  0   1.00 209.01746 -43.58608   572.47  8346.79 2.71 2.09 -77.6 -0.374 18.21 18.89 04a61102o0549o
61102.261534 -22.422  8.300    -4   32 o  0   1.35 209.01746 -43.58608   633.84  8426.96 2.64 2.04 -78.0 -0.376 18.26 18.86 04a61102o0555o
61102.269079 -21.113  2.493   -13   32 o  0   1.41 209.01746 -43.58608   652.56  8310.50 2.68 2.05 -75.7 -0.366 18.20 18.86 04a61102o0571o
61103.200579 -21.738  4.875    -7   36 o  0   1.28 209.01746 -43.58608   597.75  8376.98 2.57 1.97 -78.6 -0.380 18.23 18.80 04a61103o0426o
61103.203502  20.641  1.827    20   37 o  0   1.07 209.01746 -43.58608   576.16  8337.61 2.61 1.94 -80.2 -0.377 18.23 18.81 04a61103o0432o
61103.210189  19.405  0.593    63   37 o  0   0.97 209.01746 -43.58608   637.73  8418.81 2.59 1.94 -77.8 -0.390 18.21 18.83 04a61103o0446o
61103.245692  19.750  0.747    46   34 o  0   1.24 209.01746 -43.58608   651.04  8306.96 2.51 1.97 -74.9 -0.399 18.29 18.95 04a61103o0521o
61104.009930  22.466  6.586     4   25 o  0   0.88 209.01746 -43.58608  3662.37  2091.19 2.28 2.00 -59.0 -0.420 18.67 19.05 03a61104o0566o
61104.012683  19.918  0.633    39   25 o  0   1.05 209.01746 -43.58608  3645.38  2051.45 2.26 2.03 -59.6 -0.420 18.65 19.06 03a61104o0572o
61104.017257 -20.106  0.814   -33   27 o  0   1.01 209.01746 -43.58608  3703.65  2131.66 2.20 1.98 -54.4 -0.429 18.70 19.11 03a61104o0582o
61104.040182 -21.073  1.545   -14   21 o  0   1.08 209.01746 -43.58608  3734.08  2014.61 2.33 2.11 -56.5 -0.407 18.68 19.19 03a61104o0631o
61105.237548  19.954  1.356    38   51 o  0   0.98 209.01746 -43.58608  3519.62  2153.18 2.18 2.01  48.0 -0.425 17.87 18.52 04a61105o0304o
61105.250463 -24.159 64.000    -1   50 o  0   1.34 209.01746 -43.58608  3497.51  2120.80 2.25 2.06  29.6 -0.448 17.89 18.55 04a61105o0332o
61105.253700  19.407  0.804    63   50 o  0   1.14 209.01746 -43.58608  3554.44  2199.98 2.25 2.06  45.6 -0.425 17.88 18.60 04a61105o0339o
61105.282074  20.846  3.356    17   56 o  0   1.06 209.01746 -43.58608  3573.32  2081.30 2.15 2.07  49.1 -0.443 17.88 18.56 04a61105o0399o
61105.478913 -18.806  0.329  -109   36 o  0   1.37 209.01746 -43.58608  3610.98  2118.64 3.07 2.81  42.9 -0.410 18.20 18.45 01a61105o0583o
61105.480282 -21.511  3.943    -9   36 o  0   1.13 209.01746 -43.58608  3592.89  2079.74 2.87 2.62  40.3 -0.413 18.26 18.46 01a61105o0586o
61105.490348 -19.617  0.720   -52   37 o  0   1.01 209.01746 -43.58608  3651.86  2160.15 2.82 2.57  40.0 -0.418 18.29 18.49 01a61105o0608o
61105.496285  23.198 23.778     2   45 o  0   0.72 209.01746 -43.58608  3673.40  2045.88 3.27 3.03  47.3 -0.364 18.14 18.50 01a61105o0621o
61106.208097  20.322  1.757    27   47 o  0   1.38 209.01746 -43.58608  6731.15  8624.60 2.51 2.07 -67.4 -0.432 17.96 18.70 04a61106o0449o
61106.211030  21.862  8.889     6   58 o  0   0.98 209.01746 -43.58608  6712.02  8584.30 2.48 2.10 -55.6 -0.485 17.89 18.71 04a61106o0455o
61106.216236  19.306  0.903    69   62 o  0   1.07 209.01746 -43.58608  6770.99  8663.33 2.65 2.08 -70.9 -0.420 17.84 18.67 04a61106o0466o
61106.226127  19.177  0.694    78   54 o  0   1.51 209.01746 -43.58608  6788.08  8547.76 2.34 1.99 -65.7 -0.462 17.90 18.69 04a61106o0487o
61106.959196  20.503  1.000    23   23 o  0   0.99 209.01746 -43.58608  6696.85  8626.29 3.00 2.49 -41.6 -0.384 18.66 19.42 03a61107o0475o
61106.990924  19.865  0.602    41   25 o  0   1.01 209.01746 -43.58608  6682.00  8584.95 2.89 2.56 -46.7 -0.387 18.61 19.33 03a61107o0543o
61106.996477 -20.503  1.193   -23   27 o  0   0.83 209.01746 -43.58608  6743.47  8668.72 3.06 2.69 -42.4 -0.378 18.59 19.34 03a61107o0555o
61106.999711  20.452  1.155    24   28 o  0   0.78 209.01746 -43.58608  6764.65  8553.93 3.11 2.73 -42.9 -0.383 18.53 19.34 03a61107o0562o
61108.281051 -21.970  7.267    -6   43 o  0   0.83 209.01746 -43.58608  6822.05  4674.29 2.34 2.18 -43.7 -0.437 18.20 19.30 04a61108o0110o
61108.283334  19.790  0.911    44   40 o  0   1.13 209.01746 -43.58608  6802.97  4636.03 2.39 2.21 -36.5 -0.437 18.13 19.28 04a61108o0115o
61108.305765 -20.185  1.414   -31   43 o  0   0.77 209.01746 -43.58608  6858.04  4714.36 2.37 2.18 -41.1 -0.440 18.15 19.27 04a61108o0162o
61108.312369  21.098  3.684    13   49 o  0   0.98 209.01746 -43.58608  6875.66  4599.00 2.39 2.20 -34.1 -0.458 18.16 19.32 04a61108o0176o
61109.258354 -18.190  0.548  -192  105 o  0   1.22 209.01746 -43.58608  6825.24  4666.12 2.13 2.00 -28.0 -0.456 17.03 17.56 04a61109o0551o
61109.259709  20.771  4.820    18   86 o  0   1.19 209.01746 -43.58608  6805.63  4627.61 2.17 2.03 -37.1 -0.469 17.39 17.73 04a61109o0554o
61109.262810 -20.365  2.551   -26   66 o  0   1.26 209.01746 -43.58608  6862.48  4703.98 2.16 2.06 -45.9 -0.453 17.40 18.07 04a61109o0560o
61109.272864  21.533  9.480     9   84 o  0   0.88 209.01746 -43.58608  6877.64  4594.56 2.25 2.03 -27.0 -0.462 17.47 18.24 04a61109o0581o
61109.988033  20.491  0.704    23   16 o  0   0.99 209.01746 -43.58608  3055.31  4774.81 2.22 1.98 -56.2 -0.438 19.17 20.13 03a61110o0544o
61109.990767 -21.705  2.048    -8   16 o  0   1.21 209.01746 -43.58608  3038.16  4735.85 2.18 1.98 -62.2 -0.436 19.19 20.16 03a61110o0550o
61109.995811  20.832  0.932    17   16 o  0   1.42 209.01746 -43.58608  3097.15  4815.41 2.22 2.06 -52.1 -0.432 19.22 20.17 03a61110o0561o
61110.022983 -21.426  1.674   -10   16 o  0   1.12 209.01746 -43.58608  3128.00  4696.71 2.16 1.89 -62.7 -0.431 19.24 20.15 03a61110o0617o
61111.225143  21.140  1.610    13   20 o  0   0.90 209.01746 -43.58608  2983.45  4855.72 2.14 2.03 -79.0 -0.430 19.01 20.48 04a61111o0482o
61111.228070  20.999  1.033    14   15 o  0   1.65 209.01746 -43.58608  2964.29  4816.99 2.14 1.97 -82.5 -0.425 19.03 20.48 04a61111o0488o
61111.234891 -24.115 21.400    -1   18 o  0   1.04 209.01746 -43.58608  3023.39  4895.89 2.19 1.99 -84.6 -0.426 19.05 20.44 04a61111o0502o
61111.244413  21.182  1.372    12   17 o  0   1.46 209.01746 -43.58608  3037.08  4784.84 2.09 1.99  87.4 -0.426 19.06 20.46 04a61111o0522o
61111.987117  21.272  1.429    11   16 o  0   0.64 209.01746 -43.58608  5709.01   292.51 2.27 2.01 -55.6 -0.407 19.44 20.77 03a61112o0538o
61111.990370 -21.971  2.261    -6   13 o  0   0.81 209.01746 -43.58608  5695.19   253.01 2.32 2.04 -53.4 -0.409 19.43 20.73 03a61112o0545o
61111.995508  22.882  4.857     3   12 o  0   1.56 209.01746 -43.58608  5749.64   332.63 2.24 1.99 -41.9 -0.413 19.42 20.67 03a61112o0556o
61112.004469  20.856  1.060    16   18 o  0   0.62 209.01746 -43.58608  5775.86   216.84 2.26 2.00 -42.8 -0.410 19.35 20.58 03a61112o0575o
61112.197514  22.334  4.235     4   18 c  0   1.04 209.01746 -43.58608  8917.29 10435.29 2.97 2.27 -77.2 -0.415 19.19 20.97 04a61112o0437c
61112.207076 -21.867  2.731    -6   18 c  0   0.86 209.01746 -43.58608  8896.41 10398.80 2.96 2.26 -77.1 -0.417 19.22 20.99 04a61112o0457c
61112.209823 -20.014  0.812   -36   29 c  0   1.01 209.01746 -43.58608  8958.60 10476.45 2.96 2.25 -76.6 -0.420 19.17 20.97 04a61112o0463c
