###MJD          m      dm   uJy   duJy F err chi/N     RA       Dec        x        y     maj  min   phi  apfit mag5sig Sky   Obs
61084.462573 -20.429  0.667   -24   16 o  0   1.16 145.42850 -28.20249   628.52  9805.79 2.26 1.92 -51.3 -0.494 19.28 20.71 02a61084o0533o
61084.483990  21.573  1.898     8   16 o  0   1.06 145.42850 -28.20249   603.66  9766.94 2.23 1.98 -53.0 -0.492 19.24 20.64 02a61084o0579o
61084.486758 -21.478  2.048    -9   19 o  0   0.90 145.42850 -28.20249   665.23  9850.45 2.36 1.97 -52.7 -0.487 19.19 20.62 02a61084o0585o
61084.515493  21.019  1.215    14   17 o  0   1.28 145.42850 -28.20249   676.48  9726.68 2.29 2.04 -56.8 -0.489 19.09 20.48 02a61084o0647o
61086.199570  23.252 10.100     2   18 o  0   1.00 145.42850 -28.20249  4197.72  6479.71 2.26 1.98 -67.3 -0.438 19.10 20.69 04a61086o0400o
61086.231677  20.096  0.569    33   19 o  0   1.26 145.42850 -28.20249  4223.15  6518.80 2.24 2.00 -65.7 -0.443 19.03 20.46 04a61086o0467o
61086.234424  21.109  1.459    13   19 o  0   0.65 145.42850 -28.20249  4163.31  6441.06 2.22 1.98 -62.2 -0.440 19.06 20.45 04a61086o0473o
61086.254107  22.668  5.688     3   18 o  0   1.13 145.42850 -28.20249  4147.01  6558.32 2.34 2.03 -70.2 -0.434 19.03 20.42 04a61086o0512o
61087.944289  19.817  5.545    43  238 c  0   1.31 145.42850 -28.20249  4153.38  2931.13 2.55 2.35 -49.3 -0.385 16.03 18.07 03a61088o0064c
61089.452444 -22.912  4.769    -2   12 o  0   1.50 145.42850 -28.20249  6436.88  7622.18 2.76 2.52  48.5 -0.424 19.23 21.09 02a61089o0455o
61089.456058 -20.544  0.717   -22   16 o  0   1.06 145.42850 -28.20249  6415.98  7580.56 2.81 2.67  47.8 -0.429 19.16 21.05 02a61089o0463o
61089.461562  20.496  0.592    23   14 o  0   1.65 145.42850 -28.20249  6474.79  7661.38 2.63 2.42  42.4 -0.433 19.28 21.05 02a61089o0475o
61089.496199 -20.586  0.673   -21   14 o  0   1.31 145.42850 -28.20249  6483.14  7544.42 2.76 2.50  42.3 -0.422 19.16 20.90 02a61089o0550o
61090.450270  23.764 13.000     1   15 o  0   0.81 145.42850 -28.20249  2211.93  3712.90 2.25 2.09  44.0 -0.437 19.24 20.87 02a61090o0520o
61090.452987  21.140  1.080    13   14 o  0   1.33 145.42850 -28.20249  2190.82  3674.32 2.31 2.17  45.5 -0.429 19.20 20.89 02a61090o0526o
61090.488511  22.734  4.550     3   13 o  0   1.56 145.42850 -28.20249  2241.34  3750.94 2.32 2.22  36.4 -0.435 19.19 20.67 02a61090o0603o
61090.517174  20.802  1.089    17   19 o  0   1.14 145.42850 -28.20249  2257.04  3635.85 2.83 2.75  51.2 -0.417 18.86 20.50 02a61090o0665o
61090.939173  21.346  0.739    10    8 c  0   1.59 145.42850 -28.20249  8272.37  6914.22 2.65 2.23 -56.5 -0.390 19.82 22.14 03a61091o0146c
61090.941883 -21.331  0.765   -11    8 c  0   1.16 145.42850 -28.20249  8292.35  6953.37 2.69 2.26 -62.5 -0.392 19.80 22.14 03a61091o0152c
61090.947472 -21.731  1.095    -7    8 c  0   1.33 145.42850 -28.20249  8238.02  6875.79 2.82 2.41 -60.5 -0.390 19.73 22.13 03a61091o0164c
61090.983967 -21.782  1.293    -7    9 c  0   1.20 145.42850 -28.20249  8225.42  6992.72 2.77 2.38 -59.0 -0.389 19.72 22.09 03a61091o0236c
61092.191509  20.683  0.784    19   15 o  0   0.97 145.42850 -28.20249  2110.88  9217.59 2.69 1.93 -71.2 -0.404 19.17 20.84 04a61092o0327o
61092.197196  20.928  1.139    16   18 o  0   0.98 145.42850 -28.20249  2127.84  9256.87 2.65 1.96 -71.6 -0.415 19.18 20.80 04a61092o0339o
61092.199639 -22.872  4.923    -3   13 o  0   1.65 145.42850 -28.20249  2071.52  9179.78 2.70 1.99 -74.1 -0.403 19.18 20.87 04a61092o0344o
61092.235103 -20.599  0.843   -21   18 o  0   1.39 145.42850 -28.20249  2058.76  9300.20 2.70 1.99 -72.0 -0.414 19.06 20.65 04a61092o0415o
61095.452526 -21.861  2.587    -6   17 o  0   0.75 145.42850 -28.20249  8646.26  7958.61 2.31 2.17  84.6 -0.449 19.37 20.82 02a61095o0023o
61095.455322  21.784  2.140     7   15 o  0   1.17 145.42850 -28.20249  8706.53  8042.35 2.30 2.16  86.2 -0.448 19.33 20.84 02a61095o0029o
61095.460310 -20.964  0.883   -15   13 o  0   1.56 145.42850 -28.20249  8724.27  7926.56 2.34 2.18 -82.9 -0.448 19.35 20.92 02a61095o0040o
61096.419046  21.213  1.704    12   20 o  0   0.98 145.42850 -28.20249  8776.03  9951.27 2.52 2.10 -55.7 -0.433 19.04 20.07 02a61096o0443o
61096.450526 -20.190  0.643   -30   20 o  0   0.99 145.42850 -28.20249  8751.06  9911.93 2.46 2.11 -58.0 -0.439 19.09 20.14 02a61096o0511o
61096.453241 -19.766  0.401   -45   18 o  0   1.07 145.42850 -28.20249  8813.15  9995.48 2.54 2.10 -59.8 -0.433 19.06 20.14 02a61096o0517o
61096.481862 -22.051  3.943    -6   22 o  0   0.94 145.42850 -28.20249  8819.63  9874.60 2.66 2.09 -58.2 -0.436 19.10 20.14 02a61096o0579o
61096.946914  21.974  1.667     6   10 c  0   1.21 145.42850 -28.20249  1892.00   551.76 2.37 2.19 -63.5 -0.407 19.75 21.91 03a61097o0418c
61096.949699 -20.560  0.345   -22    8 c  0   1.40 145.42850 -28.20249  1910.28   590.94 2.41 2.30 -58.2 -0.404 19.75 21.95 03a61097o0424c
61096.952036  22.932  3.333     2    8 c  0   1.55 145.42850 -28.20249  1853.04   511.44 2.30 2.16 -58.1 -0.411 19.79 21.98 03a61097o0429c
61096.955640  21.361  0.947    10   10 c  0   0.79 145.42850 -28.20249  1834.23   628.61 2.30 2.20 -60.2 -0.411 19.80 22.00 03a61097o0437c
61098.174880  21.320  1.859    11   20 o  0   1.34 145.42850 -28.20249  6092.01  4451.66 2.19 2.02 -30.4 -0.445 18.85 20.08 04a61098o0366o
61098.177667 -21.620  2.891    -8   24 o  0   0.99 145.42850 -28.20249  6112.93  4491.19 2.21 2.10 -35.5 -0.450 18.82 20.07 04a61098o0372o
61098.183412  19.615  0.372    52   19 o  0   1.65 145.42850 -28.20249  6055.46  4412.46 2.18 2.01 -37.6 -0.440 18.85 20.06 04a61098o0384o
61098.193064 -20.254  0.634   -29   18 o  0   1.43 145.42850 -28.20249  6033.96  4528.27 2.15 2.02 -33.9 -0.447 18.87 20.08 04a61098o0405o
61099.404777  20.304  6.706    28  184 o  0   1.35 145.42850 -28.20249  6043.56  4501.48 3.22 2.59  38.1 -0.331 16.40 16.15 01a61099o0420o
61099.439430  16.682  0.757   771  583 o  0   0.93 145.42850 -28.20249  6055.02  4533.41 3.11 2.52  39.6 -0.357 15.30 14.89 01a61099o0495o
61099.442629  19.140  2.555    80  205 o  0   1.15 145.42850 -28.20249  5996.03  4455.57 2.99 2.47  39.2 -0.367 16.13 15.79 01a61099o0502o
61099.448110 -19.230  3.578   -74  264 o  0   1.44 145.42850 -28.20249  5973.38  4570.83 2.83 2.45  42.1 -0.388 15.94 15.52 01a61099o0514o
61102.927312  23.382 16.583     2   27 o  0   1.82 145.42850 -28.20249  6117.41  2882.04 2.30 2.05 -56.3 -0.426 18.35 18.59 03a61103o0389o
61102.930761  19.718  0.679    47   32 o  0   0.81 145.42850 -28.20249  6138.47  2921.72 2.29 2.06 -54.6 -0.434 18.41 18.64 03a61103o0396o
61102.936338 -20.774  1.685   -18   30 o  0   1.05 145.42850 -28.20249  6085.59  2843.50 2.37 2.11 -57.7 -0.431 18.35 18.61 03a61103o0408o
61102.945671 -19.856  1.031   -42   43 o  0   1.08 145.42850 -28.20249  6061.67  2958.43 2.38 2.14 -53.6 -0.434 18.12 18.44 03a61103o0426o
61104.199752 -20.030  1.270   -35   45 o  0   1.17 145.42850 -28.20249  4025.72  9097.80 2.63 1.90 -69.7 -0.455 18.18 18.69 04a61104o0430o
61104.202665  20.430  1.583    24   39 o  0   1.81 145.42850 -28.20249  4046.28  9136.93 2.35 1.85 -69.5 -0.474 18.17 18.68 04a61104o0436o
61104.207681 -21.645  6.618    -8   53 o  0   1.02 145.42850 -28.20249  3990.17  9058.76 2.53 1.86 -72.8 -0.457 17.99 18.83 04a61104o0447o
61104.221484 -19.244  0.615   -73   45 o  0   1.32 145.42850 -28.20249  3968.99  9176.12 2.68 1.92 -74.9 -0.429 18.01 18.45 04a61104o0476o
61105.416782 -20.396  0.884   -25   22 o  0   0.88 145.42850 -28.20249  3978.85  9158.28 2.65 2.42  54.3 -0.379 18.92 19.53 01a61105o0448o
61105.421821  20.029  0.576    35   20 o  0   1.14 145.42850 -28.20249  3998.01  9196.21 2.67 2.49  59.6 -0.380 18.88 19.51 01a61105o0459o
61105.426852 -20.689  0.993   -19   19 o  0   1.33 145.42850 -28.20249  3938.96  9118.30 2.53 2.52  51.2 -0.397 18.93 19.50 01a61105o0470o
61105.439698  20.789  1.213    18   21 o  0   1.00 145.42850 -28.20249  3913.97  9232.86 2.81 2.77 -57.2 -0.376 18.79 19.45 01a61105o0498o
61107.446640 -21.222  1.687   -12   20 o  0   2.19 145.42850 -28.20249   523.95  7847.37 2.57 2.53  55.8 -0.392 18.63 19.67 02a61107o0327o
61107.449827 -21.031  1.840   -14   26 o  0   0.85 145.42850 -28.20249   504.85  7810.16 2.54 2.51 -72.8 -0.390 18.59 19.65 02a61107o0334o
61108.408172 -20.026  0.432   -36   15 o  0   1.06 145.42850 -28.20249  8282.74  3929.71 2.23 2.06 -61.7 -0.416 19.18 20.46 02a61108o0417o
61108.411819  20.428  0.751    24   18 o  0   1.01 145.42850 -28.20249  8263.82  3892.51 2.24 2.16 -68.8 -0.407 19.01 20.27 02a61108o0425o
61108.420922  20.568  0.770    22   17 o  0   1.32 145.42850 -28.20249  8323.30  3974.98 2.17 2.06 -61.3 -0.412 18.89 19.97 02a61108o0445o
61108.431608 -22.294  7.080    -4   31 o  0   1.16 145.42850 -28.20249  8341.55  3858.37 2.20 2.04 -63.0 -0.412 18.43 19.34 02a61108o0468o
61108.930821  22.184  2.500     5   12 o  0   1.32 145.42850 -28.20249  2243.13  6565.36 2.53 2.25 -60.8 -0.393 19.36 20.76 03a61109o0419o
61108.934442 -21.753  1.569    -7   11 o  0   1.12 145.42850 -28.20249  2263.64  6603.93 2.44 2.16 -64.2 -0.396 19.38 20.75 03a61109o0427o
61108.940797 -21.119  0.852   -13   11 o  0   1.37 145.42850 -28.20249  2207.01  6525.94 2.46 2.22 -55.0 -0.405 19.38 20.74 03a61109o0440o
61108.950950 -21.915  2.298    -6   14 o  0   1.02 145.42850 -28.20249  2190.24  6642.25 2.34 2.06 -61.4 -0.409 19.40 20.67 03a61109o0462o
61110.167462 -21.860  2.457    -6   16 o  0   1.42 145.42850 -28.20249  6188.86  6383.90 2.19 2.00 -65.5 -0.455 19.08 20.68 04a61110o0362o
61110.170758  20.474  0.799    24   19 o  0   1.47 145.42850 -28.20249  6206.51  6423.14 2.14 1.92 -60.0 -0.452 19.09 20.54 04a61110o0369o
61110.178751 -20.497  0.817   -23   19 o  0   1.02 145.42850 -28.20249  6151.75  6346.13 2.15 1.95 -63.0 -0.454 19.06 20.61 04a61110o0384o
61110.190639  20.961  1.241    15   19 o  0   1.32 145.42850 -28.20249  6130.46  6460.79 2.08 1.93 -61.5 -0.451 19.07 20.56 04a61110o0409o
61111.911051 -23.378  6.000    -2   10 o  0   1.28 145.42850 -28.20249  7962.68   863.36 2.35 2.06 -55.8 -0.428 19.15 20.92 03a61112o0379o
