ASAS15hx 0.008300 205.819542 -31.555986
filter B
57140.18  14.596  0.008
57141.20  14.305  0.013
57142.21  14.059  0.010
57143.18  13.867  0.009
57144.24  13.713  0.007
57148.30  13.385  0.005
57151.24  13.300  0.008
57152.28  13.312  0.005
57153.27  13.345  0.008
57154.22  13.354  0.009
57155.24  13.397  0.011
57156.20  13.400  0.015
57157.20  13.496  0.012
57158.21  13.541  0.009
57159.24  13.614  0.008
57160.29  13.684  0.009
57161.22  13.777  0.011
57162.21  13.839  0.008
57163.23  13.930  0.005
57164.19  14.027  0.009
57165.21  14.127  0.007
57166.20  14.222  0.005
57174.12  15.002  0.012
57175.12  15.071  0.010
57176.17  15.175  0.010
57177.19  15.250  0.012
57178.18  15.344  0.007
57179.20  15.437  0.008
57180.17  15.511  0.009
57181.12  15.589  0.009
57182.17  15.666  0.009
filter g
57140.19  14.513  0.005
57142.20  14.041  0.011
57143.18  13.855  0.008
57144.24  13.681  0.005
57148.29  13.348  0.005
57151.24  13.259  0.005
57152.29  13.265  0.005
57153.27  13.289  0.005
57154.22  13.310  0.009
57155.23  13.340  0.007
57156.20  13.358  0.014
57157.21  13.399  0.009
57158.21  13.438  0.005
57159.24  13.492  0.005
57160.28  13.557  0.005
57161.23  13.627  0.009
57162.20  13.676  0.007
57163.22  13.747  0.005
57164.19  13.826  0.008
57165.20  13.884  0.009
57166.19  13.974  0.005
57174.11  14.618  0.010
57175.11  14.684  0.009
57176.17  14.769  0.008
57177.18  14.826  0.009
57178.19  14.924  0.007
57179.19  15.009  0.006
57180.16  15.080  0.006
57181.12  15.167  0.008
57182.16  15.253  0.008
filter i
57140.19  15.004  0.007
57141.21  14.764  0.020
57142.20  14.535  0.017
57143.18  14.357  0.013
57144.24  14.158  0.006
57148.29  13.991  0.006
57151.24  14.039  0.008
57152.29  14.077  0.008
57153.27  14.149  0.011
57154.22  14.173  0.014
57155.23  14.231  0.012
57156.20  14.245  0.017
57157.21  14.278  0.011
57158.21  14.305  0.006
57159.24  14.367  0.006
57160.28  14.446  0.008
57161.23  14.531  0.012
57162.20  14.616  0.009
57163.22  14.682  0.007
57164.19  14.767  0.010
57165.20  14.814  0.011
57166.19  14.818  0.008
57174.12  14.830  0.018
57175.11  14.723  0.011
57176.17  14.742  0.012
57177.18  14.682  0.011
57178.19  14.702  0.010
57179.19  14.669  0.007
57180.16  14.659  0.007
57181.13  14.651  0.011
57182.16  14.689  0.012
filter H
57140.19  14.784  0.012
57141.14  14.535  0.021
57142.18  14.332  0.015
57143.20  14.230  0.013
57144.18  14.116  0.010
57151.24  14.256  0.012
57153.17  14.346  0.012
57170.17  14.444  0.013
57172.16  14.442  0.015
57173.22  14.375  0.013
filter r
57140.19  14.672  0.008
57141.21  14.438  0.016
57142.20  14.214  0.016
57143.18  14.014  0.009
57144.24  13.813  0.005
57148.29  13.481  0.005
57151.24  13.376  0.005
57152.29  13.366  0.005
57153.27  13.364  0.005
57154.21  13.371  0.008
57155.23  13.381  0.008
57156.20  13.399  0.012
57157.21  13.439  0.010
57158.21  13.474  0.006
57159.24  13.530  0.005
57160.28  13.581  0.005
57161.22  13.692  0.010
57162.20  13.730  0.007
57163.22  13.804  0.005
57164.19  13.870  0.008
57165.20  13.924  0.009
57166.19  13.986  0.005
57174.12  14.224  0.014
57175.11  14.210  0.009
57176.17  14.219  0.008
57177.18  14.230  0.007
57178.19  14.271  0.008
57179.19  14.294  0.006
57180.16  14.329  0.006
57181.13  14.346  0.009
57182.16  14.417  0.008
filter u
57140.20  15.415  0.008
57141.21  14.994  0.016
57142.21  14.687  0.012
57143.18  14.422  0.010
57144.25  14.231  0.008
57148.29  13.840  0.006
57151.25  13.844  0.006
57152.29  13.903  0.006
57153.27  13.954  0.007
57154.22  14.014  0.009
57155.23  14.100  0.010
57156.20  14.189  0.009
57157.21  14.249  0.012
57158.22  14.363  0.007
57159.24  14.462  0.006
57160.28  14.583  0.007
57161.23  14.673  0.016
57162.20  14.783  0.007
57163.22  14.920  0.008
57164.19  15.039  0.009
57165.20  15.167  0.014
57166.19  15.304  0.008
57174.12  16.269  0.017
57175.12  16.399  0.015
57176.17  16.486  0.015
57177.18  16.561  0.024
57178.19  16.682  0.017
57179.19  16.735  0.020
57180.16  16.814  0.016
57181.13  16.873  0.022
57182.16  16.930  0.017
filter V
57141.20  14.368  0.013
57142.21  14.138  0.014
57143.18  13.935  0.007
57144.24  13.773  0.006
57148.29  13.413  0.005
57151.24  13.324  0.007
57152.28  13.310  0.005
57153.27  13.328  0.008
57154.22  13.341  0.009
57155.24  13.350  0.009
57156.20  13.358  0.014
57157.21  13.412  0.010
57158.21  13.422  0.007
57159.24  13.457  0.005
57160.29  13.493  0.009
57161.22  13.550  0.009
57162.20  13.595  0.007
57163.23  13.643  0.005
57164.19  13.727  0.009
57165.20  13.777  0.009
57166.19  13.834  0.005
57174.12  14.260  0.010
57175.12  14.313  0.007
57176.17  14.363  0.008
57177.19  14.405  0.010
57178.18  14.459  0.007
57179.20  14.522  0.007
57180.17  14.586  0.006
filter Y
57140.17  14.751  0.009
57141.13  14.521  0.010
57142.18  14.306  0.009
57143.19  14.139  0.009
57144.18  14.028  0.009
57151.24  14.193  0.009
57153.17  14.362  0.009
57170.17  14.652  0.009
57172.16  14.554  0.009
57173.21  14.482  0.010
filter Jrc2
57140.20  14.679  0.008
57141.14  14.440  0.011
57142.19  14.215  0.009
57143.20  14.056  0.009
57144.19  13.946  0.009
57151.23  13.975  0.008
57153.18  14.109  0.008
