ASAS15da 0.048700 80.966167 -24.702328
filter B
57068.11  17.717  0.016
57069.09  17.780  0.017
57075.05  18.258  0.014
57076.05  18.348  0.016
57079.05  18.769  0.026
57080.03  18.938  0.023
57081.09  19.077  0.041
57082.04  19.259  0.047
57083.08  19.323  0.040
57085.04  19.576  0.049
57087.08  19.974  0.111
57089.08  19.975  0.059
57091.07  20.130  0.038
57095.03  20.526  0.041
57097.07  20.640  0.052
57098.04  20.479  0.050
57100.03  20.743  0.057
57102.02  20.690  0.051
filter g
57068.09  17.652  0.013
57069.09  17.730  0.014
57075.05  18.131  0.016
57076.04  18.218  0.023
57079.04  18.573  0.024
57080.04  18.693  0.023
57081.07  18.744  0.034
57082.04  18.976  0.032
57083.06  19.039  0.034
57085.05  19.337  0.044
57087.07  19.537  0.072
57089.06  19.754  0.055
57091.06  19.983  0.051
57093.01  20.026  0.038
57095.02  20.220  0.055
57097.06  20.344  0.051
57098.04  20.298  0.106
57100.05  20.473  0.066
57102.03  20.576  0.077
filter i
57068.10  18.287  0.025
57069.10  18.323  0.024
57075.06  19.011  0.035
57076.04  18.986  0.052
57079.04  19.006  0.049
57080.04  19.094  0.045
57081.07  18.957  0.061
57082.05  18.927  0.044
57083.07  18.892  0.036
57085.05  18.810  0.040
57087.07  18.793  0.038
57089.07  18.749  0.033
57091.06  18.827  0.034
57093.02  18.976  0.033
57095.02  19.165  0.041
57097.06  19.303  0.041
57098.05  19.295  0.053
57100.05  19.474  0.044
57102.04  19.458  0.075
filter r
57068.09  17.701  0.015
57069.09  17.742  0.016
57075.05  18.145  0.018
57076.04  18.176  0.023
57079.04  18.399  0.024
57080.04  18.371  0.023
57081.07  18.338  0.030
57082.04  18.442  0.026
57083.06  18.460  0.025
57085.05  18.536  0.026
57087.06  18.605  0.032
57089.06  18.741  0.034
57091.05  18.827  0.030
57093.01  19.058  0.026
57095.02  19.156  0.028
57097.06  19.247  0.031
57098.05  19.427  0.050
57100.04  19.394  0.036
57102.03  19.559  0.040
filter u
57068.10  18.464  0.024
57069.10  18.518  0.024
57075.06  19.492  0.040
57076.05  19.666  0.039
57079.04  20.351  0.090
57080.05  20.430  0.081
filter V
57068.10  17.742  0.016
57069.09  17.844  0.021
57075.05  18.028  0.018
57076.05  18.139  0.023
57079.05  18.337  0.037
57080.04  18.440  0.025
57081.08  18.401  0.035
57082.04  18.601  0.034
57083.08  18.708  0.033
57085.04  18.713  0.025
57089.07  19.129  0.049
57091.06  19.310  0.035
57093.01  19.530  0.038
57095.03  19.619  0.048
57097.07  19.687  0.039
57100.04  19.825  0.060
