ASAS15hf 0.006173 157.379183 -35.259889
filter B
57129.20  14.969  0.009
57130.17  14.809  0.009
57131.15  14.670  0.016
57134.12  14.402  0.007
57135.10  14.400  0.010
57136.11  14.392  0.014
57137.09  14.320  0.009
57138.06  14.357  0.009
57139.05  14.379  0.006
57140.06  14.429  0.012
57141.11  14.469  0.012
57142.14  14.524  0.010
57143.14  14.594  0.012
57144.16  14.646  0.009
57145.20  14.737  0.009
57146.14  14.787  0.011
57147.05  14.892  0.016
57148.08  15.000  0.008
57152.11  15.429  0.014
57153.08  15.573  0.012
57155.15  15.820  0.014
57156.14  15.932  0.019
57157.08  16.011  0.016
57158.15  16.117  0.011
57159.14  16.221  0.023
57160.15  16.310  0.011
57161.14  16.418  0.012
57162.07  16.482  0.022
57163.06  16.536  0.018
57164.06  16.638  0.028
57165.08  16.742  0.015
57174.02  17.090  0.018
57175.00  17.133  0.022
57179.06  17.223  0.025
filter g
57129.21  14.906  0.011
57130.16  14.747  0.006
57131.16  14.690  0.022
57134.12  14.340  0.005
57135.10  14.312  0.014
57136.11  14.336  0.016
57137.09  14.271  0.009
57138.07  14.268  0.005
57139.05  14.294  0.008
57140.07  14.302  0.009
57141.11  14.315  0.012
57142.13  14.391  0.013
57143.15  14.438  0.006
57144.17  14.459  0.009
57145.21  14.549  0.005
57146.14  14.605  0.006
57147.04  14.688  0.009
57148.08  14.753  0.005
57152.10  15.088  0.015
57153.08  15.221  0.019
57155.15  15.436  0.013
57156.13  15.492  0.041
57157.09  15.603  0.011
57158.15  15.716  0.007
57160.16  15.888  0.009
57161.13  15.992  0.009
57162.08  16.063  0.015
57163.07  16.181  0.012
57164.05  16.232  0.019
57165.08  16.235  0.009
57174.03  16.701  0.017
57175.01  16.739  0.023
57179.06  16.847  0.023
filter i
57129.21  15.037  0.011
57130.16  14.908  0.014
57131.16  14.817  0.017
57135.10  14.689  0.030
57136.11  14.801  0.020
57137.09  14.827  0.019
57139.05  14.888  0.018
57140.07  14.925  0.021
57141.11  14.906  0.019
57142.14  15.020  0.016
57143.15  15.084  0.014
57144.17  15.162  0.016
57145.20  15.188  0.015
57147.04  15.400  0.017
57148.08  15.387  0.017
57153.09  15.438  0.022
57155.15  15.367  0.016
57156.13  15.400  0.025
57157.09  15.342  0.019
57158.16  15.262  0.012
57159.13  15.263  0.017
57160.16  15.258  0.010
57161.14  15.234  0.019
57162.08  15.283  0.022
57163.07  15.259  0.021
57164.06  15.244  0.013
57165.09  15.274  0.012
57174.03  16.199  0.023
57175.01  16.011  0.028
filter H
57137.19  14.788  0.017
57138.20  14.486  0.011
57139.08  14.692  0.011
57140.00  14.611  0.019
57150.02  15.172  0.025
57151.19  15.313  0.020
filter r
57129.21  14.882  0.007
57130.16  14.711  0.007
57131.16  14.625  0.020
57134.13  14.363  0.006
57135.10  14.299  0.017
57136.11  14.300  0.024
57137.09  14.279  0.009
57138.07  14.267  0.007
57139.05  14.266  0.009
57140.07  14.252  0.011
57141.11  14.307  0.019
57142.13  14.340  0.013
57143.14  14.354  0.025
57144.17  14.439  0.012
57145.21  14.527  0.006
57146.14  14.607  0.013
57147.04  14.661  0.012
57148.07  14.724  0.006
57152.10  14.917  0.018
57153.09  15.013  0.027
57155.15  15.007  0.014
57156.13  15.054  0.023
57157.09  15.030  0.021
57158.15  15.027  0.015
57159.13  15.158  0.026
57160.16  15.074  0.013
57161.13  15.092  0.014
57162.08  15.191  0.029
57163.07  15.232  0.015
57164.05  15.271  0.021
57165.08  15.361  0.008
57174.03  16.021  0.023
57175.01  15.979  0.015
57179.07  16.143  0.023
filter u
57129.21  15.334  0.008
57130.16  15.148  0.008
57131.16  15.006  0.010
57134.13  14.822  0.006
57135.10  14.816  0.011
57136.11  14.836  0.009
57137.09  14.872  0.009
57138.07  14.945  0.008
57139.05  15.021  0.007
57140.07  15.081  0.013
57141.11  15.200  0.010
57142.14  15.307  0.010
57143.15  15.403  0.010
57144.17  15.501  0.010
57145.21  15.615  0.012
57146.15  15.763  0.011
57147.04  15.896  0.015
57148.08  16.020  0.012
57152.11  16.673  0.020
57153.09  16.823  0.016
57155.15  17.146  0.020
57156.13  17.280  0.025
57157.09  17.439  0.023
57158.16  17.533  0.028
57159.13  17.643  0.025
57160.16  17.648  0.028
57161.14  17.791  0.027
57162.08  17.938  0.025
57163.07  18.040  0.027
57164.06  18.058  0.024
57165.09  18.162  0.029
57174.03  18.523  0.044
57175.02  18.649  0.048
57179.07  18.772  0.062
filter V
57129.21  14.968  0.008
57130.17  14.796  0.008
57131.15  14.645  0.012
57134.12  14.357  0.007
57135.10  14.321  0.010
57136.11  14.296  0.009
57137.09  14.274  0.008
57138.06  14.270  0.009
57139.05  14.274  0.006
57140.07  14.286  0.011
57141.11  14.304  0.011
57142.14  14.321  0.009
57143.14  14.384  0.011
57144.16  14.406  0.008
57145.20  14.463  0.007
57146.14  14.502  0.008
57147.05  14.576  0.011
57148.08  14.632  0.006
57152.11  14.913  0.010
57153.08  14.968  0.011
57155.15  15.098  0.010
57156.14  15.160  0.016
57157.08  15.221  0.011
57158.15  15.254  0.008
57159.14  15.331  0.010
57160.16  15.390  0.008
57161.14  15.455  0.007
57162.07  15.513  0.012
57163.07  15.582  0.011
57164.06  15.651  0.010
57165.08  15.732  0.009
57174.03  16.277  0.012
57175.01  16.292  0.012
57179.06  16.396  0.024
filter Y
57137.18  14.566  0.019
57138.19  14.537  0.019
57139.07  14.826  0.041
57139.99  14.880  0.054
57141.10  14.710  0.031
57151.18  15.180  0.024
filter Jrc2
57137.20  14.445  0.035
57138.21  14.273  0.025
57139.08  14.332  0.014
57140.01  14.504  0.033
57141.11  14.487  0.035
57150.01  15.053  0.020
57151.17  15.192  0.024
57152.01  15.080  0.025
