ASASSN-14ig 0.029115 19.020625 -61.621306
filter B
56929.227 17.029 0.066
56929.231 17.068 0.077
56931.242 16.965 0.115
56932.235 17.175 0.070
filter V
56929.225 16.229 0.098
56929.234 16.407 0.079
56931.240 14.954 0.124
56932.237 16.097 0.092
filter g
56929.217 17.645 0.082
56929.238 17.188 0.083
56931.233 15.726 0.117
56932.244 17.457 0.089
filter i
56929.220 14.707 0.116
56929.243 14.356 0.098
56931.236 13.846 0.115
56932.241 14.822 0.107
filter r
56929.219 16.320 0.101
56929.241 15.463 0.093
56931.234 14.429 0.118
56932.243 15.937 0.092
filter u
56929.223 18.195 0.061
56929.247 18.175 0.058
56931.238 18.438 0.096
56932.239 18.370 0.060
