ASAS14kq 0.033577 356.314625 -29.783650
filter B
56985.05  16.802  0.008
56987.11  16.664  0.009
56994.09  16.679  0.014
56995.06  16.724  0.013
56996.09  16.781  0.013
56997.15  16.855  0.017
56998.11  16.909  0.014
56999.04  16.991  0.010
57000.14  17.086  0.013
57001.07  17.167  0.008
57002.12  17.258  0.013
57003.16  17.356  0.011
57005.10  17.548  0.011
57007.06  17.756  0.025
57009.07  17.948  0.013
57011.05  18.163  0.011
57013.06  18.380  0.013
57019.06  18.908  0.028
57021.06  19.046  0.030
57023.05  19.238  0.054
57025.03  19.289  0.047
57027.04  19.221  0.093
57027.05  19.438  0.136
57034.05  19.650  0.028
57041.06  19.769  0.031
filter g
56985.05  16.775  0.010
56987.10  16.637  0.009
56994.08  16.587  0.012
56995.05  16.624  0.013
56996.09  16.695  0.012
56997.15  16.729  0.016
56998.10  16.806  0.013
56999.04  16.879  0.012
57000.12  16.935  0.015
57001.07  17.010  0.011
57002.12  17.077  0.011
57003.15  17.170  0.010
57005.11  17.312  0.010
57007.07  17.516  0.029
57009.06  17.651  0.012
57011.05  17.837  0.012
57013.06  18.025  0.015
57019.05  18.547  0.028
57021.04  18.646  0.027
57023.04  18.864  0.045
57025.04  18.927  0.032
57027.03  19.050  0.115
57027.03  19.046  0.104
57034.04  19.344  0.024
57041.05  19.559  0.022
filter i
56985.05  17.269  0.016
56987.10  17.257  0.015
56994.08  17.361  0.021
56995.05  17.398  0.020
56996.09  17.425  0.023
56997.15  17.458  0.025
56998.10  17.514  0.026
56999.04  17.567  0.025
57000.12  17.648  0.026
57001.07  17.705  0.025
57001.08  17.681  0.019
57002.12  17.782  0.020
57003.15  17.874  0.020
57005.11  17.999  0.021
57007.07  18.021  0.057
57009.06  17.957  0.023
57011.05  17.887  0.023
57013.06  17.876  0.019
57019.05  17.825  0.025
57021.04  17.806  0.021
57023.04  17.859  0.020
57025.04  17.970  0.018
57027.04  17.986  0.034
57027.04  18.074  0.037
57034.04  18.538  0.023
57041.06  18.869  0.036
filter r
56985.05  16.929  0.013
56987.10  16.835  0.016
56994.08  16.654  0.016
56995.05  16.703  0.018
56996.09  16.737  0.013
56997.15  16.749  0.017
56998.10  16.777  0.015
56999.04  16.831  0.013
57000.12  16.873  0.015
57001.07  16.957  0.013
57002.12  16.989  0.013
57003.14  17.074  0.015
57005.11  17.157  0.012
57007.06  17.337  0.041
57009.06  17.298  0.012
57011.05  17.323  0.014
57013.06  17.355  0.011
57019.05  17.533  0.013
57021.04  17.640  0.015
57023.04  17.724  0.017
57025.04  17.826  0.013
57027.04  17.929  0.036
57027.04  17.919  0.031
57034.04  18.336  0.019
57041.06  18.529  0.015
filter u
56985.05  17.436  0.015
56987.10  17.234  0.012
56994.09  17.398  0.024
56995.06  17.503  0.022
56996.09  17.590  0.022
56997.16  17.763  0.035
56998.11  17.816  0.023
56999.05  17.944  0.018
57000.13  18.084  0.029
57001.08  18.208  0.017
57002.13  18.319  0.024
57003.15  18.404  0.022
57005.11  18.759  0.025
57007.07  19.013  0.040
57009.07  19.295  0.038
57011.05  19.571  0.041
57013.07  19.756  0.051
57019.06  20.292  0.085
57021.04  20.428  0.101
filter V
56985.05  16.865  0.012
56987.11  16.746  0.012
56994.09  16.691  0.015
56995.06  16.695  0.016
56996.09  16.706  0.017
56997.15  16.746  0.018
56998.11  16.792  0.019
56999.04  16.860  0.016
57000.14  16.913  0.016
57001.07  16.911  0.015
57002.12  16.986  0.015
57003.15  17.030  0.017
57005.10  17.149  0.013
57007.06  17.287  0.013
57009.07  17.391  0.015
57011.05  17.486  0.015
57013.06  17.616  0.015
57019.06  17.946  0.020
57021.05  18.044  0.020
57023.05  18.161  0.026
57025.04  18.313  0.026
57027.04  18.508  0.064
57027.04  18.427  0.061
57034.05  18.791  0.019
57041.06  18.994  0.021
filter Y
56990.10  17.415  0.021
56992.09  17.567  0.026
57003.09  18.002  0.022
57031.03  17.381  0.027
filter Jrc2
56990.12  17.287  0.016
56992.13  17.421  0.015
57031.04  18.288  0.098
