ASAS14hu 0.021585 100.862167 -69.637417
filter B
56928.31  15.963  0.008
56929.32  15.868  0.006
56930.34  15.775  0.006
56931.36  15.714  0.006
56932.36  15.660  0.008
56936.34  15.632  0.007
56937.31  15.657  0.009
56938.38  15.691  0.008
56939.36  15.742  0.010
56942.35  15.877  0.012
56943.32  15.968  0.010
56944.35  16.021  0.010
56948.34  16.357  0.009
56949.35  16.463  0.009
56950.30  16.561  0.009
56954.33  16.965  0.012
56955.33  17.077  0.011
56956.34  17.162  0.013
56958.29  17.340  0.009
56961.29  17.619  0.011
56963.28  17.777  0.018
56964.34  17.845  0.015
56965.30  17.886  0.023
56971.34  18.267  0.030
56972.28  18.381  0.021
56976.30  18.507  0.018
56977.30  18.564  0.019
56978.35  18.587  0.018
56984.28  18.683  0.012
56995.22  18.801  0.026
57001.23  18.957  0.026
57004.25  18.967  0.020
57005.26  19.002  0.017
57013.23  19.115  0.016
57023.28  19.250  0.024
57030.22  19.333  0.030
57036.14  19.506  0.019
57064.14  19.955  0.029
57076.15  20.174  0.027
filter g
56928.32  15.933  0.008
56929.32  15.817  0.006
56930.33  15.727  0.005
56931.35  15.666  0.005
56932.35  15.617  0.008
56936.35  15.578  0.007
56937.31  15.588  0.009
56938.37  15.617  0.008
56939.35  15.658  0.009
56942.34  15.775  0.011
56943.32  15.827  0.009
56944.34  16.013  0.025
56948.34  16.165  0.007
56949.34  16.251  0.006
56950.30  16.333  0.008
56954.32  16.643  0.010
56955.33  16.735  0.010
56956.33  16.811  0.013
56958.30  16.997  0.009
56961.28  17.231  0.009
56963.27  17.388  0.011
56964.33  17.458  0.012
56965.30  17.516  0.016
56971.27  17.957  0.048
56972.27  18.021  0.020
56976.29  18.199  0.018
56977.29  18.231  0.019
56978.34  18.257  0.018
56984.27  18.417  0.011
56995.21  18.566  0.021
57004.25  18.712  0.017
57005.25  18.738  0.016
57013.21  18.859  0.013
57023.26  18.950  0.034
57030.23  19.092  0.031
57036.15  19.209  0.016
57064.15  19.401  0.020
57076.13  19.790  0.019
filter i
56928.32  16.449  0.014
56929.33  16.372  0.010
56930.33  16.331  0.009
56931.36  16.309  0.009
56932.35  16.299  0.011
56936.34  16.384  0.012
56937.30  16.423  0.017
56938.38  16.407  0.014
56939.35  16.445  0.013
56942.34  16.587  0.021
56943.32  16.669  0.015
56944.34  16.699  0.040
56948.34  17.104  0.015
56949.34  17.165  0.013
56950.30  17.227  0.014
56954.32  17.171  0.017
56955.33  17.156  0.017
56956.33  17.157  0.019
56958.30  17.089  0.012
56961.28  17.003  0.011
56963.27  16.941  0.016
56964.33  16.919  0.014
56965.30  16.932  0.021
56971.27  17.063  0.021
56972.28  17.207  0.013
56976.29  17.442  0.018
56977.29  17.538  0.019
56978.34  17.554  0.017
56984.27  17.859  0.016
56995.21  18.326  0.023
57001.24  18.509  0.041
57004.26  18.648  0.021
57005.25  18.676  0.026
57013.21  18.973  0.025
57023.26  19.207  0.048
57030.23  19.469  0.048
57036.16  19.724  0.046
57064.15  20.526  0.065
57076.14  20.695  0.056
filter H
56929.37  16.420  0.016
56931.35  16.439  0.017
56936.33  16.663  0.017
56942.36  16.876  0.019
56966.25  16.688  0.024
56974.33  16.992  0.015
filter r
56928.32  16.041  0.009
56929.33  15.941  0.008
56930.33  15.848  0.008
56931.35  15.783  0.007
56932.35  15.738  0.009
56936.34  15.636  0.007
56937.31  15.649  0.012
56938.38  15.631  0.010
56939.35  15.659  0.009
56942.34  15.793  0.013
56943.32  15.841  0.009
56944.34  15.899  0.035
56948.34  16.209  0.009
56949.34  16.264  0.010
56950.30  16.312  0.013
56954.32  16.448  0.014
56955.33  16.451  0.013
56956.33  16.443  0.012
56958.30  16.465  0.009
56961.27  16.490  0.008
56963.27  16.530  0.012
56964.33  16.538  0.011
56965.30  16.581  0.016
56971.27  16.929  0.015
56972.28  16.995  0.013
56976.29  17.200  0.013
56977.29  17.286  0.014
56978.34  17.308  0.014
56984.27  17.537  0.011
56995.21  17.903  0.015
57001.23  18.068  0.017
57004.26  18.212  0.014
57005.24  18.205  0.013
57013.21  18.464  0.013
57023.26  18.782  0.027
57030.22  18.995  0.026
57036.15  19.113  0.018
57064.15  19.962  0.031
57076.12  20.295  0.036
filter u
56928.32  16.713  0.016
56929.33  16.565  0.012
56930.34  16.456  0.014
56931.36  16.360  0.015
56932.35  16.323  0.013
56936.34  16.386  0.014
56937.31  16.443  0.017
56938.38  16.523  0.015
56939.35  16.596  0.019
56942.34  16.820  0.024
56943.32  16.878  0.016
56944.34  16.922  0.036
56948.34  17.373  0.024
56949.34  17.515  0.026
56950.30  17.690  0.037
56954.32  18.202  0.042
56955.33  18.316  0.034
56956.33  18.424  0.036
56958.30  18.617  0.032
56961.28  18.883  0.035
56963.28  19.090  0.065
56964.34  19.091  0.042
56965.30  19.262  0.060
56971.28  19.611  0.198
56972.28  19.532  0.063
56976.30  19.689  0.062
56977.30  19.865  0.078
56978.35  19.709  0.069
56984.27  19.944  0.064
56995.22  19.938  0.117
57001.24  19.992  0.136
57005.25  20.143  0.084
57013.22  20.503  0.099
57023.27  20.517  0.089
57030.23  20.542  0.150
filter V
56928.32  16.010  0.010
56929.32  15.911  0.007
56930.34  15.818  0.008
56931.36  15.750  0.007
56932.36  15.696  0.007
56936.34  15.638  0.009
56937.31  15.641  0.011
56938.38  15.657  0.009
56939.35  15.646  0.008
56942.35  15.761  0.011
56943.32  15.803  0.009
56944.35  15.842  0.010
56948.34  16.087  0.008
56949.35  16.140  0.007
56950.30  16.215  0.008
56954.33  16.423  0.013
56955.33  16.446  0.013
56956.34  16.502  0.013
56958.30  16.612  0.008
56961.28  16.753  0.009
56963.28  16.820  0.012
56964.34  16.899  0.012
56965.30  16.953  0.015
56971.34  17.336  0.013
56972.28  17.411  0.015
56976.30  17.605  0.017
56977.30  17.679  0.015
56978.35  17.702  0.016
56984.28  17.886  0.013
56995.22  18.208  0.019
57001.23  18.349  0.018
57004.25  18.403  0.016
57005.26  18.411  0.013
57013.22  18.625  0.014
57023.27  18.837  0.037
57030.22  19.028  0.030
57036.15  19.103  0.017
57064.14  19.406  0.031
57076.14  19.788  0.023
filter Y
56929.36  16.262  0.008
56931.34  16.283  0.009
56936.32  16.651  0.011
56942.34  17.140  0.013
56966.23  16.305  0.009
56974.32  16.426  0.008
57029.22  19.138  0.062
57031.18  19.173  0.043
57060.12  19.964  0.080
filter Jrc2
56929.38  16.192  0.007
56931.35  16.188  0.009
56936.33  16.450  0.008
56942.37  17.043  0.009
56966.26  17.427  0.018
56974.35  17.559  0.011
