ASAS15fr 0.033413 140.085167 -7.640772
filter Jrc2
57109.22  17.374  0.016
57111.13  17.635  0.013
57112.08  17.700  0.026
57113.16  17.799  0.037
57114.09  17.861  0.033
57115.04  18.233  0.029
57120.13  19.019  0.038
filter g
57110.05  16.793  0.009
57117.04  17.099  0.011
57118.05  17.169  0.011
57119.03  17.254  0.010
57120.03  17.364  0.012
57121.04  17.458  0.010
57122.03  17.559  0.013
57123.05  17.652  0.009
57125.12  17.872  0.011
57127.10  18.109  0.014
57129.10  18.289  0.013
57131.13  18.527  0.018
57134.08  18.880  0.015
57136.08  19.045  0.018
57141.09  19.364  0.031
57143.12  19.434  0.051
57152.08  19.786  0.035
57156.06  19.837  0.028
57159.05  19.925  0.025
57162.03  19.957  0.023
57164.01  19.973  0.035
57178.00  20.167  0.077
57179.00  20.315  0.067
57180.97  20.338  0.078
57181.99  20.276  0.075
filter i
57110.06  17.552  0.018
57117.04  17.994  0.024
57118.05  18.021  0.029
57119.03  18.174  0.024
57120.04  18.286  0.023
57121.04  18.249  0.022
57122.03  18.267  0.024
57123.05  18.366  0.025
57125.13  18.339  0.023
57127.10  18.204  0.020
57129.10  18.100  0.019
57131.13  18.055  0.021
57134.08  18.012  0.013
57136.09  18.138  0.018
57141.09  18.473  0.030
57143.13  18.656  0.028
57146.11  18.834  0.034
57152.09  19.170  0.044
57156.06  19.325  0.035
57159.06  19.352  0.039
57162.04  19.545  0.033
57164.01  19.659  0.039
57176.01  20.002  0.079
57178.01  20.138  0.145
57179.00  19.977  0.110
57180.97  20.183  0.163
57182.00  20.213  0.108
filter H
57109.20  17.663  0.036
57111.10  17.779  0.029
57112.07  17.818  0.040
57113.16  18.074  0.052
57114.08  18.204  0.086
57115.03  18.022  0.060
57120.11  18.046  0.065
filter B
57110.05  16.810  0.013
57117.04  17.265  0.016
57118.06  17.338  0.017
57119.04  17.429  0.016
57120.03  17.529  0.011
57121.03  17.656  0.013
57122.03  17.765  0.013
57123.04  17.904  0.011
57125.13  18.207  0.016
57127.09  18.411  0.019
57129.11  18.700  0.022
57131.15  18.904  0.022
57134.07  19.246  0.020
57136.07  19.429  0.022
57141.10  19.672  0.048
57143.13  19.789  0.081
57152.07  20.008  0.045
57156.07  20.195  0.034
57159.06  20.228  0.044
57162.02  20.292  0.032
57164.02  20.344  0.062
57178.02  20.463  0.082
filter u
57110.06  17.370  0.023
57117.05  18.147  0.042
57118.05  18.279  0.030
57119.03  18.431  0.025
57120.04  18.560  0.021
57121.05  18.773  0.019
57122.04  18.911  0.022
57123.06  19.061  0.023
57125.13  19.417  0.055
57127.10  19.688  0.050
57129.11  19.920  0.062
57131.14  20.081  0.048
57134.09  20.399  0.064
filter V
57110.05  16.863  0.013
57117.04  17.125  0.013
57118.06  17.192  0.013
57119.04  17.271  0.013
57120.03  17.320  0.014
57121.04  17.394  0.013
57122.03  17.435  0.014
57123.05  17.526  0.011
57125.14  17.641  0.012
57127.09  17.800  0.013
57129.11  17.892  0.016
57131.14  18.090  0.018
57134.08  18.301  0.015
57136.08  18.522  0.018
57141.09  18.845  0.031
57143.13  19.002  0.047
57146.10  19.047  0.042
57152.08  19.298  0.036
57156.06  19.382  0.023
57159.06  19.449  0.027
57162.03  19.543  0.027
57164.02  19.593  0.038
57176.00  19.910  0.073
57178.01  19.961  0.064
57180.98  20.082  0.095
57181.99  20.032  0.078
filter Y
57109.17  17.547  0.016
57111.07  17.735  0.016
57114.08  17.907  0.026
57115.03  18.069  0.024
57120.09  18.198  0.021
filter r
57110.06  16.840  0.010
57117.04  17.157  0.014
57118.05  17.261  0.013
57119.03  17.346  0.010
57120.04  17.427  0.013
57121.04  17.498  0.013
57122.03  17.561  0.014
57123.05  17.582  0.012
57125.12  17.610  0.010
57127.09  17.649  0.014
57129.10  17.708  0.016
57131.13  17.752  0.014
57134.08  17.896  0.013
57136.08  18.031  0.014
57141.08  18.366  0.020
57143.12  18.597  0.028
57146.11  18.650  0.028
57152.09  18.797  0.026
57156.05  19.068  0.021
57159.05  19.106  0.021
57162.04  19.323  0.028
57164.01  19.254  0.025
57176.01  19.610  0.057
57178.00  19.733  0.050
57179.00  19.456  0.065
57180.97  19.659  0.090
57181.99  19.948  0.078
