ASAS15ba 0.023117 211.229542 8.920703
filter B
57042.34  16.067  0.016
57043.35  16.040  0.014
57044.33  16.035  0.011
57045.33  16.084  0.012
57046.32  16.056  0.013
57047.31  16.129  0.014
57048.32  16.157  0.011
57049.33  16.234  0.014
57055.35  16.712  0.022
57055.36  16.715  0.013
57056.38  16.813  0.013
57057.35  16.910  0.016
57058.31  17.054  0.024
57059.34  17.148  0.018
57060.35  17.251  0.020
57065.36  17.801  0.016
57066.38  17.883  0.014
57067.37  18.012  0.015
57068.37  18.099  0.017
57069.35  18.175  0.017
57075.33  18.639  0.016
57076.29  18.656  0.016
57079.38  18.888  0.019
57080.33  18.905  0.017
57087.32  19.187  0.049
57094.33  19.242  0.023
57101.28  19.401  0.019
57120.28  19.536  0.036
57127.24  19.654  0.027
57135.31  19.813  0.024
filter g
57042.34  15.989  0.011
57043.34  15.993  0.009
57044.33  15.980  0.009
57045.34  15.993  0.009
57046.33  16.013  0.009
57047.32  16.033  0.009
57048.32  16.074  0.008
57049.34  16.115  0.012
57055.36  16.518  0.009
57056.37  16.582  0.013
57056.37  16.593  0.010
57057.36  16.649  0.013
57058.30  16.759  0.016
57059.33  16.854  0.013
57060.33  16.956  0.011
57065.35  17.469  0.014
57066.39  17.557  0.012
57067.35  17.642  0.012
57068.36  17.737  0.013
57069.33  17.821  0.012
57075.33  18.311  0.014
57076.30  18.418  0.015
57079.39  18.570  0.014
57080.34  18.652  0.014
57087.30  18.834  0.039
57094.31  18.996  0.018
57101.30  19.050  0.013
57120.29  19.400  0.034
57135.30  19.554  0.018
filter i
57042.34  16.601  0.017
57043.34  16.657  0.016
57044.33  16.698  0.014
57045.34  16.711  0.018
57046.33  16.754  0.016
57047.32  16.773  0.016
57048.32  16.770  0.018
57049.34  16.842  0.017
57055.36  17.256  0.022
57056.37  17.364  0.017
57057.36  17.380  0.020
57058.30  17.424  0.026
57060.34  17.418  0.019
57065.35  17.296  0.017
57066.39  17.279  0.013
57067.36  17.262  0.013
57068.36  17.232  0.015
57069.33  17.223  0.011
57075.34  17.231  0.011
57076.30  17.348  0.012
57079.39  17.554  0.011
57080.34  17.627  0.011
57087.31  18.046  0.024
57094.32  18.343  0.017
57101.30  18.620  0.023
57120.30  19.163  0.031
57135.30  19.749  0.039
filter H
57049.35  17.186  0.044
57051.33  17.180  0.029
57053.35  17.371  0.039
57060.32  17.266  0.039
57092.27  17.884  0.064
filter r
57042.34  16.119  0.016
57043.34  16.093  0.011
57044.33  16.091  0.009
57045.34  16.109  0.011
57046.33  16.066  0.011
57047.32  16.076  0.013
57048.32  16.104  0.012
57049.33  16.127  0.012
57055.36  16.468  0.010
57056.37  16.535  0.011
57057.35  16.578  0.013
57058.30  16.621  0.013
57059.33  16.661  0.011
57059.33  16.689  0.014
57060.33  16.701  0.011
57065.35  16.820  0.010
57066.39  16.823  0.009
57067.35  16.851  0.010
57068.36  16.903  0.011
57069.33  16.919  0.008
57075.33  17.171  0.009
57076.30  17.225  0.009
57079.39  17.455  0.009
57080.34  17.514  0.009
57087.30  17.850  0.022
57094.32  18.096  0.015
57101.29  18.269  0.012
57120.29  18.871  0.022
57135.30  19.331  0.021
filter u
57042.34  16.690  0.016
57043.35  16.710  0.017
57044.33  16.743  0.018
57045.34  16.773  0.017
57046.33  16.823  0.017
57047.32  16.920  0.018
57048.33  17.038  0.017
57049.34  17.136  0.017
57055.36  17.831  0.033
57056.37  18.015  0.031
57057.36  18.064  0.035
57058.31  18.166  0.050
57059.34  18.391  0.046
57065.36  19.079  0.048
57066.39  19.226  0.043
57067.36  19.320  0.027
57068.37  19.455  0.028
57069.34  19.509  0.030
57076.31  20.065  0.041
57079.40  20.184  0.111
57080.35  20.145  0.044
filter V
57042.34  16.121  0.012
57043.35  16.089  0.013
57044.33  16.066  0.013
57045.33  16.084  0.011
57046.32  16.087  0.013
57047.31  16.059  0.015
57048.32  16.123  0.013
57049.33  16.118  0.011
57055.36  16.380  0.014
57056.38  16.418  0.013
57057.35  16.478  0.013
57058.31  16.549  0.017
57059.34  16.596  0.013
57060.34  16.656  0.013
57065.36  16.989  0.014
57066.38  17.056  0.012
57067.37  17.122  0.013
57068.37  17.200  0.014
57069.34  17.237  0.010
57075.33  17.622  0.012
57076.30  17.678  0.014
57079.39  17.858  0.013
57080.33  17.951  0.013
57087.32  18.262  0.028
57094.32  18.438  0.020
57101.29  18.529  0.016
57120.28  18.940  0.032
57127.25  19.024  0.131
57135.31  19.299  0.026
filter Y
57049.34  17.159  0.016
57051.32  17.255  0.018
57053.34  17.348  0.016
57060.31  17.311  0.020
57092.26  17.338  0.019
filter Jrc2
57049.35  17.046  0.018
57051.34  17.243  0.016
57053.37  17.667  0.023
57060.33  18.115  0.036
57092.26  18.602  0.069
