ASAS14hr 0.033597 27.671958 -14.518436
filter B
56926.35  17.502  0.017
56926.35  17.496  0.015
56927.21  17.414  0.014
56928.22  17.309  0.014
56929.27  17.218  0.017
56930.21  17.168  0.013
56931.25  17.145  0.017
56932.26  17.147  0.014
56936.28  17.314  0.016
56937.26  17.404  0.021
56938.24  17.496  0.025
56940.24  17.673  0.018
56942.27  18.029  0.018
56943.24  18.130  0.019
56944.26  18.271  0.023
56948.28  18.718  0.019
56949.29  18.833  0.021
56950.26  18.962  0.021
56954.25  19.492  0.043
56955.29  19.589  0.038
56956.26  19.684  0.033
56958.23  19.885  0.050
56961.25  19.988  0.039
56963.19  20.103  0.058
56964.29  20.217  0.079
56965.22  20.077  0.085
56972.22  20.316  0.065
56973.20  20.429  0.059
56974.21  20.396  0.059
56975.24  20.470  0.073
56977.21  20.667  0.071
filter g
56926.34  17.461  0.014
56926.35  17.432  0.013
56927.21  17.320  0.013
56928.21  17.223  0.012
56929.26  17.149  0.011
56930.19  17.073  0.013
56931.25  17.053  0.017
56932.25  17.045  0.009
56936.27  17.181  0.012
56937.26  17.205  0.018
56938.22  17.346  0.021
56940.24  17.457  0.021
56942.25  17.666  0.020
56943.24  17.856  0.018
56944.26  17.955  0.020
56948.27  18.457  0.017
56949.27  18.630  0.021
56950.24  18.663  0.027
56954.25  19.033  0.026
56955.28  19.219  0.029
56956.24  19.306  0.032
56958.24  19.478  0.036
56961.23  19.614  0.036
56963.17  19.504  0.050
56965.21  19.755  0.055
56972.21  20.145  0.048
56973.19  20.123  0.048
56974.21  20.196  0.044
56975.23  20.172  0.044
56977.21  20.300  0.049
filter i
56926.35  17.664  0.036
56927.22  17.598  0.016
56929.26  17.670  0.031
56930.20  17.449  0.017
56931.26  17.459  0.027
56932.26  17.543  0.019
56936.28  17.624  0.021
56937.25  17.639  0.025
56938.23  17.753  0.027
56940.24  17.961  0.027
56942.26  18.077  0.027
56943.24  18.171  0.030
56944.26  18.152  0.037
56948.26  18.078  0.022
56949.27  18.053  0.018
56950.24  18.036  0.028
56954.26  18.003  0.025
56955.28  18.046  0.021
56956.24  17.981  0.022
56958.24  18.064  0.026
56961.23  18.341  0.025
56963.17  18.532  0.022
56964.27  18.571  0.028
56965.20  18.633  0.030
56972.21  19.097  0.035
56973.19  19.064  0.034
56974.20  19.155  0.038
56975.23  19.074  0.049
56977.20  19.327  0.035
filter H
56929.29  17.410  0.039
56932.33  17.583  0.043
56943.26  18.029  0.067
filter r
56926.34  17.412  0.015
56926.35  17.540  0.028
56927.22  17.299  0.014
56928.21  17.263  0.018
56929.26  17.198  0.017
56930.20  17.152  0.019
56931.25  17.135  0.022
56932.25  16.959  0.014
56936.27  17.012  0.013
56937.26  17.031  0.016
56938.23  17.032  0.037
56940.24  17.174  0.024
56942.26  17.270  0.029
56943.24  17.423  0.018
56944.26  17.620  0.027
56948.26  17.748  0.021
56949.27  17.733  0.024
56950.24  17.671  0.017
56954.25  17.853  0.019
56955.28  17.989  0.024
56956.24  17.927  0.016
56958.24  18.103  0.021
56963.17  18.430  0.021
56964.27  18.495  0.024
56965.20  18.498  0.037
56972.21  18.930  0.027
56973.19  18.857  0.023
56974.20  18.962  0.034
56975.22  19.103  0.032
56977.20  19.102  0.035
filter u
56926.34  18.537  0.026
56926.36  18.560  0.030
56927.22  18.399  0.021
56928.21  18.283  0.020
56929.26  18.229  0.021
56930.20  18.188  0.020
56931.26  18.180  0.025
56932.26  18.194  0.023
56936.28  18.480  0.043
56937.26  18.632  0.048
56938.23  18.787  0.069
56938.23  18.887  0.073
56940.24  19.017  0.056
56942.26  19.264  0.043
56943.25  19.495  0.045
56944.27  19.578  0.048
56948.27  20.153  0.063
56949.28  20.358  0.077
56950.25  20.352  0.069
56954.26  20.865  0.107
56955.28  20.954  0.114
56956.25  20.844  0.116
56958.25  21.223  0.118
56961.24  21.064  0.101
filter V
56926.35  17.497  0.018
56926.35  17.544  0.023
56927.21  17.344  0.020
56928.22  17.327  0.016
56929.27  17.202  0.016
56930.20  17.171  0.016
56931.25  17.131  0.017
56932.26  17.099  0.011
56936.28  17.120  0.012
56937.26  17.119  0.016
56938.23  17.179  0.021
56940.24  17.284  0.022
56942.26  17.436  0.019
56943.24  17.563  0.019
56944.26  17.583  0.024
56948.28  17.916  0.017
56949.28  18.032  0.017
56950.25  18.135  0.019
56954.25  18.450  0.024
56955.29  18.478  0.027
56956.25  18.542  0.022
56958.23  18.684  0.022
56961.24  18.914  0.024
56963.19  19.024  0.029
56964.28  19.225  0.041
56965.22  19.041  0.035
56972.22  19.440  0.041
56973.20  19.303  0.047
56974.21  19.296  0.053
56975.23  19.421  0.036
56977.21  19.434  0.056
filter Y
56929.27  17.218  0.039
56930.28  17.238  0.039
56932.31  17.405  0.036
56943.25  17.864  0.042
filter Jrc2
56929.31  17.160  0.018
56930.31  17.325  0.020
56932.34  17.257  0.027
56943.28  18.488  0.048
