ASAS15aj 0.010913 163.221917 -32.926350
filter B
57032.21  14.988  0.008
57033.22  14.954  0.008
57034.26  14.929  0.008
57035.27  14.955  0.011
57036.24  14.963  0.010
57037.25  15.014  0.015
57038.23  15.048  0.016
57039.27  15.120  0.011
57040.22  15.209  0.016
57041.25  15.256  0.009
57042.22  15.362  0.013
57043.23  15.454  0.009
57044.24  15.585  0.010
57045.14  15.729  0.010
57046.20  15.882  0.013
57047.13  16.015  0.014
57048.23  16.157  0.015
57049.16  16.320  0.017
57055.28  17.016  0.020
57056.26  17.070  0.032
57057.21  17.178  0.023
57058.14  17.278  0.026
57059.25  17.342  0.024
57060.15  17.414  0.024
57065.25  17.699  0.027
57066.22  17.721  0.015
57067.22  17.786  0.020
57068.17  17.821  0.022
57069.20  17.852  0.020
57076.10  18.066  0.024
57081.19  18.061  0.019
57088.20  18.154  0.030
57095.14  18.322  0.034
57100.20  18.391  0.027
57112.13  18.558  0.024
57118.07  18.634  0.026
57125.18  18.738  0.038
57135.14  18.968  0.047
filter g
57032.20  14.903  0.007
57033.22  14.871  0.007
57034.26  14.823  0.005
57035.27  14.846  0.010
57036.24  14.833  0.010
57037.25  14.854  0.012
57038.23  14.885  0.011
57039.27  14.936  0.010
57040.21  14.987  0.011
57041.24  15.041  0.009
57042.22  15.131  0.010
57043.22  15.216  0.010
57044.23  15.298  0.009
57045.14  15.420  0.009
57046.21  15.546  0.011
57047.13  15.649  0.012
57048.22  15.771  0.019
57049.16  15.915  0.017
57055.26  16.531  0.015
57055.26  16.540  0.010
57056.25  16.603  0.017
57056.25  16.637  0.016
57057.21  16.716  0.015
57058.13  16.783  0.019
57059.23  16.898  0.014
57060.14  16.953  0.013
57065.25  17.259  0.018
57066.22  17.306  0.015
57067.22  17.379  0.019
57068.17  17.405  0.021
57069.21  17.422  0.020
57076.11  17.552  0.030
57081.18  17.664  0.016
57088.21  17.772  0.023
57095.14  17.959  0.024
57100.21  18.015  0.032
57112.14  18.140  0.019
57118.08  18.236  0.020
57125.17  18.378  0.024
57135.13  18.555  0.033
filter i
57032.21  15.122  0.010
57033.23  15.134  0.013
57034.26  15.178  0.011
57035.27  15.206  0.016
57036.24  15.280  0.023
57037.25  15.227  0.018
57038.23  15.259  0.022
57039.27  15.255  0.014
57040.21  15.330  0.018
57041.24  15.366  0.013
57042.22  15.463  0.018
57043.22  15.475  0.019
57044.23  15.533  0.017
57045.15  15.594  0.018
57046.21  15.585  0.018
57047.13  15.534  0.017
57048.22  15.556  0.029
57049.16  15.559  0.026
57055.26  15.519  0.014
57056.25  15.612  0.024
57057.21  15.550  0.014
57058.13  15.555  0.011
57059.24  15.623  0.010
57060.14  15.694  0.013
57065.25  16.122  0.020
57066.22  16.182  0.015
57067.23  16.215  0.021
57068.17  16.274  0.021
57069.21  16.376  0.017
57076.12  16.732  0.031
57081.18  16.873  0.016
57088.21  17.167  0.030
57095.15  17.394  0.026
57112.14  17.941  0.035
57118.08  18.189  0.039
57125.17  18.434  0.043
filter H
57032.23  15.031  0.011
57049.27  15.303  0.017
57051.25  15.145  0.013
57062.17  15.293  0.010
57092.06  16.786  0.041
filter r
57032.20  14.850  0.008
57033.22  14.799  0.008
57034.26  14.766  0.008
57035.29  14.742  0.011
57036.24  14.740  0.012
57037.25  14.719  0.015
57038.23  14.750  0.014
57039.27  14.742  0.012
57040.21  14.807  0.013
57041.24  14.866  0.009
57042.22  14.927  0.011
57043.22  14.977  0.012
57044.23  15.062  0.012
57045.14  15.112  0.010
57046.21  15.167  0.015
57047.13  15.227  0.017
57048.22  15.270  0.019
57049.16  15.299  0.018
57055.26  15.509  0.015
57056.25  15.550  0.011
57057.21  15.574  0.012
57058.13  15.637  0.011
57059.23  15.717  0.009
57060.14  15.794  0.010
57065.25  16.235  0.017
57066.22  16.259  0.013
57067.22  16.338  0.017
57068.17  16.370  0.022
57069.21  16.443  0.015
57076.11  16.699  0.018
57081.18  16.861  0.012
57088.21  17.121  0.023
57095.14  17.345  0.033
57100.21  17.581  0.034
57112.14  17.905  0.030
57118.08  18.088  0.031
57125.17  18.395  0.034
filter u
57032.21  15.594  0.011
57033.23  15.580  0.008
57034.26  15.578  0.017
57035.27  15.653  0.012
57036.24  15.757  0.013
57037.25  15.849  0.013
57038.23  15.973  0.013
57039.27  16.084  0.013
57040.21  16.203  0.015
57041.25  16.358  0.014
57042.22  16.472  0.015
57043.22  16.623  0.016
57044.24  16.825  0.017
57045.15  16.913  0.024
57046.21  17.249  0.019
57047.13  17.422  0.028
57048.23  17.609  0.023
57049.17  17.774  0.030
57055.27  18.581  0.029
57056.25  18.556  0.047
57057.22  18.697  0.063
57058.14  18.643  0.090
57059.24  18.728  0.044
57060.14  18.828  0.045
filter V
57032.21  14.919  0.007
57033.22  14.862  0.008
57034.26  14.835  0.010
57035.27  14.816  0.012
57036.24  14.828  0.015
57037.25  14.813  0.014
57038.23  14.832  0.016
57039.27  14.855  0.015
57040.22  14.892  0.017
57041.25  14.921  0.012
57042.22  14.983  0.014
57043.23  15.026  0.013
57044.24  15.053  0.012
57045.14  15.153  0.009
57046.21  15.231  0.010
57047.13  15.309  0.014
57048.23  15.434  0.021
57049.16  15.482  0.020
57055.28  15.913  0.011
57056.26  15.968  0.015
57057.21  16.020  0.014
57058.14  16.073  0.015
57059.24  16.193  0.014
57060.15  16.247  0.014
57064.21  16.607  0.010
57064.21  16.607  0.010
57065.25  16.642  0.017
57066.22  16.653  0.014
57067.22  16.706  0.019
57068.17  16.759  0.020
57069.21  16.798  0.019
57076.11  17.005  0.023
57081.18  17.123  0.015
57088.20  17.312  0.022
57095.14  17.486  0.025
57100.20  17.608  0.025
57112.14  17.872  0.025
57118.07  18.029  0.025
57125.18  18.135  0.029
57135.14  18.483  0.039
filter Y
57032.21  15.043  0.014
57049.25  15.253  0.017
57051.24  15.136  0.014
57062.16  14.893  0.013
57092.06  16.692  0.016
filter Jrc2
57032.24  14.860  0.010
57049.27  16.367  0.024
57051.25  16.206  0.022
57062.18  15.887  0.011
