ASASSN-13ch 0.016468 244.142170 -0.591020
filter B_UVOT
56525.76  15.060  0.050
56529.48  14.870  0.050
56532.38  14.870  0.050
56535.83  15.070  0.050
56538.78  15.220  0.050
56541.72  15.490  0.050
56544.46  15.900  0.060
56550.36  16.530  0.060
56553.47  16.880  0.070
filter U_UVOT
56525.76  14.440  0.050
56529.48  14.440  0.050
56532.38  14.640  0.050
56535.83  15.050  0.060
56538.78  15.510  0.060
56541.72  15.920  0.070
56544.45  16.250  0.070
56550.36  17.160  0.090
56553.46  17.530  0.120
filter V_UVOT
56525.73  15.110  0.070
56529.49  14.800  0.060
56532.38  14.800  0.070
56535.80  14.840  0.060
56538.79  15.000  0.060
56541.73  15.070  0.060
56544.46  15.330  0.060
56550.37  15.670  0.060
56553.47  15.880  0.070
filter UVM2
56525.75  18.730  0.120
56529.49  18.300  0.110
56532.49  18.560  0.170
56535.80  19.320  0.250
56538.79  19.130  0.170
56541.73  19.750  0.240
56544.47  20.320  0.100
56550.37  20.310  0.350
56553.47  20.200  0.100
filter UVW1
56525.76  16.080  0.070
56529.48  16.090  0.070
56532.48  16.320  0.080
56535.83  16.680  0.080
56538.78  17.120  0.080
56541.72  17.370  0.090
56544.45  17.910  0.100
56547.68  18.310  0.140
56550.36  18.300  0.120
56553.46  19.020  0.220
filter UVW2
56525.76  17.660  0.110
56529.48  17.660  0.100
56532.48  17.790  0.120
56535.83  18.060  0.110
56538.78  18.440  0.120
56541.72  18.790  0.140
56544.46  19.170  0.170
56550.37  19.770  0.250
56553.47  20.020  0.340
