ASAS15be 0.021883 43.193292 -34.314589
filter B
57042.11  16.085  0.013
57044.13  15.861  0.009
57045.11  15.786  0.009
57046.10  15.716  0.009
57047.09  15.681  0.011
57048.13  15.679  0.009
57049.15  15.687  0.011
57055.12  15.858  0.012
57056.10  15.927  0.014
57056.10  15.922  0.009
57057.11  15.987  0.012
57058.12  16.049  0.012
57059.10  16.119  0.013
57060.12  16.186  0.011
57064.10  16.576  0.011
57065.04  16.675  0.012
57066.06  16.775  0.011
57067.08  16.863  0.012
57068.06  16.964  0.014
57069.05  17.059  0.011
57075.04  17.587  0.013
57076.02  17.664  0.016
57079.02  17.892  0.018
57080.02  18.010  0.020
57081.03  18.020  0.023
57082.02  18.156  0.021
57083.03  18.176  0.017
57084.02  18.226  0.019
57085.02  18.305  0.025
57086.03  18.328  0.040
57087.03  18.413  0.032
57088.02  18.457  0.021
57089.02  18.517  0.018
57090.02  18.559  0.017
57091.02  18.588  0.021
57092.02  18.625  0.015
57094.02  18.677  0.026
57096.01  18.703  0.021
57098.03  18.762  0.020
57100.02  18.770  0.016
57102.01  18.786  0.025
filter g
57042.10  16.042  0.011
57044.13  15.817  0.009
57045.11  15.751  0.008
57046.11  15.702  0.009
57046.11  15.692  0.010
57047.09  15.662  0.010
57048.12  15.634  0.008
57049.14  15.634  0.012
57055.09  15.746  0.011
57055.11  15.752  0.008
57056.10  15.792  0.008
57057.12  15.846  0.009
57058.12  15.902  0.009
57059.11  15.958  0.009
57060.12  16.028  0.010
57064.10  16.328  0.010
57065.05  16.420  0.009
57066.05  16.502  0.011
57067.08  16.577  0.009
57068.06  16.647  0.010
57069.05  16.729  0.010
57075.03  17.197  0.010
57076.02  17.289  0.013
57079.02  17.524  0.010
57080.01  17.585  0.015
57081.01  17.514  0.055
57082.01  17.736  0.023
57083.01  17.814  0.015
57084.02  17.907  0.018
57085.01  17.932  0.020
57086.01  17.994  0.019
57087.01  18.053  0.019
57088.01  18.112  0.016
57089.01  18.163  0.013
57090.01  18.211  0.014
57091.01  18.242  0.024
57092.01  18.295  0.014
57094.01  18.326  0.021
57096.00  18.359  0.017
57098.01  18.405  0.014
57100.01  18.451  0.020
57102.00  18.468  0.014
filter i
57042.10  16.532  0.016
57044.13  16.405  0.014
57045.11  16.425  0.011
57047.09  16.383  0.016
57048.13  16.409  0.012
57049.15  16.456  0.020
57055.11  16.569  0.011
57056.11  16.603  0.011
57057.12  16.657  0.016
57058.13  16.724  0.015
57059.11  16.806  0.015
57060.12  16.882  0.016
57064.10  17.187  0.015
57065.05  17.231  0.014
57066.05  17.201  0.022
57067.08  17.233  0.021
57068.06  17.233  0.020
57069.05  17.209  0.016
57075.03  16.997  0.011
57076.02  16.983  0.014
57079.03  16.926  0.012
57080.02  16.925  0.013
57081.01  16.894  0.016
57082.01  16.945  0.014
57083.01  17.000  0.012
57084.03  17.008  0.013
57085.01  17.096  0.013
57086.02  17.108  0.015
57087.01  17.202  0.015
57088.01  17.296  0.015
57089.02  17.356  0.021
57090.01  17.442  0.013
57091.01  17.489  0.019
57092.01  17.549  0.014
57094.01  17.663  0.025
57096.01  17.728  0.023
57098.02  17.814  0.023
57100.01  17.908  0.023
57102.00  18.016  0.021
filter H
57049.06  16.639  0.019
57050.14  16.698  0.020
57052.08  16.758  0.016
57054.03  16.831  0.017
57062.02  17.069  0.029
57064.09  17.147  0.020
filter r
57042.10  16.186  0.013
57044.13  15.960  0.010
57045.11  15.877  0.009
57046.11  15.838  0.009
57047.09  15.790  0.012
57048.12  15.742  0.008
57049.14  15.729  0.014
57055.11  15.726  0.008
57056.11  15.776  0.008
57057.12  15.829  0.010
57058.12  15.878  0.009
57059.11  15.933  0.010
57060.12  16.010  0.009
57064.10  16.284  0.012
57065.05  16.352  0.009
57066.04  16.384  0.013
57067.08  16.425  0.011
57068.05  16.430  0.008
57069.05  16.451  0.008
57075.03  16.483  0.009
57076.02  16.497  0.011
57079.02  16.568  0.008
57080.01  16.583  0.009
57081.01  16.636  0.020
57082.01  16.683  0.013
57083.01  16.740  0.010
57084.03  16.805  0.011
57085.01  16.891  0.012
57086.01  16.940  0.014
57087.01  17.011  0.013
57088.01  17.083  0.013
57089.01  17.134  0.014
57090.01  17.216  0.011
57091.01  17.255  0.014
57092.00  17.311  0.009
57094.00  17.365  0.013
57096.00  17.430  0.011
57098.01  17.538  0.019
57100.00  17.568  0.012
57101.99  17.647  0.013
filter u
57042.11  16.687  0.015
57044.13  16.424  0.015
57045.12  16.335  0.014
57046.11  16.276  0.015
57047.10  16.269  0.021
57048.13  16.254  0.014
57049.15  16.306  0.017
57055.11  16.740  0.025
57056.11  16.878  0.032
57057.12  16.968  0.032
57058.13  17.039  0.027
57059.11  17.121  0.020
57060.13  17.227  0.021
57064.11  17.757  0.019
57065.05  17.858  0.026
57066.05  18.003  0.026
57067.09  18.124  0.029
57068.06  18.219  0.029
57069.06  18.378  0.026
57075.03  18.955  0.037
57076.03  19.005  0.058
57079.03  19.186  0.045
57080.02  19.312  0.064
57081.02  19.386  0.086
57082.02  19.407  0.084
57083.02  19.480  0.072
57084.03  19.596  0.084
57085.02  19.642  0.097
57086.02  19.635  0.106
57087.02  19.701  0.133
filter V
57042.11  16.123  0.016
57044.13  15.931  0.015
57045.11  15.847  0.010
57046.11  15.798  0.010
57047.09  15.742  0.012
57048.13  15.720  0.012
57049.15  15.686  0.012
57055.12  15.731  0.010
57056.10  15.765  0.008
57057.12  15.785  0.012
57058.12  15.829  0.010
57059.10  15.861  0.009
57060.12  15.934  0.010
57064.10  16.184  0.013
57065.05  16.248  0.011
57066.05  16.312  0.014
57067.08  16.355  0.010
57068.06  16.417  0.013
57069.05  16.449  0.012
57075.04  16.712  0.011
57076.02  16.765  0.017
57079.02  16.922  0.011
57080.02  16.969  0.013
57081.03  17.020  0.015
57082.02  17.087  0.015
57083.02  17.180  0.013
57084.02  17.231  0.015
57085.02  17.317  0.015
57086.03  17.332  0.020
57087.02  17.416  0.016
57088.02  17.469  0.022
57089.02  17.546  0.016
57090.02  17.597  0.019
57091.02  17.641  0.017
57092.01  17.689  0.017
57094.01  17.772  0.029
57096.01  17.840  0.033
57098.02  17.879  0.016
57100.02  17.926  0.023
57102.01  17.994  0.020
filter Y
57049.06  16.507  0.013
57050.13  16.603  0.016
57052.07  16.791  0.016
57054.02  16.947  0.017
57060.03  17.227  0.015
57062.02  17.280  0.016
57064.07  17.235  0.016
filter Jrc2
57049.07  16.335  0.018
57050.15  16.427  0.019
57052.09  16.578  0.019
57054.05  16.716  0.020
57060.04  17.405  0.025
57062.03  17.838  0.036
57064.10  18.026  0.024
