ASAS15db 0.010990 236.744542 17.884042
filter B
57069.38  15.165  0.016
57075.38  14.792  0.009
57080.38  14.959  0.010
57082.37  15.076  0.015
57083.36  15.146  0.009
57084.36  15.235  0.012
57085.40  15.312  0.013
57086.35  15.402  0.011
57087.37  15.518  0.010
57088.35  15.601  0.012
57089.34  15.733  0.011
57090.39  15.876  0.012
57091.33  15.974  0.013
57092.38  16.118  0.014
57093.39  16.209  0.012
57094.38  16.340  0.016
57095.38  16.456  0.014
57096.37  16.560  0.015
57097.39  16.676  0.021
57098.39  16.768  0.022
57099.37  16.865  0.019
57101.38  17.061  0.020
57118.28  17.880  0.029
57120.32  17.956  0.028
57122.30  17.974  0.029
filter g
57069.38  15.056  0.015
57075.38  14.718  0.008
57076.35  14.707  0.013
57080.38  14.846  0.007
57082.37  14.928  0.011
57083.36  14.985  0.009
57084.36  15.028  0.009
57085.39  15.116  0.017
57086.36  15.200  0.013
57087.36  15.267  0.009
57088.35  15.360  0.013
57089.34  15.452  0.009
57090.39  15.552  0.012
57091.33  15.650  0.012
57092.38  15.719  0.009
57093.38  15.817  0.017
57094.38  15.930  0.014
57095.38  16.021  0.012
57096.36  16.133  0.015
57098.38  16.324  0.020
57099.38  16.400  0.015
57101.38  16.596  0.011
57112.41  17.333  0.022
57118.26  17.524  0.028
57120.31  17.586  0.022
57122.29  17.596  0.019
57129.27  17.733  0.029
filter i
57069.38  15.224  0.020
57075.38  15.191  0.013
57076.35  15.244  0.020
57080.39  15.366  0.013
57082.37  15.451  0.020
57083.36  15.568  0.013
57084.36  15.634  0.014
57085.39  15.711  0.024
57086.36  15.815  0.020
57087.36  15.883  0.014
57088.35  15.906  0.024
57089.34  15.986  0.017
57090.39  15.946  0.019
57091.33  15.918  0.018
57092.38  15.936  0.019
57093.38  15.859  0.021
57094.39  15.823  0.018
57095.38  15.800  0.015
57096.36  15.771  0.015
57097.39  15.755  0.025
57098.38  15.730  0.016
57099.38  15.720  0.017
57101.39  15.734  0.011
57110.31  16.160  0.021
57112.41  16.333  0.019
57118.27  16.612  0.021
57120.31  16.718  0.020
57122.29  16.794  0.023
57129.27  17.121  0.025
57135.34  17.380  0.028
filter H
57088.39  15.507  0.027
57091.35  15.475  0.029
57093.38  15.349  0.030
57112.37  15.460  0.032
filter r
57069.38  15.001  0.016
57075.38  14.668  0.008
57080.38  14.703  0.008
57082.37  14.789  0.015
57083.36  14.864  0.009
57084.36  14.917  0.009
57085.39  14.996  0.021
57086.36  15.105  0.012
57087.36  15.161  0.012
57088.34  15.242  0.020
57089.34  15.295  0.010
57090.38  15.318  0.012
57091.33  15.371  0.014
57092.38  15.388  0.011
57093.38  15.372  0.022
57094.38  15.418  0.013
57095.38  15.436  0.016
57099.38  15.512  0.014
57101.38  15.601  0.010
57110.31  16.187  0.022
57112.41  16.294  0.013
57118.26  16.541  0.022
57120.31  16.605  0.017
57122.28  16.704  0.016
57129.27  16.893  0.019
57135.34  17.247  0.044
filter u
57069.39  15.601  0.022
57075.38  15.365  0.019
57076.36  15.416  0.023
57080.39  15.749  0.015
57082.37  16.020  0.022
57083.36  16.135  0.020
57084.36  16.197  0.018
57085.40  16.325  0.020
57086.36  16.426  0.022
57087.36  16.572  0.025
57088.35  16.723  0.024
57089.35  16.873  0.027
57090.39  17.054  0.031
57091.34  17.224  0.035
57092.38  17.362  0.027
57093.38  17.526  0.028
57094.39  17.679  0.031
57095.38  17.744  0.032
57096.36  17.918  0.038
57097.39  18.009  0.034
57098.39  18.111  0.038
57099.38  18.257  0.036
57101.39  18.514  0.048
57110.33  18.927  0.067
57110.33  18.895  0.049
57112.42  18.912  0.059
57118.27  19.093  0.084
57120.32  19.128  0.057
57122.29  19.234  0.065
57129.27  19.311  0.067
57135.35  19.611  0.082
filter V
57069.38  15.059  0.029
57069.38  15.059  0.029
57075.38  14.716  0.009
57080.38  14.755  0.009
57082.37  14.826  0.010
57083.36  14.923  0.013
57084.36  14.927  0.011
57085.40  14.961  0.015
57086.36  15.019  0.017
57087.36  15.089  0.012
57088.35  15.167  0.013
57089.34  15.226  0.009
57090.39  15.270  0.016
57091.33  15.362  0.010
57092.38  15.420  0.013
57093.38  15.534  0.016
57094.38  15.569  0.019
57095.38  15.603  0.014
57096.37  15.662  0.013
57097.39  15.701  0.024
57098.39  15.785  0.017
57099.37  15.863  0.019
57101.38  15.987  0.011
57110.32  16.596  0.025
57112.41  16.726  0.022
57118.28  16.996  0.022
57120.32  16.934  0.019
57122.30  17.019  0.023
57129.28  17.228  0.023
57135.35  17.379  0.031
filter Y
57088.38  15.803  0.014
57091.34  15.680  0.013
57093.37  15.610  0.011
filter Jrc2
57088.40  16.638  0.017
57091.36  16.644  0.018
57093.39  16.604  0.023
57112.36  16.652  0.027
