ASAS14lw 0.020886 16.704875 -46.983322
filter Jrc2
57004.11  16.599  0.016
57021.08  17.107  0.017
57052.05  17.414  0.018
filter g
57004.12  16.178  0.009
57005.12  16.045  0.007
57006.08  15.924  0.005
57007.04  15.829  0.005
57008.09  15.721  0.007
57009.11  15.644  0.009
57010.09  15.604  0.010
57011.10  15.589  0.010
57012.15  15.572  0.007
57013.12  15.564  0.008
57014.07  15.582  0.010
57015.19  15.592  0.011
57018.08  15.649  0.009
57019.09  15.705  0.008
57020.09  15.726  0.011
57021.08  15.755  0.010
57022.14  15.835  0.011
57023.08  15.861  0.007
57024.10  15.925  0.007
57025.07  15.978  0.009
57026.09  16.041  0.012
57027.10  16.130  0.009
57028.10  16.207  0.018
57029.09  16.256  0.008
57030.12  16.334  0.008
57031.10  16.408  0.007
57032.07  16.472  0.006
57033.10  16.555  0.006
57034.14  16.635  0.007
57035.07  16.700  0.006
57036.07  16.757  0.010
57037.08  16.846  0.010
57038.08  16.909  0.011
57040.08  17.067  0.011
57041.07  17.128  0.013
57042.06  17.204  0.012
57044.08  17.346  0.012
57045.07  17.399  0.012
57046.06  17.464  0.013
57047.05  17.534  0.017
57048.04  17.592  0.018
57049.05  17.680  0.015
57056.04  18.092  0.030
57056.04  18.090  0.028
57057.04  18.109  0.022
57058.03  18.108  0.024
57059.04  18.199  0.025
57060.04  18.173  0.008
57067.02  18.371  0.027
filter i
57004.12  16.672  0.014
57005.12  16.537  0.012
57006.08  16.434  0.006
57007.04  16.367  0.006
57008.09  16.365  0.015
57009.11  16.312  0.016
57010.09  16.326  0.019
57011.10  16.331  0.018
57012.15  16.379  0.014
57013.12  16.370  0.013
57014.07  16.397  0.016
57015.18  16.419  0.019
57018.08  16.567  0.023
57019.09  16.571  0.017
57020.09  16.631  0.023
57021.08  16.653  0.017
57022.14  16.721  0.024
57023.08  16.781  0.015
57024.11  16.860  0.017
57025.07  16.959  0.014
57026.09  17.060  0.019
57027.10  17.140  0.019
57028.10  17.221  0.052
57029.10  17.275  0.015
57030.12  17.312  0.013
57031.10  17.319  0.015
57032.08  17.341  0.012
57033.10  17.327  0.012
57034.14  17.334  0.013
57035.07  17.291  0.014
57036.07  17.252  0.017
57037.08  17.244  0.018
57038.09  17.221  0.018
57040.08  17.136  0.016
57041.08  17.112  0.017
57042.06  17.073  0.015
57044.08  17.023  0.015
57045.07  17.039  0.016
57046.06  17.007  0.016
57047.06  16.986  0.018
57048.04  17.027  0.017
57049.06  17.033  0.011
57056.04  17.414  0.020
57057.04  17.513  0.016
57058.04  17.552  0.018
57060.05  17.664  0.009
57067.02  18.021  0.033
filter H
57004.09  16.779  0.016
57021.09  16.943  0.023
57052.04  16.892  0.018
filter B
57004.12  16.252  0.008
57005.13  16.088  0.008
57006.07  15.944  0.006
57007.03  15.867  0.006
57009.10  15.718  0.014
57010.09  15.709  0.016
57011.11  15.652  0.013
57012.16  15.630  0.010
57013.12  15.636  0.012
57014.07  15.685  0.015
57015.20  15.681  0.013
57018.08  15.772  0.016
57019.10  15.775  0.011
57020.09  15.852  0.019
57021.08  15.933  0.018
57022.14  15.954  0.013
57023.08  15.990  0.011
57024.11  16.075  0.010
57025.06  16.121  0.012
57026.09  16.185  0.014
57027.09  16.270  0.011
57028.11  16.394  0.018
57029.08  16.473  0.008
57030.11  16.570  0.010
57031.12  16.661  0.009
57033.09  16.821  0.008
57034.13  16.914  0.009
57035.06  17.002  0.009
57036.08  17.085  0.011
57037.09  17.173  0.011
57038.09  17.250  0.010
57040.09  17.406  0.010
57041.07  17.498  0.012
57042.06  17.534  0.010
57044.10  17.714  0.013
57045.08  17.776  0.014
57046.07  17.827  0.015
57047.06  17.898  0.016
57048.06  17.962  0.017
57049.07  18.005  0.017
57056.05  18.294  0.067
57057.06  18.424  0.031
57058.04  18.490  0.039
57059.05  18.457  0.032
57060.06  18.498  0.013
57067.03  18.615  0.020
filter u
57004.13  16.617  0.012
57005.12  16.476  0.011
57006.08  16.344  0.011
57007.04  16.289  0.010
57008.09  16.199  0.012
57009.11  16.124  0.012
57010.09  16.115  0.013
57011.10  16.109  0.015
57012.16  16.127  0.016
57013.12  16.145  0.016
57014.07  16.218  0.012
57015.19  16.255  0.016
57018.09  16.462  0.013
57019.09  16.539  0.016
57020.09  16.587  0.018
57021.08  16.693  0.017
57022.14  16.811  0.018
57023.08  16.858  0.014
57024.11  16.952  0.016
57025.07  17.090  0.018
57026.10  17.212  0.022
57027.10  17.284  0.031
57028.10  17.396  0.045
57029.10  17.588  0.020
57030.12  17.665  0.020
57031.11  17.809  0.018
57032.08  17.924  0.012
57033.11  18.018  0.033
57034.14  18.147  0.018
57035.08  18.242  0.019
57036.07  18.339  0.016
57037.09  18.446  0.017
57038.09  18.516  0.020
57040.08  18.689  0.023
57041.08  18.738  0.021
57042.07  18.818  0.020
57044.08  19.002  0.023
57045.07  19.064  0.024
57046.07  19.073  0.022
57047.06  19.058  0.055
57048.05  19.229  0.032
57049.06  19.309  0.043
filter V
57004.12  16.294  0.010
57005.12  16.112  0.009
57006.07  16.026  0.006
57007.03  15.939  0.006
57009.10  15.740  0.013
57010.09  15.692  0.015
57011.11  15.657  0.014
57012.16  15.627  0.011
57013.12  15.620  0.011
57014.07  15.621  0.012
57015.19  15.592  0.013
57018.08  15.664  0.011
57019.09  15.685  0.013
57020.09  15.713  0.013
57021.08  15.746  0.013
57022.14  15.807  0.013
57023.08  15.818  0.009
57024.11  15.904  0.010
57025.07  15.932  0.012
57026.09  16.010  0.013
57027.10  16.054  0.011
57028.10  16.142  0.040
57029.09  16.189  0.008
57030.12  16.235  0.010
57031.12  16.307  0.008
57032.07  16.334  0.008
57033.09  16.369  0.008
57034.13  16.419  0.006
57035.07  16.460  0.008
57036.08  16.488  0.014
57037.09  16.519  0.014
57038.09  16.574  0.011
57040.09  16.639  0.013
57041.07  16.675  0.013
57042.06  16.723  0.015
57044.10  16.826  0.014
57045.08  16.883  0.014
57046.07  16.916  0.015
57047.06  16.956  0.016
57048.05  17.026  0.018
57049.07  17.071  0.013
57056.05  17.549  0.024
57057.05  17.508  0.024
57058.04  17.612  0.025
57059.05  17.661  0.021
57060.05  17.674  0.009
57067.03  17.843  0.022
filter Y
57004.08  16.640  0.019
57021.09  17.287  0.023
57024.15  17.397  0.023
57032.07  17.285  0.022
57052.02  16.337  0.020
filter r
57004.12  16.372  0.012
57005.12  16.202  0.010
57006.07  16.087  0.006
57007.04  15.989  0.006
57008.09  15.909  0.010
57009.11  15.824  0.012
57010.09  15.779  0.013
57011.10  15.743  0.011
57012.15  15.713  0.011
57013.12  15.686  0.009
57014.06  15.642  0.013
57015.18  15.635  0.012
57018.08  15.663  0.013
57019.09  15.708  0.010
57020.09  15.739  0.014
57021.08  15.764  0.014
57022.14  15.857  0.014
57023.08  15.889  0.008
57024.11  15.954  0.009
57025.07  16.024  0.010
57026.09  16.092  0.012
57027.10  16.179  0.011
57028.10  16.275  0.021
57029.09  16.299  0.009
57030.12  16.332  0.009
57031.10  16.400  0.008
57032.07  16.413  0.008
57033.10  16.441  0.007
57034.13  16.468  0.007
57035.07  16.463  0.007
57036.07  16.471  0.012
57037.08  16.456  0.010
57038.09  16.483  0.011
57040.08  16.499  0.011
57041.08  16.501  0.012
57042.06  16.503  0.011
57044.07  16.564  0.011
57045.06  16.557  0.011
57046.06  16.579  0.010
57047.05  16.643  0.014
57048.04  16.655  0.013
57049.05  16.732  0.012
57056.04  17.150  0.014
57057.04  17.209  0.013
57058.03  17.224  0.013
57059.04  17.284  0.017
57060.04  17.329  0.006
57067.02  17.595  0.022
