ASAS15hg 0.029750 148.452583 9.193828
filter B
57134.11  17.073  0.008
57135.08  17.128  0.012
57136.10  17.198  0.011
57137.07  17.250  0.011
57142.11  17.784  0.017
57143.10  17.875  0.025
57144.11  17.976  0.028
57146.13  18.218  0.044
57147.02  18.378  0.022
57148.06  18.532  0.025
57153.07  19.137  0.018
57155.08  19.360  0.019
57156.07  19.459  0.020
57157.08  19.459  0.047
57158.05  19.630  0.021
57159.07  19.668  0.023
57161.08  19.784  0.028
57162.06  19.856  0.031
57163.06  19.896  0.030
57164.03  19.978  0.043
57165.03  19.881  0.097
57179.01  20.200  0.083
57182.01  20.264  0.096
filter g
57134.10  16.972  0.007
57135.08  17.000  0.011
57136.10  17.046  0.009
57137.08  17.110  0.009
57142.12  17.520  0.014
57143.11  17.607  0.016
57144.12  17.745  0.022
57146.12  17.962  0.024
57147.03  18.042  0.018
57148.06  18.182  0.017
57153.06  18.749  0.014
57155.07  18.950  0.016
57156.08  19.063  0.023
57157.07  19.144  0.017
57158.04  19.236  0.018
57159.08  19.343  0.018
57161.08  19.489  0.021
57162.06  19.539  0.021
57163.05  19.565  0.023
57164.04  19.644  0.047
57165.02  19.762  0.098
57177.02  19.967  0.104
57179.01  19.997  0.055
57182.00  19.988  0.046
filter i
57134.10  17.448  0.013
57135.08  17.475  0.019
57136.10  17.489  0.014
57137.08  17.513  0.017
57142.12  18.080  0.025
57143.11  18.089  0.030
57144.12  18.059  0.024
57146.12  18.075  0.027
57147.03  18.027  0.018
57148.07  18.040  0.015
57153.07  17.863  0.017
57155.08  17.874  0.013
57156.09  17.910  0.019
57157.07  17.967  0.015
57158.04  18.083  0.016
57159.08  18.171  0.017
57161.09  18.349  0.019
57162.06  18.417  0.019
57163.05  18.516  0.017
57164.05  18.519  0.026
57165.02  18.644  0.045
57177.02  19.248  0.045
57179.02  19.279  0.071
57182.00  19.468  0.065
filter r
57134.10  16.888  0.009
57135.08  16.892  0.011
57136.09  16.938  0.011
57137.08  16.948  0.011
57142.12  17.317  0.014
57143.10  17.396  0.013
57144.11  17.439  0.015
57146.12  17.513  0.014
57147.03  17.500  0.014
57148.06  17.556  0.012
57153.06  17.661  0.011
57155.07  17.810  0.012
57156.08  17.875  0.014
57157.06  17.964  0.013
57158.03  18.086  0.013
57159.08  18.171  0.015
57161.08  18.338  0.015
57162.05  18.372  0.014
57163.04  18.452  0.017
57164.04  18.503  0.019
57165.02  18.505  0.037
57177.01  18.952  0.027
57179.02  19.066  0.041
57182.00  19.112  0.038
filter u
57134.10  17.920  0.019
57135.09  18.016  0.017
57136.10  18.155  0.020
57137.08  18.283  0.025
57142.12  19.011  0.072
57143.11  18.973  0.105
57144.12  19.256  0.111
57146.13  19.509  0.163
filter V
57134.11  16.970  0.010
57135.08  17.029  0.014
57136.10  17.005  0.010
57137.07  17.049  0.012
57142.11  17.358  0.014
57143.10  17.433  0.018
57144.11  17.512  0.021
57146.13  17.604  0.023
57147.03  17.636  0.016
57148.06  17.751  0.015
57153.07  18.131  0.016
57155.08  18.284  0.017
57156.08  18.390  0.019
57157.07  18.453  0.018
57158.04  18.580  0.019
57159.08  18.642  0.019
57161.08  18.832  0.023
57162.06  18.882  0.024
57163.05  18.899  0.023
57164.04  18.959  0.049
57165.03  19.081  0.101
57179.01  19.396  0.054
57182.01  19.535  0.062
filter Y
57137.13  17.715  0.021
57141.06  17.968  0.029
filter Jrc2
57137.15  17.848  0.024
