ASAS15go 0.018910 92.877083 -16.484311
filter B
57119.99  16.708  0.015
57120.99  16.669  0.010
57121.99  16.638  0.009
57122.98  16.615  0.012
57124.99  16.672  0.006
57125.99  16.670  0.012
57127.04  16.675  0.013
57129.05  16.760  0.009
57130.03  16.840  0.010
57131.01  16.854  0.015
57132.00  16.911  0.011
57132.99  16.987  0.010
57133.00  16.984  0.014
57133.99  17.059  0.009
57134.99  17.177  0.014
57135.98  17.229  0.013
57136.97  17.321  0.013
57138.97  17.507  0.012
57139.99  17.601  0.014
57140.99  17.694  0.017
57142.00  17.790  0.016
57142.99  17.948  0.023
57144.01  17.995  0.023
57145.99  18.178  0.028
57147.01  18.305  0.030
57147.96  18.408  0.016
57149.99  18.516  0.014
57152.01  18.686  0.019
57154.99  18.937  0.020
57155.98  18.811  0.040
57156.99  19.058  0.032
57157.98  19.169  0.049
57158.97  19.223  0.023
57159.98  19.208  0.025
57160.97  19.304  0.029
57161.98  19.299  0.027
filter g
57119.98  16.571  0.009
57120.99  16.526  0.009
57121.98  16.504  0.013
57122.98  16.477  0.010
57125.00  16.469  0.006
57125.98  16.489  0.010
57127.03  16.505  0.009
57129.04  16.548  0.009
57130.04  16.599  0.010
57131.01  16.630  0.013
57132.01  16.694  0.007
57133.01  16.742  0.008
57133.98  16.799  0.009
57134.98  16.845  0.014
57135.97  16.952  0.011
57136.98  16.994  0.014
57138.97  17.179  0.011
57139.97  17.225  0.012
57141.00  17.306  0.015
57142.00  17.368  0.015
57143.00  17.471  0.014
57144.02  17.533  0.014
57146.00  17.768  0.021
57147.00  17.732  0.017
57147.97  17.845  0.011
57150.00  18.035  0.012
57152.00  18.158  0.011
57153.98  18.221  0.119
57155.99  18.490  0.021
57156.97  18.533  0.017
57157.98  18.592  0.016
57158.98  18.679  0.017
57159.98  18.730  0.018
57160.98  18.841  0.018
57161.98  18.814  0.019
filter i
57119.98  16.661  0.013
57120.99  16.639  0.012
57121.98  16.677  0.018
57122.98  16.671  0.016
57125.00  16.707  0.008
57125.99  16.732  0.014
57127.03  16.766  0.011
57129.04  16.797  0.011
57132.01  16.958  0.014
57133.98  17.105  0.012
57138.98  17.527  0.015
57139.98  17.513  0.021
57142.01  17.490  0.021
57143.00  17.503  0.018
57144.02  17.450  0.016
57147.97  17.309  0.013
57150.01  17.276  0.009
57152.00  17.192  0.012
57155.99  17.182  0.015
57159.99  17.452  0.013
57160.98  17.489  0.017
filter H
57120.00  16.354  0.030
57138.99  16.750  0.020
filter r
57119.98  16.297  0.011
57120.99  16.241  0.009
57121.98  16.210  0.013
57122.98  16.177  0.013
57125.00  16.154  0.005
57125.98  16.147  0.009
57127.03  16.158  0.010
57129.03  16.195  0.008
57130.04  16.245  0.012
57132.01  16.327  0.012
57133.00  16.400  0.015
57133.97  16.482  0.009
57135.97  16.624  0.010
57136.98  16.694  0.017
57138.97  16.818  0.011
57139.97  16.843  0.016
57141.00  16.874  0.018
57143.00  16.929  0.009
57144.02  16.913  0.012
57147.97  16.926  0.010
57150.00  16.939  0.009
57152.00  16.967  0.009
57154.99  17.069  0.012
57155.99  17.118  0.015
57156.97  17.199  0.020
57158.98  17.314  0.013
57159.98  17.399  0.012
57160.98  17.480  0.014
filter u
57119.98  17.529  0.020
57120.99  17.522  0.024
57121.98  17.467  0.024
57122.99  17.538  0.022
57125.01  17.632  0.018
57125.99  17.673  0.025
57127.03  17.742  0.025
57129.04  17.839  0.023
57130.04  17.945  0.021
57131.02  18.015  0.025
57132.02  18.135  0.023
57133.01  18.206  0.026
57133.98  18.312  0.023
57134.98  18.440  0.037
57135.98  18.512  0.029
57136.98  18.671  0.034
57138.98  18.959  0.040
57139.98  19.082  0.038
57141.01  19.049  0.047
57142.01  19.198  0.056
57143.01  19.221  0.089
57144.02  19.169  0.090
57146.01  19.749  0.175
57146.99  19.917  0.110
57147.98  19.854  0.056
57150.01  19.835  0.073
filter V
57119.98  16.463  0.010
57120.99  16.391  0.010
57121.99  16.373  0.013
57122.98  16.357  0.013
57124.99  16.319  0.006
57125.99  16.310  0.011
57127.04  16.310  0.012
57129.05  16.347  0.007
57130.03  16.401  0.009
57131.01  16.432  0.014
57132.01  16.471  0.010
57133.00  16.517  0.009
57133.99  16.569  0.009
57134.98  16.639  0.012
57135.98  16.687  0.013
57136.97  16.762  0.015
57138.97  16.867  0.012
57139.99  16.922  0.012
57141.00  16.987  0.015
57142.00  17.003  0.013
57142.99  17.099  0.013
57144.01  17.121  0.013
57146.00  17.191  0.016
57146.98  17.226  0.012
57147.97  17.268  0.011
57150.00  17.382  0.011
57152.01  17.448  0.014
57154.99  17.644  0.013
57155.98  17.694  0.020
57156.99  17.793  0.015
57157.98  17.832  0.014
57158.98  17.898  0.015
57159.98  17.998  0.015
57160.97  18.041  0.017
57161.98  18.091  0.018
filter Y
57119.99  16.409  0.011
57138.97  17.276  0.011
filter Jrc2
57120.01  16.176  0.014
