ASAS15bm 0.020786 226.464917 -5.626958
filter B
57046.36  16.536  0.009
57047.34  16.407  0.016
57048.34  16.251  0.011
57049.35  16.180  0.016
57055.38  16.065  0.007
57056.38  16.066  0.014
57056.38  16.110  0.012
57057.37  16.105  0.015
57059.36  16.193  0.013
57060.35  16.251  0.012
57060.35  16.294  0.014
57067.37  16.878  0.013
57068.38  17.009  0.028
57069.38  17.040  0.021
57075.40  17.698  0.027
57080.40  18.250  0.028
57082.40  18.349  0.026
57083.40  18.475  0.028
57094.37  19.096  0.045
57100.36  19.123  0.034
57117.34  19.294  0.064
57126.30  19.354  0.029
57131.36  19.577  0.042
57137.28  19.515  0.034
filter g
57046.35  16.433  0.007
57047.33  16.289  0.012
57048.34  16.180  0.011
57049.35  16.071  0.018
57055.37  15.951  0.009
57055.37  15.965  0.007
57056.38  15.963  0.010
57057.36  15.973  0.017
57058.34  16.053  0.013
57059.37  16.042  0.008
57060.35  16.090  0.008
57067.38  16.584  0.012
57068.38  16.647  0.033
57069.37  16.755  0.025
57075.39  17.297  0.015
57080.41  17.815  0.025
57082.41  17.968  0.028
57083.39  18.070  0.018
57094.36  18.706  0.057
57100.37  18.885  0.053
57117.32  19.015  0.057
57126.31  19.283  0.039
57131.37  19.344  0.059
57137.29  19.650  0.068
filter i
57046.35  16.598  0.013
57047.33  16.499  0.013
57048.34  16.419  0.016
57049.35  16.360  0.018
57055.37  16.492  0.012
57056.39  16.432  0.016
57057.37  16.463  0.023
57058.34  16.510  0.019
57059.37  16.506  0.012
57060.36  16.545  0.014
57067.38  17.089  0.017
57068.39  17.057  0.023
57069.37  17.082  0.022
57075.39  16.882  0.017
57080.41  16.810  0.018
57082.41  16.824  0.019
57083.39  16.851  0.016
57094.36  17.546  0.028
57100.37  17.852  0.026
57117.32  18.524  0.039
57126.31  18.842  0.037
57131.37  19.022  0.047
filter H
57049.37  16.306  0.021
57051.36  16.483  0.030
57052.38  16.423  0.016
57054.38  16.477  0.019
57060.34  16.645  0.029
57064.37  16.822  0.033
filter r
57046.34  16.333  0.009
57047.33  16.200  0.012
57048.33  16.102  0.011
57049.34  15.955  0.017
57055.37  15.807  0.009
57056.39  15.767  0.008
57057.36  15.806  0.017
57058.34  15.856  0.012
57059.36  15.820  0.008
57060.35  15.859  0.010
57067.38  16.365  0.011
57068.38  16.439  0.021
57069.37  16.458  0.016
57075.39  16.493  0.013
57080.41  16.654  0.011
57082.41  16.742  0.013
57083.39  16.835  0.015
57094.36  17.460  0.022
57100.37  17.709  0.020
57117.32  18.198  0.030
57126.30  18.473  0.027
57131.37  18.617  0.030
filter u
57046.35  17.329  0.021
57047.33  17.123  0.020
57048.34  17.032  0.022
57049.35  16.936  0.017
57055.37  16.934  0.019
57056.39  16.998  0.017
57057.37  17.072  0.019
57058.34  17.198  0.030
57059.37  17.181  0.019
57060.36  17.283  0.016
57067.38  18.179  0.024
57068.39  18.364  0.036
57069.37  18.438  0.028
57075.39  19.278  0.042
57083.40  19.976  0.079
57100.38  20.612  0.117
filter V
57046.36  16.422  0.010
57047.33  16.271  0.014
57048.34  16.149  0.014
57049.35  16.074  0.016
57055.38  15.856  0.009
57056.38  15.868  0.010
57057.37  15.864  0.013
57058.34  15.917  0.012
57059.36  15.928  0.010
57067.38  16.349  0.011
57068.38  16.388  0.018
57069.38  16.438  0.017
57075.40  16.773  0.012
57080.41  17.085  0.014
57082.41  17.245  0.016
57083.40  17.317  0.014
57117.33  18.558  0.038
filter Y
57049.36  16.242  0.014
57051.35  16.227  0.017
57052.37  16.320  0.012
57054.36  16.448  0.013
57060.33  17.033  0.022
57064.36  17.155  0.026
filter Jrc2
57049.37  16.078  0.018
57051.37  16.097  0.022
57052.39  16.135  0.010
57054.38  16.227  0.010
57060.34  16.724  0.016
57064.38  17.536  0.036
