ASAS14mf 0.031080 1.226917 -32.437397
filter B
57009.08  16.613  0.015
57010.08  16.610  0.021
57012.06  16.492  0.013
57013.12  16.515  0.014
57018.07  16.672  0.016
57019.07  16.764  0.014
57020.07  16.802  0.016
57021.06  16.926  0.018
57022.13  17.026  0.019
57023.06  17.077  0.016
57024.09  17.213  0.021
57025.06  17.255  0.020
57026.08  17.372  0.024
57027.09  17.498  0.034
57028.06  17.689  0.040
57029.07  17.646  0.021
57030.06  17.773  0.020
57031.07  17.949  0.014
57032.06  18.005  0.015
57033.09  18.111  0.018
57034.06  18.238  0.017
57035.06  18.324  0.019
57036.05  18.342  0.022
57037.06  18.478  0.020
57038.06  18.672  0.023
57040.05  18.805  0.031
57042.05  18.775  0.030
57045.05  18.925  0.030
57047.04  19.069  0.045
57049.04  19.193  0.045
filter g
57008.07  16.624  0.007
57009.08  16.556  0.015
57010.08  16.521  0.016
57012.05  16.419  0.011
57013.11  16.445  0.009
57018.05  16.587  0.010
57019.07  16.634  0.011
57020.08  16.684  0.015
57021.07  16.746  0.013
57022.12  16.803  0.012
57023.06  16.832  0.012
57024.09  16.976  0.014
57025.05  17.058  0.013
57026.07  17.170  0.019
57027.08  17.253  0.018
57028.06  17.341  0.043
57028.06  17.499  0.052
57029.05  17.431  0.012
57030.04  17.532  0.011
57031.08  17.570  0.012
57032.04  17.740  0.013
57033.05  17.767  0.013
57034.07  17.867  0.015
57035.04  17.890  0.017
57036.05  18.023  0.020
57037.06  18.127  0.019
57038.07  18.175  0.018
57040.03  18.371  0.035
57042.03  18.534  0.032
57045.04  18.711  0.027
57047.04  18.866  0.036
57049.03  18.846  0.048
filter i
57008.08  17.026  0.015
57009.08  16.978  0.027
57010.08  17.030  0.028
57012.05  16.897  0.031
57013.11  17.136  0.022
57018.05  17.299  0.020
57019.08  17.281  0.029
57020.08  17.387  0.025
57021.07  17.444  0.034
57022.13  17.634  0.024
57023.07  17.562  0.028
57024.09  17.768  0.030
57025.05  17.806  0.033
57026.08  17.808  0.033
57027.08  17.979  0.033
57028.07  17.874  0.039
57029.05  17.908  0.023
57030.05  18.020  0.023
57031.08  17.681  0.026
57032.05  17.830  0.018
57033.05  17.838  0.015
57034.07  17.652  0.028
57035.04  17.806  0.017
57036.06  17.669  0.029
57037.07  17.632  0.027
57038.07  17.741  0.028
57040.04  17.822  0.033
57042.03  17.864  0.024
57045.04  17.810  0.022
57047.04  17.958  0.026
57049.04  18.405  0.040
filter r
57008.07  16.733  0.009
57009.08  16.672  0.017
57010.08  16.570  0.022
57012.05  16.537  0.015
57013.11  16.586  0.013
57018.05  16.607  0.013
57019.07  16.685  0.012
57020.08  16.689  0.017
57021.07  16.701  0.013
57022.13  16.791  0.013
57023.06  16.825  0.012
57024.09  16.977  0.016
57025.05  16.999  0.015
57026.08  17.024  0.017
57027.08  17.172  0.020
57029.05  17.138  0.015
57030.04  17.163  0.014
57031.08  17.191  0.011
57032.05  17.196  0.012
57033.05  17.265  0.014
57034.07  17.228  0.015
57035.04  17.348  0.012
57036.05  17.309  0.016
57037.06  17.284  0.015
57038.07  17.426  0.013
57040.04  17.467  0.015
57042.03  17.600  0.017
57045.04  17.658  0.018
57047.04  17.871  0.019
57049.03  18.099  0.026
filter u
57008.08  17.117  0.011
57009.09  17.099  0.017
57010.08  17.086  0.016
57012.05  17.124  0.012
57013.11  17.114  0.014
57018.06  17.587  0.019
57019.08  17.698  0.020
57020.08  17.777  0.023
57021.07  17.900  0.026
57022.13  18.029  0.041
57023.07  18.118  0.034
57024.10  18.238  0.043
57025.05  18.410  0.037
57026.08  18.523  0.053
57027.08  18.559  0.068
57028.08  18.829  0.188
57029.06  18.990  0.033
57030.05  19.009  0.031
57031.09  19.067  0.033
57032.05  19.406  0.033
57033.06  19.308  0.036
57034.08  19.670  0.036
57035.05  19.761  0.059
57036.06  19.974  0.047
57037.07  19.903  0.047
57038.08  19.588  0.051
57040.04  19.819  0.058
57042.04  19.942  0.069
57045.05  19.966  0.063
57047.05  20.196  0.092
57049.05  20.290  0.146
filter V
57009.08  16.692  0.022
57010.08  16.652  0.027
57012.06  16.551  0.019
57013.11  16.550  0.015
57018.06  16.658  0.017
57019.07  16.683  0.013
57020.07  16.671  0.027
57021.06  16.770  0.019
57022.13  16.805  0.019
57023.06  16.830  0.019
57024.09  16.924  0.020
57025.06  16.976  0.019
57026.08  17.033  0.022
57027.09  17.057  0.030
57028.06  17.122  0.058
57028.06  17.211  0.109
57029.07  17.224  0.015
57030.06  17.264  0.017
57031.08  17.282  0.015
57032.06  17.332  0.019
57033.07  17.415  0.017
57034.06  17.463  0.016
57035.05  17.572  0.016
57036.05  17.626  0.017
57037.06  17.735  0.017
57038.07  17.745  0.017
57040.05  17.977  0.023
57042.04  18.007  0.020
57045.04  18.285  0.021
57047.04  18.440  0.027
57049.04  18.519  0.036
filter Y
57029.05  17.528  0.039
