ASAS14me 0.017800 21.667000 -57.997031
filter B
57009.12  16.208  0.010
57010.10  15.962  0.011
57011.11  15.761  0.011
57012.16  15.609  0.009
57013.13  15.471  0.011
57014.10  15.361  0.010
57015.21  15.281  0.009
57018.11  15.143  0.009
57019.10  15.133  0.009
57020.14  15.142  0.012
57021.09  15.123  0.011
57022.16  15.159  0.009
57023.08  15.197  0.009
57024.12  15.249  0.009
57025.08  15.286  0.009
57026.10  15.352  0.009
57027.12  15.353  0.026
57028.11  15.459  0.016
57029.11  15.533  0.010
57030.14  15.603  0.010
57031.12  15.703  0.009
57032.09  15.762  0.009
57033.12  15.850  0.011
57034.16  15.936  0.011
57035.09  16.025  0.011
57036.09  16.138  0.014
57037.10  16.228  0.013
57038.10  16.321  0.013
57039.17  16.442  0.013
57040.09  16.549  0.011
57041.09  16.662  0.011
57042.08  16.724  0.013
57044.09  16.944  0.015
57045.08  17.023  0.014
57046.08  17.111  0.016
57047.06  17.170  0.018
57048.06  17.296  0.018
57049.09  17.364  0.018
57056.06  17.804  0.040
57057.07  17.854  0.029
57058.07  17.825  0.023
57059.06  17.937  0.036
57060.07  17.970  0.014
57067.04  18.142  0.015
filter g
57008.10  16.519  0.007
57009.11  16.169  0.010
57010.10  15.920  0.011
57011.11  15.724  0.010
57012.16  15.545  0.008
57013.13  15.423  0.008
57014.10  15.340  0.011
57015.22  15.260  0.011
57018.10  15.094  0.008
57019.11  15.089  0.006
57020.13  15.087  0.008
57021.09  15.066  0.008
57022.15  15.105  0.008
57023.09  15.142  0.007
57024.12  15.182  0.007
57025.08  15.216  0.009
57026.10  15.278  0.009
57027.11  15.291  0.023
57028.11  15.504  0.043
57029.11  15.428  0.008
57030.13  15.468  0.009
57031.13  15.552  0.007
57032.09  15.598  0.009
57033.11  15.678  0.009
57034.16  15.765  0.009
57035.09  15.826  0.009
57036.09  15.904  0.010
57037.10  15.982  0.011
57038.10  16.067  0.010
57039.16  16.157  0.011
57040.10  16.229  0.008
57041.09  16.323  0.009
57042.08  16.412  0.012
57044.11  16.600  0.010
57045.09  16.654  0.010
57046.08  16.765  0.010
57047.07  16.844  0.013
57048.07  16.938  0.013
57049.08  17.009  0.015
57056.06  17.373  0.030
57057.07  17.495  0.021
57058.06  17.578  0.019
57059.07  17.456  0.051
57060.08  17.651  0.012
57067.04  17.853  0.013
filter i
57008.10  16.867  0.013
57009.11  16.536  0.016
57010.10  16.285  0.016
57011.11  16.071  0.015
57012.16  15.959  0.014
57013.13  15.825  0.011
57014.10  15.784  0.012
57015.22  15.742  0.014
57018.10  15.716  0.011
57019.11  15.758  0.010
57020.13  15.771  0.014
57021.09  15.803  0.015
57022.15  15.872  0.013
57023.09  15.892  0.012
57024.12  15.924  0.012
57025.08  16.015  0.015
57026.10  16.064  0.016
57027.11  16.045  0.054
57028.12  16.394  0.098
57029.11  16.270  0.017
57030.13  16.350  0.019
57031.13  16.437  0.016
57032.09  16.521  0.014
57033.11  16.580  0.013
57034.16  16.647  0.014
57035.09  16.646  0.012
57036.09  16.764  0.019
57037.10  16.757  0.017
57038.10  16.688  0.020
57039.16  16.716  0.018
57040.10  16.684  0.014
57041.09  16.684  0.016
57042.08  16.697  0.017
57044.11  16.539  0.014
57045.09  16.601  0.015
57046.08  16.512  0.012
57047.07  16.535  0.020
57048.07  16.460  0.013
57049.08  16.474  0.015
57056.06  16.571  0.016
57057.07  16.719  0.015
57058.06  16.743  0.012
57059.07  16.811  0.021
57060.09  16.839  0.009
57067.04  17.257  0.017
filter H
57021.05  16.109  0.018
57023.07  16.244  0.021
57024.16  16.272  0.019
57030.07  16.362  0.020
57031.07  16.556  0.027
57050.06  16.079  0.017
filter r
57008.10  16.587  0.011
57009.11  16.228  0.017
57010.10  16.017  0.014
57011.11  15.813  0.012
57012.16  15.662  0.010
57013.13  15.533  0.011
57014.10  15.438  0.011
57015.22  15.348  0.010
57018.10  15.223  0.009
57019.11  15.192  0.007
57020.13  15.216  0.014
57021.09  15.162  0.008
57022.15  15.159  0.009
57023.09  15.183  0.007
57024.12  15.193  0.007
57025.08  15.229  0.009
57026.10  15.259  0.011
57027.11  15.362  0.028
57028.11  15.601  0.055
57029.10  15.411  0.009
57030.13  15.510  0.010
57031.13  15.596  0.011
57032.08  15.664  0.011
57033.11  15.740  0.012
57034.15  15.828  0.010
57035.08  15.861  0.010
57036.09  15.895  0.011
57037.10  15.918  0.011
57038.10  15.942  0.013
57039.16  15.968  0.012
57040.10  15.981  0.008
57041.09  15.990  0.009
57042.08  16.028  0.011
57044.10  16.037  0.008
57045.08  16.064  0.009
57046.08  16.083  0.009
57047.07  16.108  0.011
57048.06  16.120  0.010
57049.08  16.130  0.012
57056.06  16.525  0.014
57057.07  16.517  0.011
57058.06  16.578  0.011
57059.07  16.654  0.022
57060.08  16.697  0.007
57067.04  17.013  0.011
filter u
57008.10  17.171  0.011
57009.12  16.668  0.012
57010.10  16.327  0.014
57011.11  16.028  0.014
57012.17  15.880  0.012
57013.13  15.693  0.012
57014.10  15.597  0.012
57018.10  15.468  0.010
57019.11  15.505  0.011
57020.13  15.546  0.012
57021.09  15.579  0.013
57022.15  15.666  0.012
57023.09  15.765  0.012
57024.12  15.848  0.013
57025.08  15.945  0.014
57026.10  16.041  0.017
57027.12  16.148  0.061
57028.12  16.214  0.044
57029.11  16.312  0.016
57030.13  16.476  0.017
57031.13  16.553  0.016
57032.09  16.665  0.015
57034.16  16.880  0.020
57035.09  17.022  0.020
57036.09  17.160  0.019
57037.11  17.312  0.021
57038.10  17.375  0.022
57039.17  17.586  0.029
57040.10  17.706  0.020
57041.09  17.782  0.019
57042.08  18.019  0.025
57044.11  18.097  0.029
57045.09  18.243  0.026
57046.08  18.318  0.029
57047.07  18.394  0.030
57048.07  18.489  0.027
57049.09  18.610  0.029
57057.08  18.924  0.074
57058.07  18.951  0.065
57060.09  19.082  0.052
57067.05  19.241  0.048
filter V
57009.12  16.263  0.013
57010.10  16.016  0.015
57011.11  15.796  0.012
57012.16  15.637  0.010
57013.13  15.508  0.012
57014.10  15.394  0.014
57015.21  15.331  0.012
57018.10  15.171  0.010
57019.10  15.118  0.008
57020.14  15.111  0.010
57021.09  15.123  0.011
57022.15  15.131  0.009
57023.09  15.145  0.009
57024.12  15.184  0.009
57025.08  15.242  0.012
57026.10  15.272  0.012
57027.12  15.301  0.028
57028.11  15.334  0.014
57029.11  15.388  0.009
57030.13  15.443  0.009
57031.13  15.468  0.009
57032.09  15.538  0.009
57033.12  15.609  0.010
57034.16  15.663  0.009
57035.09  15.746  0.010
57036.09  15.783  0.011
57037.10  15.840  0.013
57038.10  15.896  0.012
57039.17  15.939  0.013
57040.10  15.983  0.010
57041.09  16.069  0.011
57042.08  16.083  0.012
57044.09  16.200  0.012
57045.08  16.253  0.013
57046.08  16.305  0.012
57047.07  16.338  0.013
57048.06  16.412  0.014
57049.08  16.425  0.015
57057.07  16.891  0.015
57058.07  16.979  0.018
57059.06  16.984  0.024
57060.07  17.019  0.010
57067.04  17.337  0.012
filter Y
57021.05  16.125  0.013
57023.06  16.244  0.015
57024.16  16.368  0.013
57030.08  16.780  0.017
57031.05  16.802  0.013
57032.02  16.833  0.022
57050.05  15.847  0.016
filter Jrc2
57021.07  15.798  0.008
57023.07  15.911  0.010
57050.07  16.928  0.012
