ASAS14lt 0.032023 47.760583 -13.110767
filter B
57002.17  16.563  0.028
57003.20  16.594  0.041
57005.15  16.547  0.027
57006.11  16.407  0.030
57007.11  16.558  0.012
57009.18  16.583  0.025
57010.14  16.674  0.027
57011.13  16.669  0.028
57012.19  16.705  0.025
57013.16  16.732  0.032
57014.15  16.787  0.035
57018.12  17.175  0.029
57019.13  17.289  0.036
57020.14  17.288  0.032
57021.11  17.470  0.054
57023.16  17.823  0.033
57025.12  17.815  0.095
57027.16  18.307  0.043
57029.14  19.002  0.098
57031.15  19.222  0.095
57035.12  19.817  0.124
57048.11  20.022  0.094
filter g
57002.18  16.584  0.034
57004.14  16.576  0.022
57006.11  16.502  0.021
57008.14  16.456  0.017
57009.18  16.512  0.014
57010.14  16.480  0.020
57011.13  16.558  0.021
57012.19  16.541  0.020
57013.15  16.644  0.017
57014.15  16.672  0.016
57018.12  17.016  0.035
57019.12  16.979  0.020
57020.15  17.167  0.041
57023.15  17.455  0.021
57027.16  17.929  0.037
57029.13  18.247  0.046
57031.15  18.503  0.041
57037.13  19.219  0.100
filter i
57002.18  17.111  0.024
57003.20  17.145  0.024
57005.14  17.176  0.026
57006.11  17.122  0.019
57007.12  17.129  0.020
57009.18  17.122  0.032
57010.14  17.178  0.039
57011.14  17.244  0.037
57012.19  17.273  0.036
57013.16  17.308  0.031
57014.16  17.439  0.036
57018.13  17.573  0.043
57019.12  17.741  0.042
57021.11  17.790  0.054
57023.15  17.644  0.040
57025.12  17.620  0.052
57027.16  17.630  0.046
57029.14  17.635  0.036
57031.15  17.634  0.036
57033.16  17.427  0.031
57035.12  17.606  0.045
57037.13  17.727  0.021
57039.19  17.727  0.054
57041.14  17.985  0.030
filter H
57003.26  17.197  0.020
57005.15  17.252  0.022
57021.12  17.778  0.029
57023.19  17.616  0.038
57024.19  17.587  0.039
57032.11  17.232  0.035
57049.11  18.015  0.064
filter r
57003.20  16.654  0.027
57004.14  16.641  0.029
57005.14  16.463  0.019
57007.11  16.533  0.016
57008.14  16.455  0.023
57009.18  16.432  0.026
57010.13  16.497  0.031
57011.14  16.535  0.023
57012.19  16.612  0.020
57013.16  16.619  0.021
57014.16  16.747  0.032
57018.12  16.944  0.033
57019.12  16.965  0.022
57020.15  17.011  0.028
57021.10  17.173  0.034
57023.15  17.246  0.025
57025.12  17.285  0.030
57027.16  17.249  0.028
57029.13  17.408  0.031
57031.15  17.331  0.028
57033.16  17.387  0.027
57035.11  17.545  0.028
57037.13  17.744  0.025
57041.14  17.939  0.026
57048.11  18.377  0.047
filter u
57002.18  17.178  0.021
57003.21  17.125  0.023
57004.15  17.079  0.018
57005.14  17.072  0.018
57006.12  17.074  0.012
57007.12  17.104  0.015
57008.15  17.241  0.026
57009.18  17.282  0.023
57010.14  17.373  0.022
57011.14  17.483  0.025
57012.19  17.502  0.021
57013.16  17.616  0.022
57014.16  17.738  0.023
57018.13  18.246  0.027
57019.12  18.390  0.033
57020.15  18.547  0.044
57021.11  18.838  0.042
57023.15  19.181  0.058
57025.12  19.421  0.081
57029.14  20.023  0.129
filter V
57002.17  16.718  0.016
57003.20  16.637  0.020
57004.14  16.609  0.018
57005.15  16.558  0.017
57007.11  16.552  0.013
57009.18  16.532  0.021
57010.14  16.561  0.027
57011.13  16.571  0.020
57012.19  16.597  0.022
57013.16  16.637  0.019
57014.15  16.663  0.023
57018.12  16.867  0.022
57019.12  16.989  0.024
57020.14  17.043  0.027
57021.11  17.024  0.023
57023.16  17.260  0.030
57025.12  17.372  0.024
57027.16  17.458  0.031
57029.14  17.600  0.031
57031.15  17.780  0.029
57033.17  17.888  0.029
57035.12  18.002  0.040
57037.13  18.236  0.028
57039.19  18.326  0.036
57041.14  18.444  0.030
57048.11  18.725  0.052
57058.11  18.858  0.129
filter Y
57003.24  17.011  0.015
57005.13  17.164  0.017
57021.11  17.807  0.025
57024.18  17.474  0.027
57032.10  17.007  0.021
57049.10  17.415  0.024
filter Jrc2
57003.27  16.967  0.013
57005.11  17.093  0.021
