ASAS14mw 0.027387 25.354833 -65.617017
filter B
57022.16  16.252  0.013
57024.14  16.059  0.013
57025.09  15.966  0.013
57026.11  15.933  0.013
57027.12  15.885  0.018
57028.14  15.912  0.012
57029.12  15.897  0.010
57030.14  15.905  0.008
57031.14  15.943  0.008
57032.10  15.965  0.009
57033.15  16.003  0.009
57034.16  16.016  0.008
57035.10  16.078  0.008
57036.10  16.131  0.009
57037.12  16.207  0.009
57038.12  16.257  0.009
57039.17  16.339  0.009
57040.11  16.409  0.008
57041.10  16.507  0.010
57042.09  16.586  0.010
57044.12  16.787  0.012
57045.10  16.881  0.013
57046.10  16.978  0.011
57047.08  17.096  0.012
57048.10  17.245  0.017
57049.11  17.302  0.019
57056.09  17.940  0.063
57056.09  17.905  0.062
57056.09  17.923  0.077
57056.09  17.955  0.070
57057.11  18.104  0.044
57058.08  18.160  0.028
57059.09  18.233  0.028
57060.11  18.317  0.017
57064.09  18.576  0.013
57065.04  18.635  0.011
57066.03  18.682  0.017
57067.07  18.729  0.014
57068.04  18.772  0.011
57069.04  18.811  0.014
filter g
57022.16  16.220  0.011
57024.13  16.021  0.009
57025.09  15.981  0.011
57026.11  15.909  0.010
57027.13  15.848  0.012
57028.12  15.965  0.053
57029.12  15.847  0.008
57030.14  15.837  0.008
57031.14  15.869  0.007
57032.10  15.887  0.007
57033.15  15.908  0.008
57034.17  15.958  0.008
57035.10  16.003  0.007
57036.10  16.049  0.008
57037.11  16.086  0.008
57038.11  16.148  0.008
57039.17  16.204  0.009
57040.11  16.260  0.008
57041.10  16.327  0.007
57042.09  16.391  0.008
57044.11  16.580  0.009
57045.09  16.669  0.008
57046.09  16.742  0.009
57047.08  16.816  0.012
57048.07  16.922  0.012
57049.10  17.024  0.015
57056.08  17.690  0.025
57056.08  17.654  0.027
57056.08  17.613  0.030
57056.08  17.620  0.035
57057.09  17.720  0.023
57058.09  17.785  0.021
57059.09  17.897  0.020
57060.10  17.985  0.014
57064.08  18.220  0.009
57065.03  18.295  0.012
57066.03  18.335  0.009
57067.06  18.380  0.012
57068.04  18.436  0.010
57069.03  18.473  0.013
filter i
57022.16  16.680  0.019
57024.14  16.608  0.019
57025.09  16.577  0.019
57026.11  16.552  0.017
57027.13  16.548  0.025
57029.12  16.668  0.015
57030.14  16.721  0.015
57031.14  16.723  0.017
57032.10  16.763  0.010
57033.15  16.750  0.013
57034.17  16.809  0.011
57035.10  16.838  0.010
57036.10  16.914  0.015
57037.11  17.013  0.017
57038.11  17.077  0.014
57039.18  17.205  0.018
57040.11  17.278  0.018
57041.10  17.374  0.020
57042.09  17.440  0.021
57044.12  17.517  0.023
57045.10  17.573  0.022
57046.09  17.500  0.017
57047.08  17.487  0.015
57048.08  17.542  0.017
57049.10  17.462  0.015
57056.07  17.316  0.015
57057.09  17.230  0.011
57058.09  17.271  0.016
57059.09  17.257  0.017
57060.11  17.248  0.009
57064.08  17.417  0.011
57065.03  17.482  0.010
57066.04  17.575  0.011
57067.06  17.600  0.013
57068.05  17.741  0.011
57069.03  17.782  0.010
filter H
57024.13  16.787  0.024
57029.09  16.998  0.025
57031.11  17.157  0.041
57032.06  17.227  0.038
57051.07  17.172  0.023
filter r
57022.16  16.349  0.013
57024.13  16.170  0.013
57025.09  16.088  0.012
57026.11  16.050  0.013
57027.13  16.001  0.016
57029.12  15.957  0.010
57030.14  15.972  0.010
57031.14  15.981  0.009
57032.10  15.980  0.010
57033.15  15.998  0.009
57034.17  16.039  0.010
57035.10  16.088  0.011
57036.10  16.131  0.010
57037.11  16.176  0.010
57038.11  16.229  0.010
57039.18  16.309  0.010
57040.11  16.384  0.009
57041.10  16.449  0.011
57042.09  16.537  0.011
57044.11  16.631  0.010
57045.09  16.671  0.012
57046.09  16.703  0.011
57047.08  16.726  0.012
57048.07  16.742  0.013
57049.10  16.755  0.014
57056.07  16.866  0.011
57057.09  16.907  0.013
57058.09  16.911  0.011
57059.08  16.998  0.017
57060.10  16.993  0.010
57064.08  17.235  0.010
57065.02  17.305  0.008
57066.03  17.357  0.007
57067.06  17.440  0.008
57068.05  17.486  0.008
57069.02  17.541  0.009
filter u
57022.17  16.584  0.017
57024.14  16.413  0.019
57025.09  16.379  0.020
57026.11  16.328  0.018
57027.13  16.285  0.025
57028.13  16.443  0.059
57029.12  16.392  0.017
57030.14  16.453  0.016
57031.14  16.538  0.020
57032.10  16.612  0.015
57033.15  16.692  0.015
57034.17  16.784  0.014
57035.11  16.860  0.012
57036.10  16.940  0.013
57037.11  17.052  0.015
57038.11  17.150  0.014
57039.18  17.219  0.016
57040.11  17.354  0.020
57041.11  17.483  0.017
57042.09  17.625  0.018
57044.12  17.829  0.026
57045.10  18.032  0.024
57046.09  18.151  0.019
57047.08  18.290  0.021
57048.09  18.387  0.024
57049.10  18.532  0.021
filter V
57022.16  16.326  0.014
57024.14  16.142  0.014
57025.09  16.035  0.013
57026.11  15.980  0.014
57027.13  15.951  0.018
57028.14  15.976  0.016
57029.12  15.929  0.013
57030.14  15.913  0.011
57031.14  15.936  0.009
57032.10  15.957  0.010
57033.14  15.998  0.010
57034.16  15.982  0.010
57035.10  16.047  0.012
57036.10  16.053  0.010
57037.12  16.116  0.013
57038.11  16.160  0.010
57039.17  16.225  0.012
57040.11  16.257  0.011
57041.10  16.318  0.011
57042.09  16.397  0.011
57044.12  16.514  0.011
57045.10  16.570  0.013
57046.10  16.598  0.013
57047.08  16.660  0.014
57048.10  16.714  0.014
57049.11  16.756  0.016
57056.08  17.160  0.027
57056.09  17.105  0.028
57056.09  17.220  0.042
57057.10  17.270  0.020
57058.09  17.288  0.019
57059.09  17.373  0.014
57060.11  17.430  0.013
57064.09  17.652  0.011
57065.03  17.740  0.011
57066.03  17.772  0.011
57067.07  17.837  0.013
57068.04  17.901  0.010
57069.03  17.940  0.011
filter Y
57024.12  16.642  0.016
57029.08  16.914  0.016
57031.10  17.116  0.018
57032.04  17.198  0.018
57051.05  17.201  0.015
filter Jrc2
57024.14  16.558  0.015
57029.08  16.706  0.014
57031.08  16.889  0.017
57032.06  16.958  0.017
57051.08  18.229  0.023
