ASAS14jc 0.011317 113.897042 -62.770178
filter B
56950.33  16.447  0.009
56954.33  16.233  0.013
56955.35  16.219  0.014
56956.34  16.234  0.013
56958.33  16.329  0.015
56961.30  16.496  0.009
56963.29  16.659  0.013
56964.35  16.778  0.014
56965.31  16.857  0.020
56971.35  17.551  0.021
56972.29  17.681  0.017
56973.29  17.799  0.026
56974.32  17.831  0.025
56975.28  17.955  0.031
56976.31  18.065  0.029
56977.31  18.181  0.032
56978.36  18.197  0.051
56979.24  18.309  0.034
56980.31  18.481  0.039
56981.24  18.456  0.029
56982.27  18.536  0.028
56983.22  18.622  0.029
56984.29  18.701  0.019
56985.21  18.747  0.025
56987.25  18.829  0.029
56994.34  19.077  0.030
56996.25  19.273  0.063
56998.29  19.087  0.047
56998.29  19.124  0.055
57000.30  19.105  0.050
57001.27  19.145  0.100
57003.11  19.245  0.038
57005.23  19.330  0.040
57013.24  19.377  0.029
57020.28  19.446  0.046
filter g
56950.32  16.354  0.017
56954.33  16.041  0.020
56955.35  16.056  0.019
56956.35  16.017  0.017
56958.32  16.093  0.017
56961.29  16.182  0.014
56963.29  16.266  0.014
56964.34  16.398  0.016
56965.31  16.563  0.021
56971.35  17.008  0.017
56972.30  17.120  0.015
56973.28  17.259  0.017
56978.36  17.710  0.021
56980.32  17.894  0.030
56981.25  17.940  0.018
56994.34  18.658  0.034
56996.24  18.627  0.040
56998.29  18.657  0.036
56998.30  18.729  0.038
57003.11  18.741  0.027
filter i
56950.31  15.928  0.019
56954.34  15.855  0.021
56955.36  15.894  0.019
56956.35  15.890  0.019
56958.33  15.965  0.022
56961.29  16.067  0.019
56963.29  16.181  0.020
56964.34  16.317  0.020
56965.31  16.381  0.024
56971.35  16.315  0.028
56972.30  16.279  0.015
56973.28  16.305  0.019
56974.31  16.243  0.015
56975.28  16.209  0.020
56976.31  16.251  0.021
56977.31  16.171  0.014
56978.36  16.207  0.020
56979.23  16.198  0.014
56980.32  16.232  0.019
56981.25  16.223  0.009
56982.28  16.270  0.010
56983.23  16.309  0.013
56984.31  16.397  0.009
56985.20  16.459  0.012
56987.24  16.648  0.018
56994.34  17.054  0.018
56996.24  17.136  0.020
56998.30  17.223  0.015
56998.30  17.238  0.015
57000.30  17.319  0.019
57001.26  17.380  0.025
57003.11  17.404  0.018
57005.24  17.526  0.018
57013.25  17.855  0.019
filter H
56960.33  15.463  0.010
56963.33  15.596  0.011
56965.33  15.586  0.010
56966.30  15.582  0.012
56973.30  15.332  0.010
filter r
56950.31  15.736  0.013
56954.34  15.515  0.013
56955.36  15.488  0.012
56956.35  15.483  0.009
56958.33  15.474  0.013
56961.29  15.568  0.010
56963.29  15.675  0.011
56964.34  15.761  0.012
56965.31  15.806  0.014
56971.35  16.036  0.019
56972.30  16.076  0.009
56973.28  16.068  0.013
56974.31  16.123  0.013
56975.28  16.115  0.017
56976.31  16.151  0.014
56977.30  16.205  0.014
56978.36  16.214  0.013
56979.23  16.240  0.015
56980.32  16.306  0.017
56981.25  16.363  0.009
56982.28  16.436  0.012
56983.23  16.500  0.013
56984.30  16.587  0.009
56985.20  16.663  0.012
56987.24  16.825  0.019
56994.34  17.171  0.020
56996.24  17.254  0.019
56998.30  17.306  0.015
56998.30  17.304  0.016
57000.30  17.381  0.016
57001.25  17.421  0.026
57003.11  17.473  0.018
57005.24  17.556  0.017
57013.25  17.815  0.014
57020.29  18.021  0.019
filter u
56950.32  17.765  0.027
56954.34  17.578  0.025
56955.36  17.602  0.023
56956.35  17.626  0.031
56958.33  17.928  0.050
56961.29  18.105  0.031
56963.29  18.281  0.033
56964.35  18.442  0.034
56965.31  18.560  0.042
56971.36  19.221  0.089
56972.30  19.607  0.073
56973.29  19.611  0.065
56975.28  19.911  0.082
56976.31  19.775  0.067
56977.31  20.120  0.120
56978.36  20.206  0.132
56979.23  20.032  0.087
56980.32  20.329  0.086
56981.25  20.347  0.131
56981.26  20.362  0.196
filter V
56950.32  16.044  0.011
56954.33  15.759  0.013
56955.35  15.732  0.012
56956.34  15.716  0.012
56958.33  15.711  0.014
56961.29  15.778  0.013
56963.29  15.867  0.012
56964.35  15.920  0.013
56965.31  15.970  0.014
56971.35  16.376  0.013
56972.29  16.463  0.009
56973.29  16.514  0.013
56974.32  16.544  0.015
56975.28  16.618  0.019
56976.31  16.703  0.018
56977.31  16.754  0.016
56978.36  16.812  0.019
56979.24  16.861  0.020
56980.32  16.929  0.022
56981.25  16.996  0.014
56982.27  17.075  0.016
56983.22  17.154  0.016
56984.30  17.236  0.009
56985.21  17.288  0.015
56987.25  17.417  0.016
56994.34  17.748  0.026
56996.24  17.802  0.031
56998.29  17.856  0.022
56998.29  17.841  0.022
57000.30  17.909  0.034
57001.27  17.931  0.038
57003.11  17.965  0.024
57005.23  18.067  0.020
57013.24  18.206  0.015
57020.29  18.417  0.028
filter Y
56960.32  15.895  0.006
56963.31  16.003  0.006
56965.31  15.995  0.006
56966.28  15.967  0.007
56973.28  15.579  0.006
filter Jrc2
56960.35  15.722  0.006
56963.34  16.238  0.013
56965.33  16.549  0.008
56966.31  16.600  0.010
56973.30  16.483  0.008
