ASAS14jg 0.014817 353.307917 -60.569861
filter B
56961.07  14.877  0.009
56962.19  14.908  0.009
56963.05  14.934  0.009
56965.08  14.980  0.016
56971.13  15.403  0.015
56972.12  15.460  0.010
56973.08  15.529  0.013
56974.07  15.608  0.009
56975.08  15.711  0.013
56976.09  15.806  0.009
56977.09  15.892  0.010
56978.08  15.984  0.016
56979.15  16.126  0.016
56980.12  16.185  0.016
56981.08  16.268  0.012
56982.09  16.361  0.013
56983.09  16.470  0.014
56984.09  16.537  0.014
57000.10  17.494  0.023
57004.09  17.668  0.016
57006.06  17.751  0.014
57022.08  17.927  0.022
57030.07  18.007  0.022
57037.05  18.144  0.015
57046.04  18.225  0.016
filter g
56961.06  14.802  0.006
56962.18  14.810  0.009
56963.04  14.834  0.007
56965.08  14.882  0.009
56971.12  15.187  0.010
56972.12  15.255  0.007
56973.07  15.340  0.009
56974.07  15.388  0.007
56975.08  15.473  0.010
56976.08  15.523  0.008
56977.08  15.619  0.009
56978.08  15.697  0.008
56979.14  15.788  0.013
56980.12  15.845  0.009
56981.08  15.923  0.009
56982.10  16.002  0.009
56983.08  16.081  0.011
56984.09  16.146  0.012
57000.10  17.172  0.013
57004.09  17.343  0.011
57006.06  17.428  0.007
57008.06  17.420  0.010
57022.07  17.669  0.016
57030.07  17.768  0.016
57037.03  17.860  0.017
57046.04  17.965  0.014
filter i
56962.18  15.510  0.011
56963.04  15.549  0.009
56965.08  15.611  0.013
56971.12  15.968  0.017
56972.12  16.052  0.011
56973.07  16.115  0.014
56974.07  16.215  0.014
56975.08  16.210  0.014
56976.08  16.245  0.013
56977.08  16.253  0.011
56978.08  16.264  0.012
56979.14  16.248  0.016
56980.12  16.205  0.016
56981.08  16.173  0.014
56982.10  16.178  0.012
56983.08  16.124  0.014
56984.09  16.113  0.014
56985.04  16.111  0.012
56987.10  16.050  0.014
56994.08  15.978  0.016
56995.05  16.014  0.014
56996.10  16.085  0.017
56997.12  16.133  0.015
56998.10  16.145  0.014
57000.11  16.343  0.011
57004.09  16.597  0.012
57006.06  16.715  0.008
57008.06  16.790  0.011
57022.08  17.382  0.016
57030.07  17.612  0.021
57037.04  17.945  0.024
57046.04  18.137  0.018
filter H
56963.01  15.817  0.014
56965.22  15.855  0.014
56973.02  16.046  0.014
filter r
56961.06  14.855  0.009
56961.06  14.809  0.008
56962.18  14.815  0.008
56963.04  14.804  0.008
56965.08  14.879  0.011
56971.12  15.132  0.011
56972.12  15.214  0.008
56973.07  15.293  0.011
56974.07  15.347  0.009
56975.08  15.394  0.013
56976.08  15.456  0.010
56977.08  15.491  0.009
56978.08  15.512  0.009
56979.14  15.518  0.012
56980.12  15.532  0.011
56981.08  15.548  0.010
56982.10  15.543  0.009
56983.08  15.562  0.011
56984.09  15.559  0.012
56985.04  15.573  0.009
56987.10  15.656  0.016
56994.08  15.794  0.014
56995.04  15.848  0.015
56996.10  15.918  0.014
56997.12  15.980  0.012
56998.10  16.025  0.013
57000.10  16.168  0.010
57004.09  16.373  0.009
57006.06  16.490  0.009
57008.06  16.519  0.009
57022.07  16.969  0.011
57030.07  17.186  0.013
57037.04  17.429  0.014
57046.03  17.673  0.016
filter u
56961.07  15.372  0.009
56962.18  15.422  0.011
56963.05  15.487  0.010
56965.08  15.638  0.011
56971.12  16.196  0.014
56972.13  16.363  0.014
56973.07  16.503  0.014
56974.07  16.597  0.016
56975.08  16.723  0.015
56976.08  16.865  0.014
56977.09  16.999  0.014
56978.08  17.129  0.016
56979.14  17.240  0.019
56980.12  17.378  0.020
56981.08  17.472  0.018
56982.10  17.596  0.018
56983.09  17.687  0.018
56984.10  17.818  0.020
57000.11  18.899  0.092
57000.11  18.741  0.090
57000.11  18.702  0.090
57000.12  18.641  0.095
57004.09  18.943  0.059
57004.10  18.925  0.030
57006.05  18.896  0.034
57008.06  19.015  0.036
57022.08  19.370  0.083
57030.08  19.232  0.037
57037.04  19.442  0.040
57046.05  19.555  0.039
filter V
56961.07  14.803  0.008
56962.19  14.801  0.009
56963.05  14.799  0.009
56965.08  14.834  0.011
56971.12  15.065  0.011
56972.12  15.137  0.009
56973.07  15.186  0.010
56974.07  15.246  0.009
56975.08  15.312  0.012
56976.09  15.365  0.009
56977.09  15.418  0.009
56978.08  15.465  0.009
56979.15  15.524  0.013
56980.12  15.545  0.012
56981.08  15.592  0.010
56982.09  15.643  0.011
56983.09  15.675  0.012
56984.09  15.712  0.014
57000.10  16.527  0.015
57004.09  16.745  0.010
57006.06  16.832  0.011
57022.08  17.219  0.015
57030.07  17.393  0.014
57037.05  17.597  0.013
57046.04  17.774  0.015
filter Y
56962.99  15.926  0.013
56965.21  16.042  0.013
56973.00  16.241  0.013
filter Jrc2
56963.02  15.681  0.009
56965.23  15.882  0.009
56973.03  16.849  0.012
