ASAS15as 0.028680 144.818958 6.430147
filter B
57036.25  16.336  0.011
57037.21  16.339  0.019
57038.22  16.369  0.017
57039.25  16.376  0.013
57040.20  16.397  0.014
57041.23  16.445  0.014
57042.21  16.482  0.014
57044.24  16.576  0.011
57046.22  16.701  0.015
57048.23  16.864  0.015
57055.23  17.498  0.025
57060.16  17.946  0.019
57064.18  18.262  0.019
57065.14  18.346  0.012
57066.17  18.427  0.013
57067.15  18.501  0.014
57068.13  18.584  0.013
57069.16  18.649  0.012
57075.10  19.001  0.018
57076.20  19.031  0.019
57079.14  19.178  0.021
57080.12  19.217  0.027
57088.18  19.370  0.046
57094.08  19.456  0.019
57101.15  19.555  0.024
filter g
57036.25  16.254  0.011
57037.22  16.269  0.014
57038.22  16.270  0.011
57039.25  16.286  0.010
57040.20  16.302  0.012
57041.23  16.333  0.010
57042.21  16.354  0.013
57044.25  16.436  0.010
57046.21  16.526  0.012
57048.24  16.684  0.013
57055.22  17.233  0.018
57060.16  17.613  0.016
57064.16  17.915  0.013
57065.14  17.993  0.009
57066.15  18.071  0.009
57067.14  18.129  0.010
57068.14  18.204  0.010
57069.16  18.280  0.011
57075.11  18.653  0.012
57076.18  18.715  0.013
57079.14  18.830  0.012
57080.10  18.899  0.017
57088.16  19.052  0.031
57094.09  19.177  0.015
57101.13  19.324  0.035
filter i
57036.26  17.026  0.018
57037.22  17.049  0.022
57038.22  17.059  0.021
57039.25  17.118  0.021
57040.20  17.105  0.020
57041.24  17.188  0.021
57042.21  17.163  0.017
57044.25  17.285  0.019
57046.21  17.390  0.019
57048.24  17.555  0.018
57055.22  17.908  0.032
57055.23  17.901  0.027
57060.17  17.758  0.018
57064.17  17.671  0.017
57065.15  17.655  0.012
57066.15  17.641  0.011
57067.14  17.613  0.010
57068.14  17.625  0.011
57069.17  17.597  0.011
57075.11  17.802  0.012
57076.18  17.891  0.014
57079.15  18.048  0.014
57080.11  18.117  0.015
57088.17  18.469  0.037
57094.10  18.727  0.022
57101.14  19.026  0.025
filter H
57049.17  17.715  0.042
57061.19  17.523  0.042
57062.12  17.473  0.033
filter r
57036.26  16.360  0.012
57037.22  16.342  0.016
57038.21  16.327  0.013
57039.25  16.327  0.014
57040.20  16.331  0.013
57041.24  16.340  0.012
57042.21  16.371  0.012
57044.25  16.454  0.011
57046.21  16.564  0.014
57048.24  16.669  0.015
57055.22  17.061  0.016
57060.16  17.098  0.012
57064.16  17.130  0.013
57065.15  17.163  0.007
57066.15  17.176  0.009
57067.13  17.210  0.008
57068.14  17.238  0.009
57069.16  17.283  0.007
57075.11  17.612  0.010
57076.18  17.687  0.012
57079.15  17.851  0.010
57080.10  17.884  0.012
57088.16  18.203  0.019
57094.09  18.373  0.013
57101.13  18.602  0.015
filter u
57036.26  16.943  0.016
57037.22  16.956  0.018
57038.22  17.048  0.019
57039.25  17.076  0.019
57040.20  17.151  0.018
57041.24  17.220  0.018
57042.21  17.250  0.019
57044.25  17.481  0.020
57046.22  17.663  0.022
57048.24  17.888  0.021
57055.22  18.749  0.090
57060.17  19.358  0.073
57064.18  19.633  0.042
57065.15  19.750  0.034
57066.16  19.832  0.039
57067.14  19.849  0.040
57068.15  19.951  0.044
57069.17  19.953  0.043
57075.12  20.357  0.055
57076.19  20.367  0.055
57079.16  20.385  0.070
57080.11  20.393  0.096
filter V
57036.25  16.325  0.013
57037.22  16.279  0.018
57038.22  16.320  0.016
57039.25  16.351  0.013
57040.20  16.343  0.015
57041.23  16.362  0.012
57042.21  16.385  0.014
57044.24  16.424  0.012
57046.22  16.527  0.015
57048.24  16.624  0.016
57055.23  17.029  0.020
57060.16  17.245  0.014
57064.18  17.427  0.014
57065.14  17.494  0.010
57066.16  17.517  0.009
57067.15  17.580  0.010
57068.14  17.636  0.010
57069.16  17.697  0.010
57075.10  18.058  0.012
57076.19  18.125  0.013
57079.14  18.291  0.014
57080.12  18.319  0.016
57088.18  18.561  0.026
57094.08  18.730  0.015
57101.14  18.927  0.018
filter Y
57049.17  17.953  0.020
57061.18  17.462  0.017
57062.12  17.437  0.018
57092.09  17.837  0.025
filter Jrc2
57062.13  18.382  0.035
