ASAS14lo 0.019917 177.971292 18.541389
filter B
57004.35  16.120  0.015
57005.35  16.184  0.014
57009.35  16.430  0.012
57010.35  16.518  0.012
57011.35  16.601  0.014
57012.36  16.708  0.014
57013.35  16.811  0.010
57014.35  16.927  0.012
57018.33  17.386  0.013
57019.33  17.503  0.014
57020.32  17.594  0.016
57021.32  17.727  0.018
57022.36  17.786  0.022
57024.36  17.995  0.021
57025.37  18.149  0.034
57026.35  18.156  0.027
57028.35  18.329  0.036
57028.36  18.229  0.067
57030.31  18.456  0.036
57035.32  18.809  0.023
57036.35  18.887  0.019
57038.37  18.952  0.021
57040.37  19.048  0.020
57047.27  19.201  0.023
57056.32  19.291  0.106
57058.28  19.282  0.098
57065.30  19.444  0.024
57076.29  19.539  0.030
57090.27  19.697  0.049
57097.25  19.835  0.027
filter g
57004.35  16.041  0.010
57005.35  16.071  0.011
57008.35  16.191  0.011
57009.36  16.236  0.011
57010.35  16.304  0.011
57011.35  16.381  0.011
57012.35  16.473  0.009
57013.35  16.529  0.009
57014.34  16.627  0.011
57018.33  17.028  0.011
57019.33  17.127  0.013
57020.33  17.206  0.014
57021.33  17.318  0.013
57022.36  17.438  0.013
57024.36  17.589  0.018
57025.36  17.716  0.014
57026.34  17.791  0.019
57028.33  17.956  0.032
57028.33  17.960  0.030
57030.30  18.125  0.027
57035.29  18.485  0.018
57036.35  18.531  0.017
57038.34  18.615  0.017
57040.36  18.706  0.017
57047.28  18.868  0.014
57056.31  18.879  0.084
57056.31  18.941  0.048
57058.29  19.082  0.072
57065.29  19.133  0.021
57076.27  19.301  0.021
57090.25  19.453  0.035
57097.24  19.547  0.023
57117.17  19.970  0.112
filter i
57004.34  16.662  0.022
57005.35  16.683  0.020
57008.35  16.778  0.017
57009.36  16.846  0.019
57010.35  16.928  0.019
57011.35  17.006  0.022
57012.35  17.072  0.016
57013.35  17.151  0.015
57014.34  17.235  0.018
57018.33  17.237  0.016
57019.34  17.213  0.018
57020.33  17.159  0.018
57021.33  17.154  0.018
57022.36  17.116  0.015
57024.36  17.059  0.015
57025.36  17.069  0.015
57026.35  17.056  0.014
57028.34  17.055  0.019
57028.34  17.034  0.016
57030.30  17.077  0.016
57035.31  17.408  0.013
57036.35  17.518  0.015
57038.35  17.638  0.018
57040.36  17.745  0.015
57047.28  18.091  0.020
57056.31  18.484  0.039
57058.29  18.529  0.049
57065.29  18.765  0.025
57076.28  19.224  0.034
57083.26  19.425  0.037
57090.26  19.701  0.053
57097.24  19.877  0.054
filter r
57004.34  15.984  0.016
57005.35  16.062  0.016
57008.35  16.086  0.010
57009.36  16.132  0.012
57010.35  16.177  0.013
57011.35  16.232  0.013
57012.35  16.311  0.010
57013.35  16.367  0.009
57014.34  16.442  0.013
57018.33  16.615  0.009
57019.33  16.633  0.012
57020.33  16.636  0.012
57021.33  16.650  0.011
57022.36  16.666  0.011
57024.36  16.709  0.010
57025.36  16.754  0.010
57026.34  16.777  0.011
57028.34  16.858  0.017
57028.34  16.868  0.014
57030.30  16.950  0.014
57035.29  17.302  0.012
57036.35  17.413  0.013
57038.35  17.524  0.013
57040.36  17.642  0.014
57047.27  17.873  0.013
57056.31  18.141  0.028
57058.29  18.196  0.039
57065.28  18.462  0.016
57076.27  18.801  0.018
57083.25  19.008  0.023
57090.25  19.290  0.037
57097.23  19.439  0.033
57117.16  20.034  0.120
57117.17  20.127  0.121
filter u
57004.35  17.071  0.032
57005.35  17.253  0.034
57008.35  17.499  0.025
57009.36  17.618  0.030
57010.35  17.710  0.024
57011.35  17.826  0.027
57012.35  17.969  0.025
57013.35  18.110  0.027
57014.34  18.212  0.029
57019.34  18.824  0.035
57020.33  18.857  0.032
57021.34  19.068  0.035
57022.36  19.189  0.050
57024.36  19.298  0.095
57025.37  19.610  0.076
57028.34  19.571  0.154
57030.31  19.725  0.110
57035.30  20.024  0.096
57036.36  20.172  0.075
57038.36  20.186  0.083
filter V
57004.35  16.001  0.014
57005.35  16.039  0.013
57009.35  16.145  0.015
57010.35  16.165  0.014
57011.35  16.201  0.013
57012.35  16.252  0.013
57013.35  16.339  0.010
57014.35  16.382  0.015
57018.33  16.660  0.013
57019.33  16.711  0.015
57020.34  16.809  0.018
57021.33  16.866  0.013
57022.36  16.915  0.015
57024.36  17.006  0.016
57025.37  17.124  0.019
57026.35  17.166  0.015
57028.35  17.302  0.025
57028.35  17.289  0.024
57030.31  17.453  0.020
57035.31  17.749  0.016
57036.35  17.851  0.018
57038.36  17.963  0.017
57040.36  18.075  0.015
57047.27  18.279  0.017
57056.32  18.539  0.043
57058.29  18.498  0.072
57065.29  18.718  0.022
57076.28  18.968  0.024
57083.24  19.140  0.035
57090.26  19.206  0.041
57097.25  19.428  0.034
57117.16  19.857  0.141
57117.16  19.655  0.139
filter Y
57003.36  16.914  0.028
57032.33  16.379  0.020
