ASASSN-14fa 0.022315 43.096080 -31.821670
filter B_UVOT
56877.31  16.080  0.060
56881.48  16.060  0.060
56884.46  16.320  0.060
56887.93  16.660  0.060
56890.76  17.020  0.070
56892.93  17.310  0.070
56896.86  18.030  0.090
56899.46  18.350  0.100
filter B_UVOT
56877.31  16.080  0.060
56881.48  16.060  0.060
56884.46  16.320  0.060
56887.93  16.660  0.060
56890.76  17.020  0.070
56892.93  17.310  0.070
56896.86  18.030  0.090
56899.46  18.350  0.100
filter U_UVOT
56877.31  15.430  0.050
56881.47  15.800  0.060
56884.46  16.340  0.070
56887.93  16.850  0.070
56890.76  17.280  0.090
56892.93  17.650  0.090
56896.86  18.270  0.120
56899.46  18.780  0.160
filter V_UVOT
56877.31  16.130  0.060
56881.48  16.040  0.060
56884.47  16.120  0.060
56887.93  16.460  0.070
56890.77  16.560  0.080
56892.93  16.670  0.080
56896.87  16.900  0.080
56899.46  17.400  0.100
filter UVM2
56877.32  18.490  0.080
56881.48  18.840  0.100
56884.47  19.240  0.110
56887.93  19.430  0.130
56890.77  19.730  0.180
56892.94  20.540  0.250
56896.87  21.090  0.100
56899.47  21.050  0.100
filter UVW1
56877.31  16.960  0.070
56881.47  17.360  0.070
56884.46  17.780  0.080
56887.93  18.210  0.100
56890.76  18.640  0.130
56892.93  18.770  0.120
56896.86  19.610  0.190
56899.46  19.730  0.210
filter UVW2
56877.31  18.190  0.080
56881.48  18.640  0.100
56884.47  18.890  0.100
56887.93  19.340  0.140
56890.77  19.830  0.200
56892.93  19.920  0.180
56896.86  20.300  0.220
56899.46  20.850  0.330
