ASAS14lq 0.026173 344.330875 -20.966878
filter B
57001.06  16.276  0.009
57003.09  16.422  0.010
57005.06  16.582  0.009
57006.04  16.666  0.006
57010.03  17.068  0.014
57012.03  17.301  0.016
57014.05  17.529  0.009
57020.06  18.077  0.017
57022.05  18.289  0.048
57024.03  18.265  0.091
57024.03  18.396  0.093
57026.03  18.527  0.078
57036.04  19.023  0.094
filter g
57001.06  16.191  0.009
57003.09  16.300  0.008
57005.05  16.445  0.008
57006.04  16.485  0.005
57008.04  16.667  0.009
57010.02  16.829  0.013
57012.03  17.032  0.009
57014.05  17.208  0.008
57020.05  17.756  0.013
57022.06  17.916  0.018
57026.04  18.314  0.049
57036.03  18.748  0.060
filter i
57001.06  16.904  0.019
57003.10  16.995  0.016
57005.05  17.194  0.020
57006.05  17.326  0.008
57008.05  17.547  0.018
57010.03  17.688  0.029
57012.03  17.744  0.024
57014.05  17.711  0.014
57020.05  17.456  0.016
57022.06  17.359  0.014
57024.05  17.348  0.035
57026.04  17.397  0.024
57036.04  18.230  0.062
filter H
57004.05  17.468  0.036
filter r
57001.06  16.090  0.010
57003.09  16.182  0.010
57005.05  16.331  0.014
57006.04  16.417  0.006
57008.04  16.590  0.011
57010.02  16.741  0.016
57012.03  16.852  0.011
57014.05  16.899  0.009
57020.04  16.912  0.010
57022.06  16.945  0.009
57024.04  17.013  0.037
57024.05  17.059  0.017
57026.04  17.175  0.018
57036.03  17.728  0.028
filter u
57001.06  17.247  0.019
57003.10  17.388  0.016
57005.06  17.619  0.020
57006.05  17.696  0.016
57008.05  17.958  0.021
57010.03  18.268  0.029
57012.04  18.603  0.025
57014.06  18.847  0.026
57020.05  19.519  0.083
57022.06  19.390  0.121
57026.04  19.775  0.156
filter V
57001.06  16.152  0.013
57003.09  16.225  0.010
57005.06  16.360  0.010
57006.03  16.422  0.006
57010.03  16.675  0.013
57012.03  16.839  0.014
57014.05  16.922  0.011
57020.06  17.224  0.013
57022.05  17.291  0.014
57024.03  17.232  0.079
57024.04  17.354  0.046
57026.03  17.557  0.029
57036.04  18.228  0.051
filter Y
57004.04  17.432  0.025
57005.03  17.572  0.022
filter Jrc2
57005.04  17.851  0.038
