CSP14aaq 0.035913 93.450167 -67.920833
filter B
56711.07  17.188  0.019
56712.10  17.065  0.018
56713.15  16.998  0.014
56714.09  16.967  0.017
56717.09  16.829  0.016
56718.11  16.810  0.008
56720.05  16.860  0.011
56722.08  16.928  0.012
56729.04  17.443  0.022
56736.02  18.319  0.040
56743.02  19.499  0.074
56751.01  20.048  0.093
56763.00  20.086  0.104
filter g
56711.06  17.182  0.019
56712.10  17.062  0.019
56713.14  16.977  0.013
56714.10  16.828  0.012
56714.10  16.921  0.013
56717.08  16.774  0.014
56718.10  16.733  0.011
56720.05  16.797  0.012
56722.09  16.861  0.014
56729.05  17.304  0.016
56736.03  18.122  0.026
56743.01  19.346  0.134
56750.99  19.991  0.105
56757.02  20.521  0.140
56762.99  19.983  0.073
filter i
56711.06  17.572  0.030
56712.10  17.529  0.037
56713.14  17.370  0.030
56717.08  17.426  0.031
56718.10  17.346  0.025
56720.05  17.515  0.028
56722.09  17.492  0.031
56729.05  18.205  0.048
56736.02  18.099  0.046
56743.02  17.954  0.115
56750.98  18.430  0.049
56757.02  18.815  0.048
56762.98  18.811  0.055
filter r
56711.06  17.258  0.024
56712.10  17.160  0.023
56713.14  17.061  0.022
56714.10  16.942  0.015
56717.08  16.829  0.021
56718.10  16.878  0.018
56720.05  16.890  0.021
56722.09  16.928  0.020
56729.05  17.234  0.023
56736.03  17.638  0.028
56743.01  17.809  0.065
56750.99  18.182  0.036
56757.02  18.610  0.041
56762.99  18.763  0.045
filter u
56711.06  17.353  0.019
56712.10  17.249  0.018
56713.15  17.164  0.016
56714.10  17.107  0.016
56714.11  17.136  0.017
56714.11  17.156  0.016
56717.08  17.177  0.017
56718.10  17.161  0.016
56720.06  17.416  0.019
56722.10  17.588  0.017
56729.05  18.494  0.041
56736.03  19.885  0.113
56736.03  19.797  0.092
filter V
56711.07  17.338  0.028
56712.10  17.188  0.028
56713.15  17.182  0.021
56714.09  17.073  0.018
56717.08  16.930  0.021
56718.11  16.870  0.018
56720.05  16.891  0.018
56722.09  16.950  0.020
56729.04  17.220  0.019
56736.02  17.805  0.035
56743.02  18.318  0.041
56751.01  18.888  0.048
56757.03  19.873  0.115
56763.00  19.812  0.110
