CSP13aay 0.058959 51.389625 -53.738611
filter B
56635.18  18.310  0.009
56636.21  18.286  0.013
56637.19  18.304  0.013
56639.09  18.318  0.014
56640.13  18.331  0.016
56644.23  18.564  0.024
56647.22  18.771  0.019
56649.15  18.923  0.014
56652.14  19.194  0.016
56663.06  20.386  0.025
filter i
56635.17  18.665  0.015
56636.22  18.662  0.016
56637.20  18.722  0.015
56639.10  18.735  0.016
56640.14  18.753  0.017
56644.25  18.879  0.024
56647.23  19.076  0.018
56649.16  19.297  0.018
56652.16  19.397  0.025
56663.08  19.315  0.018
filter r
56635.17  18.259  0.009
56636.22  18.249  0.013
56637.20  18.227  0.012
56639.10  18.172  0.012
56640.13  18.194  0.012
56644.24  18.290  0.014
56647.22  18.450  0.016
56649.15  18.552  0.010
56652.15  18.687  0.012
56663.07  19.053  0.012
filter V
56635.17  18.246  0.011
56636.21  18.234  0.014
56637.20  18.223  0.013
56639.08  18.214  0.012
56640.12  18.241  0.014
56644.24  18.328  0.017
56647.22  18.473  0.014
56649.15  18.563  0.010
56652.15  18.706  0.013
56663.07  19.391  0.014
filter Y
56636.20  18.568  0.014
56637.23  18.644  0.017
56638.23  18.736  0.013
56643.16  19.086  0.038
56651.09  19.322  0.021
filter Jrc2
56636.22  18.661  0.018
56637.24  18.713  0.022
56638.25  18.855  0.022
56643.18  19.365  0.052
56648.25  19.899  0.052
56651.11  20.194  0.051
