CSP13aaf 0.077586 148.784250 6.808722
filter B
56603.35  18.409  0.013
56604.37  18.310  0.022
56605.35  18.335  0.012
56607.36  18.313  0.014
56608.35  18.355  0.014
56610.35  18.416  0.014
56611.34  18.457  0.014
56612.36  18.462  0.020
56613.32  18.474  0.028
56614.35  18.567  0.021
56619.36  18.966  0.024
56631.35  20.297  0.030
filter i
56601.34  18.841  0.025
56603.37  18.886  0.024
56604.36  18.859  0.019
56605.37  18.866  0.020
56607.35  18.879  0.017
56608.36  18.850  0.023
56610.34  18.921  0.017
56611.32  18.893  0.019
56613.34  18.974  0.024
56614.36  19.032  0.024
56619.36  19.317  0.039
filter J
56610.36  18.806  0.040
filter r
56601.35  18.559  0.014
56602.37  18.522  0.015
56603.36  18.468  0.012
56604.36  18.404  0.012
56605.36  18.380  0.010
56607.34  18.355  0.010
56608.36  18.332  0.011
56610.34  18.336  0.012
56611.33  18.362  0.011
56613.33  18.408  0.016
56614.36  18.384  0.019
56619.34  18.654  0.018
filter V
56602.37  18.437  0.030
56603.36  18.415  0.013
56604.36  18.363  0.013
56605.36  18.331  0.012
56607.35  18.292  0.011
56608.35  18.308  0.011
56610.35  18.337  0.012
56611.34  18.358  0.013
56613.33  18.371  0.023
56614.35  18.429  0.016
56619.35  18.647  0.021
56631.35  19.451  0.019
filter Y
56610.35  18.880  0.053
56612.34  19.005  0.055
56613.34  19.067  0.059
56618.31  19.152  0.054
