CSP13abm 0.028180 46.499542 4.543944
filter B
56654.11  17.061  0.012
56655.13  17.002  0.010
56656.14  16.981  0.013
56657.16  16.949  0.010
56658.12  16.930  0.011
56659.09  16.959  0.008
56660.06  16.966  0.008
56661.07  16.992  0.009
56662.11  17.035  0.010
56664.08  17.145  0.013
56672.11  17.806  0.025
56675.10  18.116  0.024
56679.11  18.532  0.017
56681.03  18.694  0.019
56685.03  18.993  0.020
56686.10  19.117  0.018
56687.05  19.180  0.018
56688.11  19.304  0.023
56689.10  19.334  0.019
56690.07  19.394  0.019
56692.06  19.540  0.023
56699.04  19.860  0.046
56706.04  20.114  0.034
56709.04  20.099  0.020
56712.06  20.185  0.033
filter g
56654.12  16.966  0.006
56655.11  16.898  0.009
56656.13  16.860  0.010
56657.16  16.847  0.009
56658.11  16.852  0.009
56662.11  16.890  0.007
56664.09  16.976  0.008
56670.09  17.351  0.011
56672.09  17.545  0.015
56675.11  17.788  0.016
56679.09  18.125  0.012
56681.04  18.267  0.010
56684.04  18.539  0.011
56685.04  18.630  0.012
56686.08  18.700  0.011
56687.05  18.769  0.011
56688.10  18.854  0.017
56689.08  18.919  0.014
56690.06  18.997  0.013
56692.06  19.175  0.015
56699.03  19.573  0.042
56706.06  19.736  0.055
56709.03  19.799  0.021
56712.05  19.799  0.021
filter i
56654.12  17.387  0.012
56655.11  17.392  0.012
56656.12  17.382  0.015
56657.15  17.400  0.013
56658.11  17.403  0.016
56659.08  17.415  0.009
56660.07  17.454  0.012
56661.07  17.464  0.011
56662.10  17.468  0.011
56664.09  17.514  0.014
56670.08  17.941  0.016
56672.10  18.057  0.029
56675.11  18.185  0.027
56679.09  18.125  0.018
56681.04  18.049  0.012
56684.03  17.959  0.016
56685.04  17.906  0.011
56686.08  17.882  0.014
56687.06  17.857  0.011
56688.11  17.829  0.013
56689.09  17.843  0.013
56690.07  17.868  0.011
56692.07  17.944  0.014
56699.03  18.383  0.019
56706.06  18.793  0.025
56709.03  18.962  0.022
56712.04  19.023  0.023
filter r
56654.12  16.948  0.008
56655.12  16.881  0.008
56656.13  16.831  0.011
56657.15  16.796  0.010
56658.11  16.795  0.012
56659.08  16.758  0.006
56660.07  16.744  0.007
56661.07  16.761  0.007
56662.11  16.759  0.009
56664.09  16.832  0.010
56670.09  17.148  0.009
56672.09  17.322  0.014
56675.11  17.440  0.012
56679.09  17.484  0.011
56681.04  17.501  0.010
56684.04  17.552  0.009
56685.04  17.557  0.008
56686.08  17.594  0.009
56687.05  17.616  0.008
56688.10  17.643  0.009
56689.09  17.668  0.009
56690.06  17.726  0.009
56692.07  17.866  0.011
56699.03  18.311  0.016
56706.06  18.549  0.020
56709.02  18.684  0.016
56712.04  18.770  0.015
filter u
56654.13  17.843  0.019
56655.12  17.750  0.022
56656.13  17.708  0.021
56657.16  17.742  0.023
56658.11  17.719  0.021
56662.11  18.059  0.021
56664.09  18.227  0.023
56670.09  18.945  0.048
56672.10  19.197  0.096
56675.12  19.608  0.117
56679.09  19.763  0.036
filter V
56654.12  17.017  0.009
56655.13  16.958  0.009
56656.14  16.925  0.012
56657.16  16.886  0.010
56658.12  16.854  0.010
56659.08  16.835  0.007
56660.06  16.845  0.007
56661.06  16.860  0.008
56662.11  16.866  0.007
56664.09  16.914  0.011
56670.10  17.171  0.013
56672.11  17.275  0.021
56675.11  17.466  0.019
56679.10  17.693  0.012
56681.03  17.776  0.012
56685.03  17.963  0.013
56686.09  18.037  0.012
56687.05  18.078  0.013
56688.11  18.158  0.016
56689.09  18.205  0.013
56690.07  18.275  0.014
56692.06  18.429  0.014
56699.03  18.842  0.029
56706.05  19.102  0.022
56709.04  19.207  0.020
56712.05  19.279  0.022
