CSP12N 0.097133 189.567458 -15.108931
filter B
56013.26  19.306  0.019
56014.21  19.126  0.013
56015.21  19.070  0.017
56016.22  18.950  0.017
56017.14  18.917  0.015
56018.14  18.821  0.012
56019.21  18.792  0.014
56020.13  18.738  0.015
56021.14  18.741  0.018
56022.12  18.737  0.021
56025.10  18.835  0.028
56026.09  18.883  0.022
56028.07  18.961  0.012
56029.09  19.002  0.011
56030.15  19.083  0.015
56031.25  19.164  0.015
56032.09  19.209  0.014
56033.15  19.244  0.014
56034.12  19.350  0.016
56035.08  19.399  0.016
56036.11  19.488  0.017
56037.09  19.581  0.014
56056.03  21.340  0.043
filter g
56013.24  19.250  0.013
56014.24  19.087  0.011
56015.23  18.983  0.011
56016.25  18.889  0.012
56017.16  18.841  0.011
56018.15  18.770  0.011
56019.19  18.701  0.011
56020.14  18.689  0.011
56021.15  18.678  0.015
56022.14  18.654  0.014
56025.13  18.723  0.017
56026.11  18.752  0.013
56028.08  18.811  0.009
56029.10  18.861  0.008
56030.16  18.906  0.019
56031.22  18.980  0.011
56032.12  19.036  0.009
56033.12  19.098  0.009
56034.09  19.150  0.012
56035.05  19.234  0.013
56036.08  19.287  0.012
56037.11  19.366  0.011
56048.03  20.249  0.036
56056.99  20.938  0.019
filter i
56013.25  19.561  0.023
56014.22  19.506  0.021
56015.21  19.408  0.024
56016.23  19.305  0.023
56017.14  19.295  0.021
56018.17  19.282  0.018
56019.20  19.244  0.018
56020.16  19.230  0.020
56021.18  19.216  0.027
56022.13  19.217  0.042
56025.11  19.352  0.033
56026.12  19.334  0.028
56028.10  19.307  0.020
56029.12  19.365  0.023
56031.24  19.410  0.021
56032.10  19.493  0.021
56033.13  19.594  0.027
56034.11  19.599  0.025
56035.07  19.701  0.026
56036.10  19.805  0.024
56037.10  19.826  0.031
56048.06  19.997  0.037
56052.04  19.833  0.071
56052.04  19.874  0.074
56057.02  19.921  0.029
filter r
56013.24  19.393  0.016
56014.23  19.235  0.016
56015.22  19.096  0.015
56016.24  19.026  0.016
56017.15  18.959  0.014
56018.16  18.890  0.013
56019.19  18.849  0.013
56020.15  18.792  0.013
56021.16  18.816  0.018
56022.14  18.735  0.019
56025.12  18.753  0.019
56026.12  18.777  0.014
56028.09  18.849  0.012
56029.12  18.874  0.011
56031.23  18.947  0.011
56032.11  18.985  0.012
56033.13  19.026  0.012
56034.10  19.078  0.016
56035.06  19.134  0.016
56036.09  19.189  0.016
56037.11  19.215  0.013
56048.05  19.707  0.022
56057.00  19.989  0.023
filter V
56013.26  19.299  0.018
56014.20  19.142  0.015
56015.20  19.006  0.014
56016.22  18.938  0.018
56017.13  18.874  0.015
56018.13  18.800  0.014
56019.22  18.719  0.013
56020.12  18.709  0.015
56021.13  18.691  0.018
56022.11  18.688  0.019
56025.09  18.734  0.021
56026.10  18.736  0.017
56028.06  18.803  0.014
56029.08  18.807  0.013
56030.14  18.853  0.014
56031.26  18.929  0.017
56032.08  18.958  0.013
56033.15  19.006  0.015
56034.13  19.065  0.015
56035.09  19.091  0.017
56036.12  19.153  0.015
56037.08  19.237  0.016
56056.02  20.342  0.022
filter Y
56021.17  19.637  0.032
56022.12  19.567  0.033
56028.07  19.854  0.046
56028.08  19.957  0.047
56029.15  19.934  0.046
filter Jrc2
56021.11  19.413  0.037
56028.13  19.914  0.068
56029.10  20.186  0.083
