CSP13aao 0.061358 89.626583 -63.560639
filter B
56622.31  18.363  0.015
56623.28  18.452  0.021
56624.33  18.498  0.026
56625.32  18.547  0.030
56632.35  19.584  0.051
56637.34  20.548  0.097
filter i
56622.31  18.513  0.020
56623.29  18.603  0.024
56624.32  18.659  0.025
56625.32  18.653  0.024
56632.34  19.030  0.053
56637.35  18.901  0.037
filter r
56622.30  18.153  0.013
56623.29  18.132  0.015
56624.32  18.173  0.015
56625.33  18.166  0.015
56632.34  18.490  0.025
56637.35  18.740  0.021
filter V
56622.31  18.151  0.015
56623.28  18.199  0.016
56624.33  18.186  0.015
56625.32  18.219  0.019
56632.34  18.593  0.025
56637.34  18.959  0.024
filter Y
56622.27  18.563  0.025
filter Jrc2
56623.33  19.032  0.085
