CSP12G 0.036974 135.509750 10.300028
filter B
56253.35  17.632  0.011
56254.35  17.728  0.011
56255.34  17.809  0.012
56256.29  17.898  0.012
56257.33  17.990  0.011
56258.29  18.093  0.017
56262.27  18.551  0.022
56263.31  18.711  0.019
56264.35  18.838  0.130
56270.31  19.347  0.017
56275.29  19.734  0.021
filter i
56253.33  17.926  0.011
56254.33  17.986  0.009
56254.33  17.973  0.011
56255.32  18.067  0.014
56256.32  18.132  0.014
56257.36  18.179  0.012
56258.31  18.265  0.012
56259.29  18.316  0.045
56262.30  18.373  0.015
56263.29  18.372  0.014
56270.33  18.277  0.009
56275.32  18.272  0.012
filter H
56253.36  18.186  0.070
56258.31  18.369  0.048
filter r
56253.34  17.305  0.008
56254.32  17.360  0.008
56255.33  17.400  0.010
56256.31  17.457  0.008
56257.35  17.510  0.007
56258.30  17.558  0.007
56259.26  17.614  0.021
56262.29  17.771  0.011
56263.29  17.787  0.009
56275.31  18.142  0.010
56277.34  18.237  0.009
filter V
56253.34  17.375  0.008
56254.34  17.395  0.008
56255.33  17.456  0.011
56256.30  17.498  0.009
56257.34  17.540  0.008
56258.28  17.595  0.010
56259.29  17.706  0.054
56259.31  17.652  0.098
56262.28  17.853  0.011
56263.30  17.945  0.012
56270.32  18.352  0.010
56275.30  18.622  0.012
56277.35  18.765  0.013
filter Y
56253.34  18.107  0.047
56254.32  18.138  0.018
56258.28  18.182  0.019
56259.31  18.090  0.051
filter Jrc2
56253.35  18.229  0.031
56254.34  18.362  0.028
56258.33  18.857  0.034
