CSP14aar 0.042171 87.097875 -66.791583
filter B
56713.14  17.422  0.010
56714.07  17.425  0.010
56715.12  17.435  0.010
56717.06  17.495  0.010
56718.08  17.540  0.011
56720.03  17.659  0.012
56722.05  17.795  0.011
56729.04  18.457  0.021
56736.01  19.281  0.026
56742.99  19.822  0.061
filter i
56713.13  17.900  0.011
56714.08  17.880  0.011
56714.08  17.893  0.012
56715.13  17.937  0.012
56717.07  17.976  0.015
56718.09  17.980  0.015
56720.02  18.043  0.013
56722.06  18.219  0.016
56729.03  18.744  0.025
56736.00  18.596  0.021
56743.00  18.485  0.071
filter H
56724.04  18.551  0.044
filter r
56713.13  17.381  0.009
56714.08  17.370  0.009
56715.12  17.319  0.011
56715.13  17.340  0.011
56715.13  17.331  0.011
56717.06  17.338  0.010
56718.09  17.351  0.010
56720.02  17.412  0.010
56722.06  17.513  0.012
56729.03  17.898  0.013
56736.00  18.076  0.015
56743.00  18.317  0.021
filter V
56713.13  17.439  0.009
56714.07  17.355  0.017
56714.07  17.380  0.009
56715.12  17.389  0.010
56717.06  17.437  0.009
56718.08  17.436  0.010
56720.03  17.486  0.009
56722.05  17.555  0.012
56729.03  17.932  0.016
56736.00  18.403  0.017
56743.00  18.859  0.031
filter Y
56724.02  18.510  0.016
filter Jrc2
56724.06  18.910  0.026
