CSP12J 0.014680 91.756625 -69.354750
filter B
56266.26  17.096  0.012
56267.28  17.268  0.014
56268.32  17.449  0.016
56269.34  17.646  0.014
56270.30  17.772  0.016
56271.30  17.980  0.018
56272.25  18.157  0.020
56273.25  18.281  0.023
56274.29  18.339  0.025
56275.23  18.431  0.028
56276.26  18.473  0.032
56277.30  18.589  0.030
56278.29  18.681  0.026
filter g
56268.34  16.967  0.010
56270.28  17.317  0.010
56271.28  17.448  0.013
56272.26  17.622  0.023
56273.26  17.769  0.017
56274.28  17.912  0.028
56275.24  18.062  0.033
56276.27  18.109  0.043
56278.29  18.266  0.024
56279.30  18.357  0.023
56280.31  18.461  0.031
filter i
56266.24  16.292  0.024
56266.25  16.265  0.011
56267.27  16.300  0.023
56268.34  16.319  0.015
56269.33  16.396  0.026
56270.29  16.348  0.013
56271.29  16.368  0.019
56272.27  16.401  0.017
56273.27  16.350  0.022
56274.29  16.491  0.028
56275.24  16.553  0.051
56276.28  16.569  0.033
56277.32  16.736  0.055
56278.30  16.714  0.018
56279.30  16.885  0.016
56280.31  16.973  0.024
56283.27  17.356  0.051
filter r
56266.25  16.004  0.009
56267.27  16.065  0.022
56268.34  16.124  0.009
56269.32  16.173  0.015
56270.28  16.255  0.009
56271.29  16.309  0.011
56272.27  16.381  0.015
56273.27  16.454  0.020
56274.28  16.508  0.020
56275.24  16.625  0.031
56276.28  16.742  0.049
56277.32  16.822  0.044
56278.30  16.928  0.016
56279.30  17.044  0.017
56280.31  17.116  0.018
56283.27  17.441  0.038
56290.22  17.822  0.030
56294.23  18.077  0.046
filter V
56266.26  16.237  0.009
56267.27  16.305  0.011
56268.33  16.430  0.010
56269.33  16.530  0.011
56270.29  16.618  0.009
56271.30  16.728  0.012
56272.26  16.827  0.013
56273.26  16.945  0.011
56274.29  17.047  0.017
56275.23  17.153  0.023
56276.27  17.265  0.020
56277.31  17.391  0.022
56278.28  17.424  0.015
56279.32  17.579  0.020
56280.30  17.590  0.023
56283.28  17.822  0.051
56290.21  19.148  0.074
56294.22  19.721  0.136
