CSP13Q 0.089000 30.589833 -65.735739
filter i
56342.07  19.390  0.041
56343.05  19.442  0.030
56344.05  19.419  0.033
56345.07  19.651  0.057
filter B
56341.09  19.048  0.030
56342.08  19.135  0.021
56343.02  19.151  0.027
56344.04  19.243  0.022
56346.08  19.347  0.075
filter r
56342.06  19.019  0.020
56343.06  18.986  0.019
56344.04  19.053  0.022
56345.06  19.092  0.026
56346.05  18.978  0.128
filter V
56341.09  18.899  0.022
56342.08  18.915  0.020
56343.03  18.918  0.020
56344.03  18.932  0.019
56345.07  19.049  0.040
56346.07  18.853  0.100
