CSP13aam 0.074948 78.697917 -66.841417
filter i
56622.29  18.961  0.020
56623.25  18.996  0.022
56624.31  18.956  0.019
56631.31  19.142  0.022
56639.21  19.752  0.035
56646.25  19.562  0.042
56653.22  19.598  0.029
filter B
56620.35  18.523  0.057
56622.28  18.410  0.019
56623.26  18.447  0.025
56624.29  18.452  0.024
56631.32  18.733  0.020
56639.20  19.352  0.034
filter r
56622.29  18.430  0.013
56623.25  18.427  0.016
56624.30  18.392  0.015
56631.31  18.517  0.013
56639.21  18.911  0.017
56646.25  19.154  0.023
56653.22  19.396  0.018
filter J
56626.24  19.164  0.184
filter V
56620.36  18.492  0.100
56622.28  18.420  0.017
56623.26  18.414  0.018
56624.29  18.388  0.018
56631.31  18.533  0.017
56639.20  18.934  0.026
56646.24  19.389  0.035
56653.23  19.811  0.035
