CSP14aal 0.077446 149.412958 12.554917
filter B
56709.18  18.242  0.024
56710.19  18.222  0.018
56711.17  18.226  0.014
56712.18  18.145  0.014
56713.18  18.166  0.013
56717.13  18.278  0.014
56718.14  18.395  0.020
56719.14  18.365  0.015
56720.12  18.440  0.016
56722.15  18.558  0.011
56724.12  18.694  0.015
56726.11  18.823  0.019
56728.07  18.962  0.025
56733.12  19.328  0.058
56733.12  19.375  0.061
56735.09  19.683  0.056
56735.09  19.701  0.070
56741.07  20.229  0.028
filter i
56709.17  18.785  0.030
56709.18  18.809  0.029
56710.19  18.750  0.018
56711.16  18.783  0.024
56712.17  18.808  0.017
56713.18  18.792  0.018
56717.14  18.879  0.017
56718.15  18.954  0.022
56719.15  18.994  0.022
56720.13  18.987  0.020
56722.14  19.115  0.023
56724.11  19.239  0.025
56726.10  19.413  0.027
56728.09  19.565  0.032
56733.15  19.714  0.074
56733.15  19.817  0.081
56733.15  19.669  0.074
56735.11  19.620  0.038
56741.08  19.587  0.036
56742.05  19.516  0.026
56743.06  19.518  0.031
56744.07  19.517  0.025
56745.06  19.481  0.028
56749.07  19.539  0.024
56750.09  19.553  0.035
56760.02  20.015  0.083
56760.03  20.274  0.096
56762.03  20.351  0.125
56762.03  20.152  0.102
filter H
56710.17  18.986  0.059
filter r
56709.17  18.293  0.022
56710.18  18.277  0.016
56711.16  18.270  0.016
56712.17  18.241  0.014
56713.17  18.209  0.012
56717.14  18.264  0.014
56718.14  18.286  0.013
56719.15  18.287  0.012
56720.13  18.340  0.014
56722.14  18.427  0.015
56724.10  18.552  0.015
56726.09  18.650  0.015
56728.09  18.752  0.020
56733.14  18.879  0.035
56733.14  19.004  0.039
56733.15  18.995  0.038
56735.10  19.000  0.023
56741.08  19.193  0.021
56742.05  19.229  0.017
56743.05  19.287  0.019
56744.07  19.273  0.014
56745.06  19.338  0.019
56749.06  19.513  0.020
56750.10  19.558  0.026
56760.02  19.939  0.066
56760.02  19.957  0.074
56762.02  20.129  0.098
56762.03  20.133  0.091
filter V
56709.18  18.214  0.018
56710.19  18.196  0.016
56711.16  18.168  0.017
56712.18  18.149  0.016
56713.18  18.135  0.014
56717.13  18.250  0.015
56718.14  18.266  0.018
56719.15  18.293  0.015
56720.13  18.324  0.014
56722.14  18.422  0.016
56724.11  18.478  0.012
56726.10  18.583  0.015
56728.08  18.701  0.018
56733.13  18.970  0.054
56733.13  19.023  0.055
56733.14  18.986  0.056
56735.09  19.066  0.036
56735.10  19.126  0.038
56741.07  19.458  0.021
filter Y
56709.14  18.725  0.017
56710.16  18.741  0.019
56711.16  18.751  0.014
filter Jrc2
56709.18  18.822  0.024
56710.20  18.775  0.024
56711.19  18.828  0.019
