CSP14acy 0.066374 10.619792 -64.764167
filter B
56954.19  17.887  0.011
56955.25  17.885  0.011
56956.19  17.897  0.012
56958.19  17.927  0.012
56961.17  18.067  0.015
56962.24  18.169  0.014
56963.13  18.198  0.021
56964.25  18.292  0.022
56965.20  18.368  0.021
56971.19  19.146  0.029
56972.18  19.222  0.026
56973.15  19.384  0.022
56974.14  19.493  0.017
56975.14  19.586  0.019
56976.15  19.718  0.018
56977.17  19.809  0.020
56978.19  19.883  0.021
56979.19  19.936  0.020
56980.17  20.036  0.027
56982.14  20.113  0.030
56983.15  20.167  0.026
56984.15  20.212  0.030
56985.15  20.282  0.028
57009.17  21.037  0.056
filter i
56954.20  18.291  0.018
56955.24  18.309  0.018
56956.20  18.310  0.017
56958.20  18.332  0.017
56961.17  18.265  0.021
56962.24  18.361  0.025
56963.12  18.382  0.024
56964.24  18.428  0.033
56965.19  18.419  0.023
56971.20  18.657  0.031
56972.18  18.630  0.025
56973.14  18.651  0.018
56974.13  18.647  0.019
56975.13  18.636  0.019
56976.14  18.605  0.020
56977.16  18.622  0.020
56978.18  18.686  0.020
56979.18  18.656  0.021
56980.18  18.640  0.019
56982.14  18.671  0.026
56983.16  18.774  0.024
56984.15  18.763  0.021
56985.16  18.753  0.020
56986.25  18.813  0.032
56987.16  18.861  0.024
56994.11  19.129  0.029
56995.13  19.223  0.042
56997.17  19.274  0.043
56999.12  19.397  0.039
56999.12  19.441  0.039
57001.12  19.495  0.041
57003.17  19.615  0.044
57003.17  19.681  0.046
57009.16  19.898  0.045
57022.12  20.395  0.074
57030.09  20.652  0.074
filter r
56954.20  17.823  0.011
56955.24  17.801  0.012
56956.20  17.781  0.013
56958.20  17.744  0.012
56961.17  17.753  0.014
56962.24  17.784  0.013
56963.12  17.778  0.013
56964.24  17.826  0.019
56965.19  17.837  0.017
56971.20  18.170  0.014
56972.18  18.185  0.012
56973.14  18.231  0.012
56974.13  18.260  0.014
56975.13  18.307  0.016
56976.14  18.336  0.015
56977.16  18.398  0.016
56978.18  18.438  0.016
56979.18  18.494  0.016
56980.17  18.498  0.016
56981.17  18.595  0.031
56982.14  18.597  0.016
56983.16  18.612  0.015
56984.14  18.653  0.016
56985.16  18.715  0.012
56986.25  18.756  0.014
56987.16  18.823  0.017
56994.11  19.109  0.024
56995.13  19.117  0.033
56997.17  19.219  0.040
56997.17  19.358  0.046
56999.11  19.302  0.036
56999.11  19.324  0.034
57001.11  19.365  0.034
57003.16  19.472  0.026
57003.17  19.518  0.032
57009.16  19.729  0.032
57022.11  20.017  0.035
57030.09  20.237  0.041
filter V
56954.20  17.824  0.010
56955.24  17.812  0.011
56956.20  17.798  0.011
56958.20  17.794  0.012
56961.17  17.831  0.014
56962.24  17.878  0.011
56963.13  17.905  0.017
56964.24  17.968  0.016
56965.19  17.968  0.017
56971.19  18.387  0.019
56972.18  18.484  0.017
56973.14  18.533  0.014
56974.13  18.593  0.016
56975.13  18.668  0.017
56976.15  18.709  0.018
56977.16  18.774  0.016
56978.19  18.859  0.015
56979.18  18.926  0.019
56980.17  18.974  0.019
56982.14  19.048  0.021
56983.15  19.111  0.018
56984.15  19.158  0.019
56985.15  19.252  0.019
57009.16  20.255  0.050
57022.11  20.412  0.061
filter Y
56960.26  18.664  0.014
56963.18  18.751  0.017
56965.25  18.798  0.016
56973.09  18.369  0.013
filter Jrc2
56960.29  18.684  0.021
56973.12  19.110  0.029
