CSP13V 0.055605 153.291667 -16.531667
filter B
56345.220 18.791 0.015
56346.310 18.958 0.032
56351.330 19.475 0.053
56352.180 19.526 0.027
56355.240 19.828 0.020
56796.975 24.294 0.434
57402.238 22.514 0.446
57403.256 22.484 0.413
57446.277 21.584 0.428
58238.016 20.745 0.437
filter H
56353.263 18.977 0.049
56355.274 18.925 0.048
57415.297 19.741 0.352
58555.089 19.685 0.354
filter J
56345.241 19.933 0.070
56348.156 19.713 0.086
56353.287 19.674 0.037
56355.295 19.435 0.034
58555.096 20.663 0.415
filter V
56345.230 18.402 0.013
56346.310 18.489 0.030
56351.320 18.759 0.026
56352.180 18.799 0.017
56355.230 19.011 0.014
57403.257 22.077 0.275
58240.969 20.411 0.414
filter Y
56345.264 19.048 0.023
56347.183 19.009 0.028
56348.149 18.852 0.035
56353.243 18.732 0.016
56355.259 18.704 0.016
filter g
57403.259 22.996 0.406
58235.009 21.205 0.441
58241.976 22.736 0.376
filter i
56345.240 19.213 0.020
56346.300 19.087 0.134
56351.320 19.220 0.030
56352.200 19.060 0.020
56355.220 19.029 0.014
56796.989 23.407 0.539
57404.191 21.773 0.458
58235.010 21.223 0.502
58241.978 21.499 0.422
filter r
56345.240 18.431 0.010
56346.290 18.678 0.242
56351.310 18.585 0.016
56352.190 18.594 0.012
56355.220 18.689 0.011
56796.995 23.527 0.382
57123.161 21.746 0.493
57402.235 22.492 0.347
57446.286 21.919 0.364
58235.007 21.114 0.464
filter u
57446.283 21.235 0.429
