CSP13aaq 0.059759 64.946708 -63.722789
filter B
56624.21  18.441  0.011
56625.26  18.299  0.009
56631.22  18.069  0.009
56632.27  18.077  0.009
56633.24  18.087  0.010
56635.22  18.195  0.008
56636.24  18.279  0.012
56639.18  18.493  0.016
56643.28  18.864  0.040
56646.23  19.177  0.022
56648.22  19.391  0.022
56650.28  19.590  0.022
56653.15  19.850  0.019
56662.26  20.585  0.028
filter i
56624.23  18.678  0.023
56625.27  18.603  0.014
56631.24  18.575  0.042
56632.26  18.648  0.019
56633.26  18.793  0.033
56635.24  18.704  0.013
56636.24  18.767  0.016
56639.18  18.860  0.019
56643.27  19.272  0.040
56646.22  19.400  0.026
56648.23  19.390  0.021
56653.17  19.300  0.022
56662.24  19.253  0.017
56671.12  19.753  0.035
filter J
56626.26  18.409  0.021
filter r
56624.22  18.530  0.017
56625.27  18.433  0.009
56631.23  18.127  0.011
56632.26  18.091  0.009
56633.25  18.149  0.017
56635.23  18.154  0.008
56636.23  18.184  0.010
56639.18  18.269  0.014
56643.27  18.503  0.019
56646.21  18.660  0.018
56648.23  18.719  0.015
56650.26  18.801  0.017
56653.16  18.878  0.009
56662.25  19.233  0.012
56671.12  19.696  0.029
filter V
56624.22  18.478  0.013
56625.26  18.367  0.011
56631.23  18.067  0.013
56632.27  18.056  0.014
56633.25  18.090  0.012
56635.22  18.144  0.008
56636.24  18.154  0.010
56639.19  18.259  0.011
56643.27  18.462  0.027
56646.22  18.648  0.016
56648.23  18.777  0.014
56650.27  18.862  0.016
56653.15  19.089  0.011
56662.25  19.729  0.019
filter Y
56624.29  18.524  0.015
56636.24  18.901  0.019
56637.27  18.962  0.018
56649.23  19.115  0.021
filter Jrc2
56624.30  18.571  0.017
