CSP13abl 0.040372 99.529042 -75.727003
filter H
56654.28  17.968  0.031
56670.22  18.744  0.064
filter r
56653.25  20.280  0.037
56654.27  20.146  0.028
56655.25  20.035  0.022
56656.28  19.983  0.035
56659.16  19.917  0.024
56663.21  19.979  0.020
56665.19  20.157  0.028
56667.14  20.339  0.034
56669.14  20.546  0.077
filter V
56653.24  20.911  0.067
56654.27  20.739  0.039
56655.26  20.724  0.041
56656.27  20.706  0.052
56659.17  20.582  0.037
56663.22  20.690  0.034
56665.19  20.861  0.056
56667.17  20.824  0.058
56669.15  20.660  0.108
filter Y
56654.26  18.441  0.018
56670.19  19.250  0.029
filter Jrc2
56654.31  18.100  0.017
