CSP13aad 0.086800 26.538917 -67.466694
filter B
56599.20  18.820  0.020
56600.26  18.861  0.021
56601.23  18.910  0.020
56602.21  18.923  0.017
56603.20  18.991  0.016
56607.25  19.249  0.017
56608.15  19.364  0.025
56609.17  19.407  0.022
56610.09  19.500  0.029
56612.21  19.732  0.041
56613.07  19.828  0.048
56619.16  20.502  0.044
filter g
56599.18  18.678  0.017
56600.21  18.727  0.019
56600.24  18.729  0.017
filter i
56599.17  19.036  0.028
56600.24  19.034  0.029
56601.22  19.061  0.027
56602.23  19.110  0.028
56603.19  19.238  0.033
56607.26  19.130  0.033
56608.17  19.282  0.033
56609.14  19.494  0.041
56609.15  19.410  0.035
56610.07  19.458  0.039
56612.19  19.630  0.044
56613.09  19.505  0.038
56619.18  19.521  0.042
filter r
56599.18  18.586  0.016
56600.24  18.641  0.016
56601.21  18.639  0.014
56602.22  18.679  0.017
56603.18  18.695  0.014
56607.26  18.826  0.013
56608.16  18.885  0.015
56609.14  18.930  0.016
56610.07  18.987  0.017
56612.19  19.095  0.019
56613.09  19.201  0.022
56619.18  19.486  0.020
56621.08  19.531  0.046
filter V
56599.08  18.702  0.015
56599.09  18.694  0.017
56600.26  18.683  0.018
56601.23  18.723  0.017
56602.24  18.724  0.015
56603.19  18.779  0.013
56608.16  18.953  0.018
56609.16  19.005  0.020
56610.08  19.073  0.022
56612.20  19.189  0.026
56613.08  19.276  0.027
56619.17  19.630  0.025
filter Y
56607.13  19.258  0.051
56607.18  19.444  0.062
56611.24  19.433  0.041
56613.06  19.455  0.034
56617.18  19.328  0.029
filter Jrc2
56607.20  20.173  0.136
56611.21  20.130  0.093
56613.09  20.409  0.102
