CSP14abn 0.022500 209.017458 -43.586083
filter B
56789.10  15.911  0.009
56790.11  15.879  0.009
56791.14  15.911  0.009
56792.20  15.908  0.009
56793.08  15.941  0.010
56794.12  15.978  0.010
56795.06  16.029  0.011
56796.13  16.077  0.009
56797.10  16.111  0.009
56798.12  16.182  0.012
56799.27  16.269  0.007
56804.04  16.698  0.009
56805.12  16.806  0.010
56807.17  17.057  0.006
56808.13  17.150  0.010
56809.06  17.261  0.014
56810.14  17.388  0.013
56811.10  17.528  0.014
filter g
56789.10  15.851  0.006
56790.10  15.828  0.007
56791.15  15.828  0.008
56792.21  15.837  0.009
56793.07  15.861  0.007
56794.11  15.893  0.010
56795.07  15.938  0.009
56796.12  15.956  0.009
56797.11  16.004  0.007
56798.11  16.070  0.015
56799.28  16.131  0.005
56804.04  16.469  0.009
56805.11  16.568  0.007
56807.15  16.746  0.005
56808.14  16.839  0.007
56809.07  16.945  0.008
56810.15  17.064  0.011
56811.09  17.135  0.009
filter i
56789.10  16.465  0.010
56790.11  16.491  0.013
56791.14  16.526  0.014
56792.20  16.555  0.015
56793.07  16.574  0.015
56794.11  16.564  0.014
56795.07  16.630  0.016
56796.12  16.655  0.015
56797.11  16.690  0.013
56798.12  16.802  0.036
56799.28  16.844  0.009
56804.04  17.245  0.013
56805.11  17.271  0.013
56807.14  17.293  0.008
56808.14  17.256  0.012
56809.07  17.259  0.013
56810.15  17.229  0.015
56811.09  17.176  0.011
filter H
56789.25  16.529  0.031
56790.15  16.572  0.028
56792.14  16.694  0.034
56795.20  16.767  0.041
56797.05  16.816  0.031
filter r
56789.10  15.913  0.009
56790.10  15.894  0.009
56791.15  15.879  0.011
56792.20  15.873  0.012
56793.07  15.864  0.010
56794.11  15.868  0.009
56795.07  15.918  0.011
56796.12  15.940  0.010
56797.11  15.985  0.009
56798.11  16.017  0.015
56799.28  16.106  0.006
56804.04  16.446  0.008
56805.11  16.490  0.007
56807.15  16.567  0.005
56808.14  16.599  0.009
56809.07  16.615  0.009
56810.15  16.640  0.011
56811.09  16.634  0.008
filter u
56789.10  16.442  0.011
56790.11  16.436  0.011
56791.15  16.474  0.013
56792.21  16.543  0.013
56793.07  16.597  0.014
56794.11  16.698  0.014
56795.07  16.787  0.012
56796.12  16.892  0.013
56797.11  16.940  0.012
56798.12  17.066  0.021
56799.28  17.168  0.014
56804.04  17.783  0.013
56805.12  17.942  0.014
56807.16  18.188  0.016
56808.15  18.347  0.016
56809.07  18.443  0.016
56810.15  18.610  0.020
56811.09  18.724  0.021
filter V
56789.10  15.915  0.008
56790.11  15.880  0.009
56791.14  15.868  0.008
56792.20  15.893  0.010
56793.08  15.890  0.009
56794.12  15.922  0.010
56795.06  15.963  0.011
56796.13  15.954  0.009
56796.13  15.948  0.009
56797.10  15.990  0.008
56798.12  16.046  0.012
56799.28  16.072  0.006
56804.04  16.355  0.009
56805.12  16.414  0.008
56807.16  16.545  0.005
56808.14  16.601  0.009
56809.07  16.657  0.009
56810.15  16.725  0.011
56811.10  16.766  0.009
filter Y
56789.24  16.474  0.008
56790.14  16.544  0.010
56792.13  16.759  0.015
56795.19  16.957  0.015
56797.04  17.091  0.009
filter Jrc2
56789.26  16.299  0.016
56790.16  16.389  0.016
56792.11  16.497  0.022
56795.22  16.719  0.018
56797.07  16.910  0.015
