CSP14ade 0.062457 84.327667 -75.721389
filter B
56978.31  18.330  0.015
56979.22  18.243  0.014
56980.31  18.172  0.014
56981.23  18.111  0.015
56982.20  18.094  0.013
56983.21  18.086  0.013
56984.19  18.076  0.010
56985.18  18.065  0.011
56986.27  18.091  0.011
56987.23  18.076  0.013
56994.30  18.308  0.017
56995.19  18.355  0.026
56996.22  18.434  0.023
56997.25  18.525  0.033
56997.26  18.462  0.031
56998.28  18.603  0.029
56998.28  18.634  0.035
56999.28  18.666  0.026
57000.28  18.837  0.027
57001.22  18.940  0.033
57002.27  18.923  0.026
57003.23  19.064  0.024
57004.24  19.237  0.035
57005.22  19.383  0.025
57010.18  19.804  0.027
57012.25  20.034  0.036
57014.21  20.183  0.034
57019.23  20.477  0.052
57021.23  20.544  0.051
57035.18  21.031  0.074
filter i
56978.31  18.500  0.023
56980.30  18.413  0.021
56981.23  18.393  0.038
56984.19  18.339  0.019
56985.19  18.304  0.018
56986.26  18.238  0.027
56987.23  18.342  0.021
56994.30  18.550  0.030
56995.20  18.550  0.030
56996.21  18.731  0.033
56997.25  18.757  0.030
56998.27  18.884  0.034
56998.27  18.925  0.037
56999.28  18.954  0.035
57000.29  19.030  0.037
57001.21  19.088  0.035
57002.29  19.105  0.032
57004.23  19.058  0.043
57005.22  18.997  0.029
57008.17  19.131  0.045
57008.17  19.046  0.032
57010.19  18.984  0.031
57012.24  18.912  0.029
57019.24  18.952  0.036
57035.17  19.585  0.047
filter r
56978.30  18.289  0.018
56979.22  18.208  0.018
56980.30  18.095  0.016
56981.22  18.019  0.024
56984.19  17.892  0.014
56985.19  17.857  0.012
56986.26  17.785  0.013
56987.23  17.807  0.014
56994.29  17.862  0.014
56995.20  17.936  0.018
56996.21  18.029  0.019
56997.25  18.056  0.019
56998.26  18.164  0.017
56998.26  18.118  0.019
56999.28  18.206  0.020
57000.29  18.250  0.018
57001.21  18.316  0.019
57002.28  18.359  0.017
57004.23  18.399  0.021
57005.21  18.463  0.016
57008.17  18.560  0.021
57008.17  18.511  0.019
57010.19  18.556  0.022
57012.24  18.596  0.016
57019.24  18.861  0.024
57035.17  19.587  0.032
filter V
56978.31  18.211  0.015
56979.22  18.154  0.014
56980.30  18.096  0.013
56981.23  17.987  0.018
56982.20  17.978  0.014
56983.21  17.957  0.013
56984.19  17.930  0.011
56985.18  17.942  0.012
56986.26  17.888  0.013
56987.23  17.883  0.013
56994.30  18.039  0.015
56995.20  18.021  0.021
56996.21  18.116  0.021
56997.25  18.103  0.022
56998.27  18.210  0.023
56998.27  18.193  0.022
56999.28  18.301  0.019
57000.29  18.346  0.021
57001.22  18.379  0.021
57002.28  18.434  0.017
57003.22  18.468  0.019
57004.23  18.572  0.020
57005.22  18.627  0.022
57010.19  18.916  0.021
57012.25  19.069  0.027
57014.21  19.106  0.026
57019.23  19.406  0.036
57021.23  19.496  0.028
57028.23  19.876  0.069
57035.17  19.980  0.037
filter Y
56997.33  19.102  0.038
56998.18  19.224  0.045
57029.21  18.777  0.055
57030.19  18.631  0.035
filter Jrc2
57030.18  19.203  0.077
