CSP14acl 0.029979 15.279333 -10.311083
filter B
56925.25  16.673  0.009
56926.20  16.666  0.008
56927.20  16.692  0.008
56928.19  16.709  0.009
56929.20  16.764  0.010
56930.17  16.793  0.010
56931.22  16.865  0.013
56932.23  16.916  0.010
56936.26  17.208  0.014
56937.25  17.243  0.018
56940.23  17.622  0.016
56942.23  17.858  0.014
56943.23  17.974  0.015
56944.25  18.112  0.019
56948.26  18.547  0.016
56949.26  18.674  0.018
56950.23  18.767  0.018
56954.24  19.132  0.019
56955.25  19.239  0.019
56956.22  19.291  0.020
56958.22  19.416  0.022
56961.22  19.587  0.025
56963.16  19.727  0.032
56964.27  19.734  0.081
56974.24  19.985  0.041
56975.20  19.977  0.025
56976.24  20.034  0.027
56977.19  20.029  0.021
56978.23  20.035  0.024
filter g
56925.25  16.581  0.009
56926.19  16.579  0.009
56927.20  16.581  0.007
56928.18  16.631  0.009
56929.20  16.651  0.008
56930.19  16.692  0.011
56931.23  16.744  0.013
56932.22  16.782  0.009
56936.27  17.062  0.013
56937.24  17.171  0.020
56940.22  17.417  0.016
56942.24  17.606  0.014
56943.22  17.718  0.014
56944.24  17.825  0.015
56948.25  18.198  0.014
56949.25  18.340  0.012
56950.23  18.443  0.015
56954.23  18.801  0.015
56955.26  18.912  0.017
56956.22  18.994  0.016
56958.21  19.112  0.017
56961.21  19.262  0.023
56963.15  19.401  0.035
56964.26  19.369  0.054
56974.23  19.727  0.031
56975.18  19.684  0.020
56976.22  19.718  0.020
56977.18  19.719  0.019
56978.21  19.786  0.023
filter i
56925.26  17.383  0.020
56926.19  17.396  0.017
56927.20  17.461  0.017
56928.18  17.467  0.017
56929.20  17.522  0.023
56930.18  17.527  0.018
56931.22  17.585  0.023
56932.22  17.676  0.019
56936.27  18.180  0.033
56937.24  18.246  0.039
56940.22  18.445  0.035
56942.24  18.403  0.028
56943.22  18.507  0.026
56944.24  18.442  0.033
56948.25  18.238  0.026
56949.25  18.234  0.024
56950.22  18.232  0.021
56954.23  18.170  0.021
56955.26  18.180  0.021
56956.23  18.204  0.020
56958.21  18.347  0.022
56961.21  18.547  0.026
56963.15  18.749  0.027
56964.26  18.755  0.038
56974.23  19.303  0.034
56975.18  19.330  0.033
56976.22  19.360  0.035
56977.17  19.452  0.031
56978.21  19.536  0.033
filter r
56925.26  16.713  0.012
56926.19  16.705  0.012
56927.20  16.709  0.009
56928.18  16.698  0.012
56929.20  16.736  0.010
56930.18  16.777  0.013
56931.23  16.813  0.013
56932.22  16.875  0.010
56936.27  17.224  0.016
56937.24  17.266  0.019
56940.22  17.485  0.015
56942.24  17.573  0.016
56943.22  17.566  0.014
56944.24  17.562  0.017
56948.24  17.635  0.015
56949.24  17.656  0.014
56950.22  17.679  0.014
56954.23  17.855  0.015
56955.26  17.921  0.013
56956.22  17.978  0.012
56958.21  18.115  0.015
56961.21  18.294  0.016
56963.14  18.440  0.017
56964.25  18.475  0.031
56974.22  18.901  0.019
56975.18  18.937  0.019
56976.22  18.963  0.018
56977.17  18.974  0.018
56978.21  19.001  0.018
filter u
56926.19  17.145  0.018
56927.20  17.384  0.016
56928.18  17.263  0.018
56929.21  17.682  0.024
56930.18  17.501  0.022
56931.22  17.561  0.021
56932.23  17.865  0.020
56936.26  18.161  0.041
56937.25  18.314  0.043
56940.22  18.734  0.053
56942.24  18.965  0.040
56943.22  19.076  0.034
56944.24  19.165  0.041
56948.25  19.732  0.037
56949.25  19.772  0.031
56950.22  19.910  0.069
56954.23  20.180  0.056
56955.27  20.328  0.061
56956.23  20.348  0.063
56958.21  20.588  0.058
56961.22  20.609  0.074
56975.19  21.079  0.102
56976.23  21.070  0.104
56977.18  21.092  0.087
56978.22  21.296  0.114
filter V
56925.25  16.709  0.010
56926.20  16.687  0.011
56927.20  16.694  0.010
56928.19  16.724  0.012
56929.20  16.742  0.010
56930.18  16.779  0.012
56931.22  16.804  0.014
56932.23  16.840  0.012
56936.26  17.113  0.017
56937.25  17.120  0.021
56940.23  17.384  0.018
56942.24  17.457  0.016
56943.23  17.532  0.017
56944.25  17.601  0.020
56948.25  17.840  0.018
56949.26  17.887  0.015
56950.23  17.974  0.017
56954.24  18.266  0.015
56955.26  18.387  0.015
56956.22  18.423  0.015
56958.22  18.585  0.015
56961.22  18.717  0.016
56963.16  18.861  0.024
56964.26  18.895  0.039
56974.24  19.270  0.025
56975.19  19.259  0.020
56976.23  19.297  0.020
56977.19  19.314  0.019
56978.22  19.368  0.020
