iPTF13dge 0.015854 75.896167 1.571444
filter B
56539.73  19.680  0.100
56540.10  19.540  0.070
56540.70  18.900  0.050
56540.89  19.180  0.220
56541.10  18.490  0.050
56541.56  18.870  0.180
56541.70  18.210  0.060
56542.10  17.930  0.050
56542.56  17.790  0.100
56543.10  17.570  0.140
56543.20  17.450  0.060
56544.70  16.650  0.060
56545.13  16.740  0.070
56545.30  16.460  0.050
56545.80  16.360  0.050
56546.20  16.390  0.060
56546.30  16.170  0.050
56546.80  16.170  0.050
56548.20  15.850  0.050
56549.20  15.840  0.060
56549.90  15.760  0.060
56550.40  15.570  0.050
56551.30  15.510  0.050
56551.90  15.500  0.050
56552.40  15.400  0.050
56553.93  15.400  0.050
56554.10  15.290  0.050
56555.53  15.390  0.050
56556.30  15.400  0.050
56557.54  15.400  0.050
56558.20  15.520  0.060
56559.07  15.470  0.050
56559.80  15.430  0.050
56560.40  15.490  0.050
56561.94  15.560  0.050
56562.40  15.640  0.050
56563.30  15.680  0.050
56563.85  15.780  0.060
56565.08  15.820  0.060
56566.10  15.980  0.060
56567.19  16.000  0.060
56570.73  16.380  0.060
56571.69  16.520  0.070
56572.00  16.530  0.060
56573.72  16.760  0.080
56574.00  16.780  0.050
56574.10  16.830  0.060
56575.40  16.980  0.080
56576.40  17.040  0.060
56579.10  17.280  0.050
56579.20  17.340  0.060
56581.00  17.420  0.060
56583.20  17.780  0.060
56585.00  17.810  0.060
56587.90  18.000  0.080
56588.90  18.270  0.070
56590.40  18.190  0.050
56591.10  18.250  0.060
56591.20  18.250  0.050
56593.20  18.350  0.050
56594.90  18.470  0.070
56598.30  18.570  0.060
56599.90  18.480  0.090
56602.00  18.500  0.050
56603.90  18.660  0.060
56606.10  18.660  0.060
56608.00  18.750  0.060
56611.20  18.770  0.060
56613.20  18.820  0.080
56616.20  18.810  0.070
56618.90  18.810  0.070
56622.10  18.870  0.060
56625.10  18.890  0.060
56628.30  18.930  0.050
56632.10  19.070  0.060
56639.90  19.290  0.180
filter WHIRCH
56563.49219  2371.674  28.300
56581.47266  3863.181  42.340
56584.40625  4461.586  47.073
56586.50391  3979.999  43.485
56591.50000  2444.415  29.535
56608.46094  860.934  14.321
56636.40234  457.764  24.243
56640.33594  265.956  15.169
filter WHIRCJ
56563.50391  1838.498  22.555
56581.48047  1264.612  16.103
56584.41016  1827.116  20.761
56586.51172  1646.258  19.142
56591.52344  1071.362  13.143
56608.48438  195.598  7.789
56636.41797  70.437  11.039
56640.35156  54.762  9.572
filter WHIRCK
56581.48828  3980.634  62.957
56584.41797  4875.627  72.855
56586.51953  3549.558  61.566
56591.50781  2415.202  46.445
56636.44141  265.245  127.400
56640.37500  356.758  34.952
filter u_s
56539.73  19.450  0.100
56540.70  19.510  0.140
56540.89  19.510  0.100
56541.10  19.000  0.190
56541.56  19.450  0.100
56541.70  18.040  0.230
56542.10  18.800  0.260
56542.56  18.560  0.180
56543.10  17.390  0.220
56543.20  17.600  0.070
56544.80  16.630  0.160
56545.13  16.780  0.080
56545.30  16.530  0.070
56545.80  16.550  0.060
56546.20  16.150  0.060
56546.30  16.170  0.050
56546.80  16.280  0.060
56548.20  15.860  0.050
56549.20  15.510  0.050
56549.90  15.310  0.060
56550.30  15.550  0.050
56551.30  15.430  0.050
56551.90  15.150  0.050
56552.40  15.390  0.050
56553.93  15.090  0.050
56554.10  15.400  0.050
56555.53  15.170  0.060
56556.30  15.470  0.050
56557.53  15.290  0.060
56558.20  15.370  0.080
56559.07  15.490  0.060
56559.70  15.480  0.050
56560.40  15.610  0.050
56561.94  15.820  0.070
56562.40  15.710  0.050
56563.30  15.750  0.050
56563.85  15.980  0.070
56565.08  16.230  0.070
56566.10  16.020  0.030
56567.19  16.310  0.080
56570.73  16.930  0.080
56571.69  17.000  0.090
56573.76  17.300  0.100
56574.10  16.750  0.050
56575.40  17.590  0.120
56579.20  17.600  0.060
56591.10  18.500  0.060
filter V
56539.76  18.840  0.100
56540.10  18.970  0.060
56540.80  18.420  0.060
56540.89  18.420  0.250
56541.10  18.240  0.050
56541.56  18.420  0.260
56541.80  17.890  0.050
56542.10  17.720  0.050
56542.56  17.550  0.140
56543.10  17.250  0.060
56543.20  17.340  0.050
56544.80  16.690  0.060
56545.13  16.670  0.090
56545.30  16.530  0.060
56545.80  16.370  0.050
56546.20  16.380  0.050
56546.40  16.180  0.050
56546.80  16.200  0.050
56548.20  15.870  0.050
56549.20  15.840  0.050
56549.91  15.780  0.070
56550.40  15.610  0.050
56551.30  15.540  0.050
56551.90  15.590  0.060
56552.40  15.470  0.050
56553.94  15.410  0.060
56554.10  15.350  0.050
56555.54  15.400  0.060
56556.30  15.450  0.050
56557.54  15.360  0.060
56558.20  15.440  0.050
56559.08  15.370  0.060
56559.80  15.370  0.050
56560.40  15.410  0.060
56561.91  15.390  0.070
56562.40  15.500  0.050
56563.30  15.520  0.050
56563.85  15.630  0.070
56565.09  15.580  0.060
56566.10  15.700  0.050
56567.19  15.710  0.070
56570.73  15.900  0.070
56571.70  16.000  0.070
56572.00  16.020  0.050
56573.73  16.180  0.090
56574.00  16.160  0.050
56574.10  16.040  0.050
56575.41  16.130  0.080
56576.40  16.270  0.050
56579.10  16.330  0.050
56579.20  16.380  0.050
56581.00  16.470  0.050
56583.20  16.680  0.050
56585.00  16.720  0.050
56588.90  17.010  0.060
56590.40  17.100  0.050
56591.10  17.110  0.050
56591.20  17.150  0.050
56593.20  17.260  0.050
56594.90  17.350  0.050
56598.30  17.530  0.060
56599.90  17.470  0.060
56602.00  17.460  0.050
56603.90  17.640  0.050
56606.10  17.700  0.050
56608.00  17.770  0.050
56611.20  17.750  0.050
56613.20  17.900  0.060
56616.20  17.860  0.060
56618.90  17.990  0.060
56622.10  18.120  0.060
56625.10  18.060  0.060
56628.30  18.170  0.050
56632.10  18.370  0.060
56639.90  18.440  0.100
filter g_s
56540.20  19.460  0.050
56540.60  19.040  0.060
56541.10  18.520  0.050
56541.70  18.370  0.050
56542.10  18.170  0.050
56543.10  17.690  0.050
56544.50  17.110  0.050
56544.80  17.010  0.050
56545.30  16.810  0.050
56545.80  16.650  0.050
56546.40  16.580  0.050
56546.80  16.480  0.050
56548.20  16.180  0.050
56550.30  15.930  0.050
56551.30  15.810  0.050
56552.30  15.700  0.050
56554.10  15.660  0.050
56556.30  15.620  0.050
56559.00  15.670  0.050
56560.00  15.730  0.050
56560.40  15.730  0.050
56561.50  15.760  0.050
56563.30  15.830  0.050
56572.00  16.470  0.050
56574.00  16.590  0.050
56576.70  16.860  0.050
56579.10  17.080  0.050
56581.10  17.240  0.050
56583.20  17.400  0.050
56587.90  17.840  0.060
56588.90  17.900  0.050
56591.30  17.900  0.050
56592.20  18.070  0.050
56593.20  18.130  0.050
56594.90  18.170  0.050
56598.40  18.290  0.050
56599.90  18.320  0.050
56601.90  18.350  0.050
56603.90  18.390  0.050
56606.00  18.450  0.050
56608.00  18.490  0.050
56610.90  18.520  0.050
56613.30  18.570  0.150
56616.70  18.540  0.170
56618.90  18.650  0.130
56622.10  18.750  0.050
56625.10  18.810  0.050
56628.30  18.830  0.050
56629.48  18.410  0.020
56629.50  18.420  0.020
56633.41  18.500  0.020
56633.43  18.540  0.020
56640.30  18.930  0.050
filter i_s
56540.20  19.010  0.070
56541.10  18.240  0.060
56541.70  18.000  0.060
56542.10  17.850  0.060
56544.60  16.760  0.050
56544.80  16.490  0.050
56545.30  16.380  0.050
56545.80  16.280  0.050
56546.40  16.160  0.050
56546.80  16.050  0.050
56548.20  15.830  0.050
56550.30  15.640  0.050
56551.30  15.570  0.050
56552.30  15.440  0.050
56554.10  15.560  0.050
56556.30  15.580  0.050
56559.10  15.730  0.050
56560.00  15.780  0.050
56560.50  15.790  0.050
56561.50  15.790  0.050
56563.30  15.930  0.050
56572.00  16.560  0.060
56574.00  16.430  0.050
56576.70  16.370  0.050
56579.10  16.350  0.050
56581.10  16.320  0.050
56583.20  16.190  0.050
56585.10  16.230  0.050
56588.90  16.440  0.050
56591.30  16.420  0.050
56592.20  16.710  0.050
56593.20  16.740  0.050
56595.00  16.830  0.050
56598.40  17.060  0.060
56599.90  17.080  0.050
56601.90  17.210  0.060
56603.90  17.280  0.050
56606.00  17.410  0.050
56608.00  17.400  0.060
56610.90  17.480  0.060
56616.70  17.700  0.100
56618.90  17.770  0.080
56622.10  17.980  0.060
56625.10  18.090  0.060
56628.30  18.120  0.060
56638.44  18.790  0.040
56638.46  18.740  0.150
56640.40  18.090  0.100
filter r_s
56540.20  18.850  0.060
56540.70  18.480  0.060
56541.10  18.070  0.050
56541.70  17.800  0.050
56542.10  17.680  0.050
56543.10  17.160  0.110
56544.50  16.670  0.050
56544.80  16.510  0.050
56545.30  16.360  0.050
56545.80  16.210  0.050
56546.40  16.150  0.050
56546.80  16.040  0.050
56548.20  15.800  0.050
56550.30  15.560  0.050
56551.30  15.440  0.050
56552.30  15.320  0.050
56554.10  15.290  0.050
56556.30  15.220  0.050
56559.10  15.260  0.050
56560.00  15.310  0.050
56560.50  15.320  0.050
56561.50  15.330  0.050
56563.30  15.430  0.050
56572.00  16.040  0.050
56574.00  16.040  0.050
56576.70  16.080  0.050
56579.10  16.140  0.050
56581.10  16.180  0.050
56583.20  16.190  0.050
56585.10  16.300  0.050
56588.90  16.540  0.050
56591.30  16.660  0.050
56592.20  16.790  0.050
56593.20  16.840  0.050
56595.00  16.910  0.050
56597.59  17.020  0.010
56597.60  17.020  0.010
56598.30  17.090  0.050
56599.90  17.110  0.050
56601.90  17.190  0.050
56603.90  17.260  0.050
56606.00  17.350  0.050
56608.00  17.380  0.050
56610.90  17.400  0.050
56613.30  17.660  0.110
56616.70  17.580  0.070
56618.90  17.670  0.090
56622.10  17.880  0.050
56625.10  17.960  0.050
56628.30  18.080  0.050
56640.30  18.380  0.060
filter UVM2
56539.76  19.510  0.100
56540.90  20.600  0.100
56541.56  20.320  0.100
56542.56  20.370  0.100
56545.13  20.420  0.100
56549.91  20.400  0.100
56551.91  19.700  0.210
56553.94  19.520  0.190
56555.54  19.500  0.190
56557.54  19.240  0.160
56559.08  19.330  0.170
56561.92  19.410  0.220
56563.86  19.710  0.230
56565.09  19.960  0.260
56567.33  20.000  0.290
56570.73  20.390  0.100
56571.70  20.320  0.100
56573.73  20.050  0.100
56575.41  20.290  0.100
filter UVW1
56539.72  19.980  0.100
56540.89  19.940  0.100
56541.56  19.910  0.100
56542.55  19.740  0.290
56545.12  18.290  0.110
56549.90  16.860  0.070
56551.89  16.760  0.070
56553.93  16.770  0.070
56555.53  16.800  0.070
56557.53  16.940  0.080
56559.07  17.020  0.080
56561.94  17.470  0.090
56563.85  17.690  0.100
56565.08  17.800  0.100
56567.33  18.000  0.120
56570.73  18.390  0.120
56571.69  18.450  0.130
56573.76  18.620  0.140
56575.40  18.760  0.170
filter UVW2
56539.75  20.250  0.100
56540.89  20.380  0.100
56541.56  20.290  0.100
56542.56  20.360  0.100
56545.13  20.180  0.300
56549.90  18.610  0.120
56551.90  18.410  0.110
56553.94  18.400  0.110
56555.54  18.380  0.110
56557.54  18.550  0.120
56559.07  18.660  0.130
56561.94  18.810  0.140
56563.85  18.830  0.140
56565.09  18.910  0.140
56567.33  19.400  0.210
56570.73  19.690  0.220
56571.69  19.880  0.260
56573.72  20.040  0.100
56575.40  20.190  0.100
filter z_s
56540.10  18.810  0.100
56540.70  18.150  0.070
56541.10  18.210  0.060
56541.70  17.890  0.070
56542.10  17.740  0.060
56543.10  17.340  0.080
56544.70  16.880  0.060
56545.30  16.620  0.050
56545.80  16.450  0.050
56546.40  16.430  0.050
56546.80  16.370  0.060
56548.20  16.180  0.050
56550.30  16.010  0.050
56551.30  15.940  0.050
56552.30  15.770  0.050
56554.10  15.860  0.050
56556.30  15.860  0.050
56559.10  15.970  0.050
56560.00  16.030  0.050
56560.50  16.000  0.050
56561.50  16.080  0.050
56563.30  16.150  0.050
56572.00  16.460  0.070
56574.00  16.390  0.050
56576.70  16.430  0.050
56579.10  16.420  0.050
56581.10  16.420  0.050
56583.20  16.280  0.050
56585.10  16.410  0.050
56588.90  16.580  0.060
56591.30  16.630  0.060
56592.20  16.760  0.060
56593.20  16.890  0.060
56595.00  16.990  0.050
56598.60  17.440  0.110
56599.90  17.300  0.060
56601.90  17.550  0.080
56603.90  17.610  0.060
56606.00  17.700  0.060
56608.10  17.730  0.060
56610.90  17.900  0.090
56613.40  17.760  0.220
56616.70  18.240  0.200
56618.90  18.400  0.070
56622.10  18.650  0.080
56625.20  18.820  0.090
56628.30  19.100  0.100
56640.20  19.280  0.160
