KISS13l 0.132009 168.725292 29.585000
filter Y
56356.20  19.879  0.046
filter i
56356.24  19.797  0.041
56357.21  19.804  0.036
56360.20  19.753  0.032
56367.21  20.167  0.052
56370.24  20.534  0.059
filter B
56356.22  19.727  0.044
56357.22  19.726  0.031
56360.21  19.823  0.030
56367.19  20.299  0.036
56370.21  20.602  0.042
filter r
56356.23  19.419  0.022
56357.20  19.457  0.018
56360.19  19.526  0.019
56367.21  19.691  0.024
56370.23  19.978  0.028
filter V
56356.21  19.340  0.024
56357.21  19.351  0.023
56360.20  19.472  0.021
56367.20  19.810  0.026
56370.22  20.082  0.042
