KISS13j 0.076533 182.415417 16.203972
filter B
56331.27  18.915  0.017
56332.34  18.977  0.020
56336.36  19.069  0.018
56337.32  19.159  0.019
56338.28  19.241  0.019
56339.29  19.325  0.018
56340.32  19.436  0.021
56341.33  19.585  0.025
56342.32  19.671  0.023
56343.34  19.902  0.038
56344.32  19.926  0.032
56345.32  20.027  0.036
56357.29  21.242  0.073
filter i
56331.30  19.157  0.030
56332.32  19.268  0.032
56336.37  19.283  0.054
56337.31  19.222  0.029
56338.31  19.238  0.028
56339.32  19.376  0.027
56340.29  19.436  0.040
56341.32  19.465  0.032
56342.30  19.621  0.045
56343.32  19.756  0.054
56344.34  19.724  0.045
56345.30  19.705  0.041
56353.29  19.631  0.039
56357.28  19.724  0.051
56360.34  19.793  0.046
filter r
56331.29  18.787  0.019
56332.31  18.832  0.014
56336.36  18.682  0.027
56337.30  18.728  0.021
56338.30  18.737  0.024
56339.31  18.831  0.020
56340.28  18.754  0.038
56341.31  18.936  0.020
56342.29  18.884  0.025
56343.31  18.952  0.023
56344.33  19.192  0.015
56345.30  19.114  0.023
56346.37  19.218  0.033
56353.28  19.473  0.028
56357.27  19.586  0.036
56360.33  19.769  0.044
filter V
56331.28  18.851  0.016
56332.33  18.865  0.019
56336.35  18.889  0.020
56337.31  18.936  0.019
56338.29  18.924  0.016
56339.30  19.005  0.018
56340.31  19.015  0.022
56341.32  19.120  0.022
56342.31  19.149  0.018
56343.33  19.206  0.020
56344.32  19.263  0.021
56345.31  19.323  0.022
56353.30  20.064  0.055
56357.28  20.268  0.038
filter Y
56342.29  19.333  0.183
filter Jrc2
56348.23  19.909  0.152
