KISS15n 0.023084 195.134708 27.978056
filter B
57154.14  17.589  0.018
57155.09  17.217  0.012
57156.11  16.862  0.014
57157.12  16.563  0.011
57158.09  16.326  0.009
57159.10  16.131  0.009
57160.09  15.967  0.007
57162.14  15.754  0.008
57163.14  15.668  0.006
57164.11  15.613  0.008
57165.13  15.593  0.007
57166.08  15.558  0.005
57173.07  15.667  0.008
57174.08  15.735  0.009
57175.07  15.758  0.011
57176.08  15.816  0.009
57177.09  15.887  0.009
57178.07  15.953  0.008
57179.04  16.040  0.008
57180.06  16.128  0.008
57181.05  16.213  0.009
57182.04  16.322  0.008
57184.03  16.517  0.008
filter g
57155.10  17.097  0.010
57156.12  16.754  0.010
57157.13  16.476  0.011
57158.08  16.243  0.007
57159.09  16.072  0.007
57160.08  15.909  0.008
57161.09  15.779  0.008
57162.15  15.680  0.005
57163.14  15.608  0.005
57164.11  15.552  0.007
57165.14  15.506  0.005
57166.08  15.480  0.005
57173.05  15.531  0.007
57174.07  15.584  0.007
57175.06  15.624  0.007
57176.09  15.655  0.007
57177.08  15.717  0.006
57178.07  15.776  0.007
57179.04  15.835  0.005
57180.05  15.924  0.006
57181.04  15.992  0.005
57182.04  16.093  0.005
57184.02  16.270  0.006
filter i
57154.14  17.819  0.029
57154.14  17.797  0.024
57155.10  17.457  0.015
57156.12  17.122  0.016
57157.13  16.932  0.038
57158.08  16.703  0.008
57159.09  16.514  0.008
57160.09  16.403  0.009
57161.09  16.284  0.010
57162.15  16.233  0.008
57163.14  16.168  0.007
57164.11  16.131  0.014
57165.14  16.055  0.091
57166.08  16.101  0.008
57173.06  16.066  0.022
57174.08  16.170  0.010
57175.06  16.221  0.011
57176.09  16.231  0.009
57177.08  16.277  0.009
57178.08  16.303  0.010
57179.04  16.351  0.010
57180.05  16.390  0.008
57181.04  16.428  0.009
57182.05  16.471  0.008
57184.03  16.485  0.007
filter H
57169.07  16.367  0.052
57170.09  16.348  0.054
57172.06  16.378  0.057
57173.07  16.431  0.053
filter r
57154.13  17.504  0.018
57154.14  17.509  0.018
57155.09  17.156  0.010
57156.12  16.823  0.012
57157.13  16.589  0.011
57158.08  16.375  0.008
57159.09  16.197  0.007
57160.08  16.061  0.008
57161.09  15.945  0.008
57162.15  15.852  0.006
57163.14  15.766  0.006
57164.10  15.710  0.008
57165.13  15.646  0.006
57166.08  15.606  0.005
57173.05  15.518  0.011
57174.08  15.547  0.007
57175.06  15.606  0.008
57176.09  15.601  0.007
57177.08  15.658  0.006
57178.07  15.697  0.008
57179.04  15.744  0.006
57180.05  15.787  0.005
57181.04  15.836  0.006
57182.04  15.884  0.005
57184.02  15.955  0.006
filter u
57155.10  17.577  0.039
57156.12  17.183  0.020
57157.13  16.919  0.025
57158.08  16.664  0.013
57159.09  16.508  0.015
57160.09  16.330  0.011
57161.10  16.201  0.012
57162.15  16.123  0.012
57163.14  16.089  0.011
57164.11  16.067  0.014
57166.09  16.049  0.009
57173.06  16.434  0.022
57174.08  16.483  0.017
57175.07  16.588  0.028
57176.09  16.649  0.020
57177.09  16.751  0.019
57178.08  16.823  0.017
57179.04  16.918  0.017
57180.05  17.016  0.019
57181.04  17.179  0.024
57182.05  17.302  0.025
57184.03  17.545  0.021
filter V
57154.14  17.404  0.020
57155.09  17.045  0.011
57156.12  16.728  0.013
57157.12  16.474  0.009
57158.08  16.257  0.008
57159.10  16.090  0.010
57160.09  15.948  0.007
57161.10  15.835  0.009
57162.15  15.740  0.006
57163.14  15.650  0.007
57164.11  15.585  0.006
57165.13  15.551  0.006
57166.08  15.522  0.006
57173.06  15.453  0.009
57174.08  15.498  0.008
57175.07  15.515  0.008
57176.08  15.572  0.010
57177.09  15.581  0.008
57178.07  15.630  0.008
57179.04  15.686  0.007
57180.06  15.739  0.006
57181.05  15.807  0.006
57182.04  15.867  0.007
57184.03  16.013  0.007
filter Y
57169.06  16.398  0.042
57170.09  16.425  0.043
57172.05  16.522  0.045
57173.07  16.549  0.043
filter Jrc2
57169.08  16.070  0.033
57170.10  16.126  0.033
57172.06  16.203  0.034
57173.08  16.208  0.033
