LSQ14gfn 0.121616 52.134000 -4.203950
filter Jrc2
56990.19  19.755  0.093
filter i
56994.20  19.766  0.064
56998.20  19.639  0.064
56998.20  19.675  0.074
56999.20  19.672  0.070
56999.20  19.640  0.065
56999.20  19.733  0.076
57000.21  19.769  0.062
57000.21  19.797  0.062
57001.17  19.644  0.060
57002.25  19.876  0.058
57004.15  19.791  0.050
57005.18  19.731  0.041
57008.19  19.937  0.041
57010.17  20.148  0.047
57012.21  20.176  0.070
57014.17  20.404  0.072
57019.21  20.183  0.067
57021.20  20.414  0.090
filter H
56990.18  19.825  0.162
56992.17  19.548  0.122
filter r
56994.19  19.390  0.050
56998.19  19.194  0.049
56998.19  19.320  0.065
56999.19  19.262  0.045
56999.19  19.256  0.047
56999.19  19.298  0.045
56999.20  19.384  0.050
57000.20  19.272  0.039
57000.20  19.318  0.036
57001.17  19.252  0.043
57002.24  19.339  0.032
57003.18  19.314  0.025
57004.15  19.430  0.029
57005.18  19.329  0.026
57007.13  19.340  0.025
57008.18  19.556  0.022
57010.16  19.640  0.027
57012.20  19.770  0.033
57014.16  19.862  0.031
57019.21  20.177  0.049
57021.19  20.325  0.076
filter V
56994.20  19.259  0.043
56997.20  19.454  0.102
56997.20  19.196  0.097
56998.20  19.366  0.061
56998.20  19.316  0.053
56999.21  19.284  0.045
56999.21  19.355  0.043
56999.21  19.332  0.046
56999.22  19.227  0.039
57000.21  19.377  0.039
57000.21  19.285  0.042
57001.16  19.378  0.050
57002.24  19.445  0.043
57003.19  19.363  0.025
57004.16  19.445  0.026
57005.18  19.446  0.026
57007.12  19.572  0.021
57007.12  19.540  0.024
57010.17  19.702  0.027
57012.21  19.944  0.038
57014.17  20.024  0.032
57019.22  20.509  0.054
57021.21  20.626  0.106
filter Y
56990.16  19.737  0.067
56992.16  19.624  0.050
56998.12  19.680  0.058
filter B
56994.20  19.525  0.056
56997.19  19.489  0.110
56997.20  19.529  0.102
56997.20  19.647  0.105
56998.21  19.706  0.087
56998.21  19.651  0.083
56998.21  19.477  0.068
56999.22  19.517  0.056
56999.22  19.565  0.060
56999.22  19.478  0.057
56999.23  19.498  0.055
57000.22  19.614  0.054
57000.22  19.530  0.053
57001.16  19.569  0.075
57002.23  19.649  0.135
57002.23  19.645  0.037
57003.19  19.764  0.034
57004.16  19.715  0.031
57005.19  19.757  0.025
57007.12  19.965  0.020
57010.17  20.215  0.034
57012.21  20.395  0.043
57014.17  20.570  0.044
57019.22  21.580  0.099
57021.21  21.576  0.163
