LSQ13cwp 0.066600 60.961042 -2.654994
filter B
56605.23  19.186  0.014
56607.31  19.043  0.013
56608.24  19.006  0.014
56610.22  18.940  0.017
56611.20  18.939  0.024
56612.27  18.915  0.023
56614.24  18.994  0.028
56619.29  19.328  0.019
56620.20  19.404  0.022
56622.22  19.633  0.019
56623.35  19.758  0.049
56625.15  19.980  0.018
56632.29  20.812  0.035
56639.14  21.672  0.197
filter i
56605.22  19.144  0.016
56607.33  19.041  0.016
56608.26  19.015  0.015
56609.35  18.996  0.018
56610.24  19.011  0.030
56611.22  18.953  0.017
56612.25  19.005  0.028
56614.25  18.980  0.030
56619.28  19.144  0.032
56620.22  19.151  0.076
56622.24  19.406  0.021
56623.34  19.466  0.023
56625.13  19.547  0.019
56639.16  19.463  0.027
56639.17  19.418  0.027
filter H
56610.33  19.045  0.042
filter J
56610.32  18.916  0.014
filter r
56605.21  19.031  0.012
56607.32  18.836  0.012
56608.26  18.782  0.011
56609.34  18.729  0.013
56610.23  18.685  0.017
56611.21  18.617  0.014
56612.26  18.604  0.015
56614.25  18.541  0.020
56619.27  18.675  0.014
56620.22  18.696  0.045
56622.23  18.838  0.013
56623.33  18.900  0.013
56623.33  18.885  0.013
56625.13  18.995  0.012
56639.15  19.513  0.030
56639.15  19.547  0.024
filter V
56605.24  19.151  0.013
56607.32  18.948  0.011
56608.25  18.841  0.011
56609.36  18.826  0.014
56609.36  18.826  0.014
56610.23  18.785  0.016
56611.19  18.779  0.017
56612.26  18.764  0.021
56614.23  18.760  0.022
56619.29  18.905  0.017
56620.21  18.920  0.023
56622.23  19.058  0.014
56623.35  19.135  0.017
56625.14  19.260  0.015
56632.29  19.758  0.019
56639.13  20.387  0.049
filter Y
56607.23  18.856  0.022
56610.32  18.842  0.011
56612.15  18.975  0.026
56613.16  19.023  0.024
56617.22  19.214  0.027
filter Jrc2
56607.26  18.891  0.033
56612.20  19.006  0.034
56613.21  19.107  0.028
56617.25  19.477  0.043
