LSQ13ry 0.029837 158.200000 4.197708
filter B
56383.14  18.783  0.014
56384.11  18.318  0.011
56385.12  17.922  0.011
56386.06  17.635  0.011
56387.12  17.369  0.011
56388.12  17.173  0.011
56389.04  17.016  0.012
56390.06  16.885  0.014
56391.08  16.812  0.011
56393.20  16.703  0.011
56397.04  16.690  0.011
56398.05  16.732  0.012
56399.07  16.790  0.012
56400.02  16.854  0.011
56400.99  16.909  0.013
56406.06  17.399  0.032
56407.07  17.515  0.019
56408.17  17.649  0.020
56409.13  17.867  0.033
56410.03  17.900  0.014
56411.06  17.994  0.014
56414.01  18.393  0.014
56415.11  18.541  0.015
56415.99  18.653  0.015
56417.02  18.733  0.015
56417.98  18.878  0.016
56418.98  18.962  0.016
56419.99  19.039  0.020
56422.05  19.231  0.019
56423.05  19.268  0.029
56423.99  19.294  0.024
56425.98  19.511  0.022
56427.00  19.569  0.024
56432.99  19.868  0.068
56436.03  19.913  0.065
filter g
56383.18  18.631  0.013
56384.13  18.226  0.009
56385.09  17.862  0.011
56386.07  17.584  0.009
56387.09  17.334  0.010
56388.10  17.151  0.010
56389.05  16.989  0.011
56390.04  16.858  0.013
56391.09  16.760  0.011
56393.18  16.660  0.010
56397.04  16.613  0.010
56398.04  16.647  0.011
56406.03  17.200  0.030
56407.05  17.281  0.014
56408.14  17.398  0.013
56410.04  17.589  0.009
56411.08  17.679  0.010
56412.06  17.823  0.008
56413.98  18.021  0.009
56415.12  18.170  0.009
56416.00  18.248  0.011
56416.99  18.360  0.011
56417.99  18.460  0.010
56418.99  18.574  0.010
56420.01  18.681  0.014
56422.06  18.848  0.012
56423.06  18.921  0.013
56423.96  19.050  0.017
56426.00  19.134  0.016
56426.98  19.210  0.017
56436.04  19.478  0.039
56445.96  19.771  0.023
filter i
56383.17  18.876  0.019
56384.14  18.488  0.016
56385.10  18.146  0.015
56386.07  17.858  0.017
56387.10  17.617  0.014
56388.10  17.450  0.016
56389.06  17.305  0.015
56390.05  17.160  0.019
56391.11  17.145  0.017
56393.18  17.134  0.011
56397.05  17.323  0.017
56398.04  17.314  0.017
56399.06  17.372  0.012
56400.01  17.412  0.015
56401.00  17.436  0.017
56401.00  17.491  0.017
56407.05  18.096  0.020
56408.13  18.249  0.047
56409.10  18.073  0.028
56410.06  18.107  0.015
56411.10  18.106  0.016
56412.05  18.098  0.014
56413.99  18.002  0.013
56415.13  18.017  0.016
56416.01  17.934  0.017
56417.00  17.920  0.013
56418.00  17.921  0.014
56419.00  17.906  0.013
56420.00  17.880  0.015
56422.07  17.934  0.012
56423.07  17.965  0.014
56423.97  18.042  0.017
56426.01  18.209  0.016
56426.98  18.294  0.017
56436.05  18.907  0.034
56445.97  19.264  0.028
filter H
56383.14  18.712  0.069
56384.17  18.332  0.060
56385.09  17.911  0.027
56399.08  17.666  0.027
56400.07  17.736  0.031
filter Jrc2
56383.16  18.597  0.030
56384.18  18.200  0.025
56385.10  17.876  0.017
56399.05  17.550  0.013
56400.08  17.693  0.015
filter u
56383.19  19.368  0.048
56384.15  18.697  0.028
56385.11  18.125  0.025
56386.08  17.733  0.025
56387.11  17.459  0.022
56388.11  17.233  0.022
56389.06  17.071  0.021
56390.05  16.972  0.023
56391.10  16.887  0.021
56393.19  16.948  0.023
56397.05  17.179  0.024
56398.05  17.238  0.026
56407.06  18.503  0.045
56408.15  18.610  0.052
56410.05  18.957  0.040
56411.08  19.097  0.036
56412.07  19.166  0.028
56414.00  19.410  0.035
56415.14  19.662  0.059
56416.02  19.629  0.038
56417.01  19.791  0.040
56418.01  19.825  0.043
56419.01  20.058  0.058
56419.02  20.028  0.053
56420.02  20.022  0.039
56423.08  20.125  0.061
56423.98  20.347  0.048
56426.01  20.418  0.053
56426.99  20.608  0.076
filter V
56383.16  18.693  0.014
56384.12  18.286  0.012
56385.11  17.949  0.013
56386.06  17.697  0.014
56387.11  17.459  0.011
56388.11  17.258  0.012
56389.05  17.122  0.012
56390.06  16.968  0.015
56391.09  16.872  0.013
56393.19  16.774  0.011
56397.04  16.719  0.011
56398.05  16.717  0.013
56399.07  16.761  0.012
56400.02  16.771  0.011
56400.99  16.848  0.015
56406.05  17.165  0.046
56407.06  17.196  0.015
56408.16  17.265  0.014
56409.12  17.347  0.017
56410.03  17.404  0.010
56411.07  17.440  0.011
56414.01  17.646  0.011
56415.11  17.746  0.010
56415.99  17.811  0.011
56417.02  17.847  0.013
56417.98  17.944  0.011
56418.98  18.014  0.011
56419.98  18.114  0.016
56422.05  18.248  0.017
56423.05  18.343  0.012
56423.99  18.391  0.015
56425.99  18.530  0.015
56427.00  18.591  0.017
56436.04  18.965  0.028
56445.98  19.282  0.021
filter Y
56383.11  18.605  0.025
56384.14  18.213  0.020
56385.07  17.947  0.016
56399.10  17.601  0.015
56400.05  17.661  0.014
filter r
56383.17  18.709  0.012
56384.13  18.328  0.012
56385.09  17.967  0.012
56386.07  17.680  0.011
56387.10  17.444  0.009
56388.10  17.252  0.012
56389.05  17.089  0.011
56390.05  16.960  0.013
56391.09  16.893  0.018
56393.18  16.752  0.008
56397.04  16.714  0.013
56398.04  16.669  0.011
56399.06  16.730  0.009
56400.01  16.787  0.010
56400.99  16.856  0.014
56406.03  17.174  0.042
56407.05  17.283  0.013
56408.13  17.372  0.012
56409.11  17.383  0.014
56410.06  17.409  0.009
56411.09  17.433  0.009
56412.06  17.456  0.008
56413.98  17.487  0.009
56415.12  17.529  0.008
56416.01  17.524  0.011
56417.00  17.551  0.009
56418.00  17.601  0.010
56419.00  17.630  0.009
56419.99  17.678  0.012
56422.06  17.803  0.009
56423.06  17.864  0.010
56423.97  17.955  0.012
56426.00  18.086  0.011
56426.97  18.146  0.013
56436.05  18.637  0.020
56445.97  18.984  0.018
