LSQ14xi 0.050743 187.671542 -13.772753
filter B
56711.27  18.963  0.026
56712.32  18.828  0.022
56713.31  18.732  0.018
56717.22  18.461  0.018
56718.26  18.432  0.015
56719.20  18.408  0.020
56720.19  18.428  0.020
56721.23  18.437  0.013
56722.20  18.445  0.016
56723.30  18.488  0.016
56724.22  18.546  0.017
56725.24  18.537  0.018
56726.31  18.613  0.020
56728.30  18.703  0.021
56730.40  18.947  0.036
56736.35  19.512  0.075
56736.36  19.437  0.073
56742.29  20.092  0.053
56744.21  20.286  0.052
56750.23  20.862  0.064
56750.23  20.759  0.061
filter i
56711.26  18.825  0.029
56712.31  18.623  0.021
56713.31  18.570  0.022
56717.22  18.423  0.021
56718.25  18.437  0.024
56719.21  18.441  0.025
56720.18  18.485  0.026
56721.22  18.427  0.023
56722.19  18.464  0.020
56723.31  18.561  0.027
56724.22  18.616  0.027
56725.25  18.576  0.021
56726.32  18.605  0.023
56728.31  18.680  0.028
56730.41  18.617  0.040
56736.34  19.141  0.045
56742.29  19.027  0.030
56744.22  18.985  0.023
56750.22  18.922  0.026
56756.15  19.180  0.032
56763.19  19.678  0.073
56770.16  19.971  0.044
56783.04  20.490  0.064
filter H
56724.19  18.618  0.055
56725.34  18.745  0.072
56728.34  18.751  0.054
56759.23  18.656  0.063
filter r
56711.26  18.615  0.021
56712.31  18.457  0.018
56713.30  18.381  0.015
56717.22  18.123  0.018
56718.25  18.035  0.014
56719.21  18.010  0.017
56720.18  18.059  0.018
56721.22  18.011  0.014
56722.19  17.979  0.013
56723.30  18.007  0.017
56724.22  18.107  0.017
56725.25  18.091  0.016
56726.32  18.095  0.015
56728.30  18.205  0.024
56730.41  18.211  0.020
56736.33  18.547  0.024
56742.28  18.785  0.028
56744.21  18.883  0.027
56750.22  19.046  0.026
56756.15  19.326  0.029
56763.19  19.600  0.070
56770.15  19.959  0.039
56783.05  20.345  0.051
filter V
56711.27  18.838  0.024
56712.32  18.619  0.020
56713.31  18.540  0.017
56717.22  18.267  0.018
56718.25  18.182  0.014
56719.20  18.196  0.017
56720.18  18.212  0.021
56721.22  18.212  0.014
56722.20  18.209  0.016
56723.30  18.228  0.017
56724.22  18.220  0.016
56725.24  18.279  0.017
56726.31  18.269  0.019
56728.30  18.346  0.022
56730.40  18.532  0.032
56736.35  18.774  0.037
56742.29  19.141  0.028
56744.21  19.262  0.025
56750.23  19.775  0.041
56756.16  20.019  0.041
56770.15  20.428  0.061
56783.04  20.617  0.063
filter Y
56711.27  18.498  0.022
56724.16  18.674  0.026
56725.31  18.838  0.028
56728.32  18.882  0.028
56731.15  19.017  0.035
56759.21  18.375  0.021
filter Jrc2
56711.31  18.349  0.020
56724.22  18.479  0.033
56725.37  18.757  0.034
56728.36  18.962  0.035
56731.19  19.237  0.058
56759.24  19.093  0.045
