LSQ13lq 0.075548 206.045042 3.062061
filter B
56364.37  18.267  0.012
56365.35  18.222  0.013
56366.27  18.161  0.014
56367.32  18.110  0.015
56368.29  18.081  0.013
56370.35  18.087  0.012
56371.29  18.068  0.015
56372.31  18.095  0.014
56373.37  18.138  0.011
56374.26  18.163  0.012
56375.23  18.180  0.015
56376.29  18.209  0.015
56377.26  18.279  0.019
56378.29  18.332  0.021
56381.26  18.557  0.017
56382.27  18.600  0.018
56383.31  18.713  0.016
56384.30  18.804  0.020
56385.35  18.922  0.017
56386.37  19.048  0.021
56387.25  19.131  0.018
56389.31  19.378  0.020
56390.16  19.473  0.029
56393.29  19.829  0.024
56397.27  20.211  0.039
56398.28  20.313  0.033
56401.16  20.515  0.061
filter i
56364.36  18.642  0.017
56365.33  18.649  0.017
56366.29  18.615  0.021
56367.34  18.613  0.018
56368.27  18.611  0.017
56369.30  18.618  0.018
56370.37  18.620  0.017
56371.28  18.614  0.017
56372.33  18.668  0.017
56373.35  18.701  0.018
56374.24  18.712  0.017
56375.25  18.739  0.020
56376.28  18.753  0.021
56377.24  18.800  0.025
56378.31  18.872  0.028
56381.29  19.024  0.025
56382.29  19.089  0.020
56383.29  19.174  0.020
56384.33  19.237  0.030
56385.37  19.347  0.029
56386.35  19.385  0.026
56387.24  19.413  0.021
56388.25  19.384  0.018
56389.33  19.470  0.027
56390.18  19.454  0.031
56393.32  19.370  0.020
56397.25  19.310  0.024
56398.30  19.270  0.020
56401.18  19.267  0.020
56404.27  19.281  0.025
56416.22  19.950  0.034
filter H
56371.40  19.066  0.030
56375.30  19.098  0.072
filter J
56371.37  18.793  0.018
56371.39  18.783  0.020
filter r
56364.35  18.395  0.013
56365.33  18.325  0.012
56366.28  18.262  0.012
56367.33  18.177  0.012
56368.27  18.152  0.011
56369.29  18.114  0.010
56370.37  18.113  0.011
56371.27  18.096  0.011
56372.32  18.102  0.013
56373.35  18.119  0.010
56374.24  18.124  0.011
56375.24  18.104  0.018
56376.28  18.170  0.013
56377.23  18.203  0.018
56378.30  18.260  0.022
56381.28  18.392  0.017
56382.28  18.459  0.013
56383.28  18.492  0.012
56384.32  18.566  0.012
56385.36  18.622  0.011
56386.35  18.692  0.013
56387.23  18.730  0.012
56388.24  18.768  0.013
56389.32  18.799  0.012
56390.17  18.825  0.017
56393.31  18.928  0.013
56397.26  19.020  0.015
56398.29  19.069  0.013
56401.17  19.190  0.016
56404.26  19.295  0.023
56416.21  19.863  0.023
filter V
56364.36  18.307  0.011
56365.34  18.239  0.015
56366.28  18.167  0.016
56367.33  18.108  0.012
56368.28  18.097  0.011
56370.35  18.050  0.013
56371.29  18.041  0.012
56372.31  18.073  0.012
56373.36  18.081  0.010
56374.25  18.108  0.012
56375.24  18.123  0.016
56376.29  18.108  0.016
56377.25  18.179  0.016
56378.29  18.186  0.021
56381.27  18.345  0.017
56382.27  18.350  0.015
56383.30  18.461  0.014
56384.31  18.506  0.015
56385.36  18.552  0.013
56386.36  18.551  0.014
56387.24  18.691  0.019
56388.26  18.732  0.017
56389.32  18.835  0.015
56390.16  18.847  0.016
56393.30  19.052  0.018
56397.27  19.273  0.018
56398.27  19.368  0.021
56401.14  19.523  0.025
56404.28  19.814  0.051
56410.28  20.114  0.121
filter Y
56371.38  18.789  0.017
56375.29  19.063  0.029
56375.29  19.063  0.029
56376.34  19.169  0.030
56376.34  19.169  0.030
56378.29  19.223  0.029
56378.29  19.223  0.029
56382.33  19.322  0.043
56382.33  19.322  0.043
56385.31  19.351  0.030
56385.31  19.351  0.030
filter Jrc2
56375.28  19.093  0.034
56375.28  19.093  0.034
56382.34  19.951  0.105
56382.34  19.951  0.105
56385.33  20.133  0.073
56385.33  20.133  0.073
