LSQ12hzj 0.033400 149.801792 -9.002292
filter B
56297.26  16.826  0.010
56298.25  16.772  0.013
56299.26  16.736  0.019
56300.23  16.733  0.016
56301.23  16.716  0.014
56304.25  16.778  0.011
56305.27  16.807  0.011
56306.25  16.860  0.011
56308.23  16.995  0.024
56308.24  16.974  0.017
56309.29  17.035  0.016
56310.21  17.109  0.019
56311.24  17.126  0.036
56312.23  17.335  0.019
56315.24  17.569  0.013
56318.20  17.950  0.017
56322.20  18.499  0.029
56322.22  18.547  0.022
56324.16  18.758  0.023
56325.23  18.806  0.022
56326.22  18.900  0.021
56327.14  19.062  0.017
56329.21  19.156  0.019
56331.22  19.229  0.041
56336.22  19.572  0.044
56343.22  19.772  0.043
56352.11  20.031  0.052
56367.08  20.227  0.079
56370.12  20.194  0.040
filter i
56297.24  17.228  0.013
56298.24  17.231  0.015
56299.25  17.269  0.026
56300.24  17.306  0.024
56301.25  17.351  0.029
56304.27  17.406  0.011
56305.26  17.417  0.015
56306.27  17.480  0.016
56308.25  17.555  0.041
56309.30  17.631  0.044
56310.20  17.702  0.034
56311.23  17.803  0.035
56312.22  17.838  0.025
56315.23  18.000  0.027
56318.19  17.983  0.028
56322.21  17.966  0.021
56324.19  17.948  0.031
56325.24  17.989  0.028
56326.24  17.864  0.024
56327.15  17.948  0.024
56329.20  17.932  0.018
56331.23  17.955  0.040
56336.21  18.173  0.035
56343.21  18.606  0.031
56352.13  18.968  0.061
56360.12  19.350  0.072
56367.07  19.633  0.090
56370.14  19.658  0.062
filter H
56297.28  17.453  0.026
filter r
56297.23  16.891  0.010
56297.23  16.912  0.008
56298.24  16.852  0.007
56299.25  16.817  0.024
56300.24  16.777  0.016
56301.24  16.758  0.025
56304.26  16.753  0.008
56305.26  16.754  0.010
56306.26  16.789  0.012
56308.25  16.874  0.027
56309.29  16.930  0.023
56310.19  16.981  0.021
56311.22  17.081  0.031
56312.21  17.107  0.028
56315.23  17.304  0.016
56318.18  17.393  0.014
56322.21  17.504  0.013
56324.19  17.524  0.018
56325.24  17.616  0.018
56326.24  17.606  0.010
56327.15  17.669  0.017
56329.20  17.708  0.010
56331.23  17.799  0.040
56336.20  18.124  0.034
56343.21  18.485  0.031
56352.12  18.749  0.045
56360.12  18.958  0.064
56367.06  19.240  0.068
56370.13  19.373  0.050
filter V
56297.26  16.900  0.009
56298.25  16.843  0.013
56299.26  16.804  0.025
56300.23  16.784  0.014
56301.24  16.752  0.019
56304.26  16.744  0.013
56305.26  16.780  0.010
56306.25  16.810  0.009
56308.24  16.903  0.017
56309.28  16.950  0.016
56310.20  16.981  0.019
56311.23  17.040  0.024
56312.23  17.078  0.022
56315.23  17.227  0.014
56318.19  17.462  0.016
56322.19  17.726  0.018
56324.17  17.938  0.028
56325.23  17.918  0.017
56326.23  17.945  0.013
56327.14  18.033  0.016
56329.21  18.168  0.019
56331.23  18.303  0.033
56336.21  18.610  0.032
56343.22  18.919  0.028
56352.12  19.224  0.043
56367.08  19.467  0.069
56370.13  19.529  0.042
filter Y
56297.26  17.154  0.020
56327.25  17.517  0.025
56352.13  18.105  0.022
filter Jrc2
56297.30  17.245  0.028
56320.17  18.833  0.074
56327.30  18.443  0.037
