LSQ12gyc 0.093136 41.458625 -17.929372
filter i
56265.27  19.187  0.027
56266.09  19.247  0.018
56267.12  19.237  0.019
56268.17  19.247  0.018
56269.22  19.260  0.018
56270.18  19.291  0.017
56272.13  19.301  0.021
56276.14  19.466  0.020
filter r
56265.27  18.807  0.014
56266.09  18.779  0.011
56267.11  18.792  0.011
56268.16  18.789  0.010
56269.21  18.780  0.012
56270.17  18.788  0.009
56270.18  18.792  0.010
56272.12  18.835  0.013
56276.13  18.983  0.010
filter B
56265.29  18.806  0.020
56266.11  18.818  0.013
56267.13  18.801  0.010
56268.15  18.844  0.010
56269.19  18.888  0.014
56270.15  18.919  0.011
56272.14  19.032  0.011
56276.11  19.244  0.011
filter V
56265.28  18.760  0.016
56266.10  18.742  0.012
56267.13  18.781  0.012
56268.15  18.765  0.011
56269.20  18.760  0.013
56270.16  18.775  0.011
56272.13  18.837  0.014
56276.12  18.982  0.011
