LSQ14gov 0.089538 61.505542 -16.028192
filter B
57018.20  19.268  0.017
57019.18  19.119  0.016
57020.22  18.985  0.015
57021.17  18.842  0.019
57022.20  18.761  0.020
57023.24  18.731  0.023
57024.22  18.713  0.029
57024.22  18.730  0.028
57025.16  18.666  0.024
57026.14  18.581  0.025
57028.19  18.607  0.041
57028.19  18.635  0.035
57029.15  18.593  0.021
57030.21  18.642  0.020
57031.21  18.674  0.019
57032.13  18.717  0.016
57033.18  18.785  0.016
57034.21  18.850  0.020
57035.14  18.852  0.012
57036.11  18.953  0.014
57037.15  18.996  0.015
57038.12  19.055  0.016
57039.22  19.141  0.017
57041.16  19.320  0.016
57042.16  19.405  0.017
57044.16  19.630  0.018
57046.14  19.819  0.021
57048.14  20.093  0.028
filter g
57030.20  18.562  0.014
57031.19  18.609  0.012
57032.12  18.613  0.016
57033.20  18.703  0.012
57034.23  18.735  0.011
filter i
57018.19  19.490  0.026
57019.20  19.352  0.023
57020.21  19.304  0.031
57021.18  19.157  0.019
57022.21  19.121  0.030
57023.25  19.141  0.035
57024.20  19.119  0.027
57024.21  19.151  0.036
57025.17  19.165  0.031
57026.16  19.092  0.029
57028.18  19.183  0.063
57028.18  19.098  0.086
57029.17  19.122  0.027
57031.20  19.131  0.021
57032.12  19.177  0.019
57033.20  19.186  0.021
57034.23  19.266  0.023
57035.16  19.245  0.019
57036.12  19.309  0.025
57037.14  19.339  0.025
57038.13  19.436  0.026
57039.23  19.506  0.038
57041.15  19.662  0.037
57042.18  19.703  0.029
57044.15  19.790  0.026
57046.13  19.834  0.028
57048.15  19.880  0.031
57057.14  19.741  0.048
filter H
57024.23  19.460  0.159
filter r
57018.18  19.345  0.017
57019.20  19.166  0.014
57020.21  19.053  0.015
57021.19  18.908  0.016
57022.21  18.831  0.020
57023.25  18.738  0.026
57024.20  18.719  0.022
57024.20  18.744  0.023
57025.17  18.668  0.016
57026.16  18.653  0.020
57028.18  18.719  0.083
57028.18  18.644  0.060
57029.16  18.599  0.015
57030.19  18.589  0.013
57031.19  18.634  0.014
57032.11  18.630  0.012
57033.19  18.659  0.015
57034.22  18.698  0.013
57035.15  18.735  0.011
57036.12  18.741  0.012
57037.14  18.799  0.015
57038.13  18.813  0.014
57039.22  18.896  0.016
57041.15  19.012  0.014
57042.17  19.053  0.012
57044.14  19.198  0.016
57046.12  19.286  0.016
57048.15  19.379  0.016
57057.14  19.592  0.036
filter V
57018.19  19.219  0.018
57019.19  19.067  0.016
57020.22  18.927  0.016
57021.17  18.842  0.019
57022.20  18.780  0.019
57023.24  18.725  0.026
57024.21  18.633  0.025
57024.21  18.628  0.030
57025.17  18.625  0.024
57026.15  18.585  0.025
57028.19  18.500  0.070
57028.19  18.564  0.049
57029.16  18.560  0.020
57030.20  18.527  0.018
57031.20  18.595  0.016
57032.13  18.587  0.016
57033.18  18.628  0.014
57034.22  18.662  0.013
57035.13  18.702  0.012
57036.12  18.745  0.016
57037.15  18.769  0.015
57038.13  18.809  0.016
57039.22  18.880  0.018
57041.16  18.984  0.015
57042.17  19.018  0.015
57044.15  19.123  0.016
57046.13  19.269  0.017
57048.14  19.403  0.017
57057.15  19.910  0.075
filter Y
57021.17  19.088  0.032
57022.11  18.927  0.039
57023.13  18.995  0.049
57024.21  19.111  0.037
57031.12  19.312  0.057
57032.08  19.508  0.058
filter Jrc2
57022.09  19.028  0.037
57023.15  19.173  0.050
