LSQ12cda 0.137495 207.509667 9.629750
filter B
56048.26  20.720  0.051
56049.31  20.769  0.057
56056.18  21.325  0.124
56056.19  21.450  0.154
56057.17  21.683  0.122
56057.18  21.729  0.134
56058.21  21.829  0.127
56059.20  21.694  0.083
filter g
56048.29  20.387  0.031
56049.32  20.493  0.036
56050.22  20.476  0.082
56052.16  20.727  0.158
56052.17  20.823  0.141
56052.17  20.616  0.140
56052.18  20.486  0.116
56053.11  20.430  0.137
56053.11  20.556  0.162
56053.11  20.706  0.191
56053.12  20.415  0.118
56056.20  21.073  0.076
56056.20  21.079  0.088
56057.19  21.195  0.065
56057.20  21.230  0.071
56058.23  21.349  0.090
56059.17  21.401  0.035
filter i
56048.28  20.106  0.061
56049.31  20.218  0.074
56050.23  20.202  0.089
56052.20  20.330  0.140
56052.21  20.519  0.142
56052.21  20.327  0.134
56053.14  20.753  0.194
56053.15  20.319  0.122
56056.23  20.675  0.074
56056.24  20.641  0.068
56057.22  20.956  0.088
56057.23  20.740  0.079
56058.24  20.898  0.081
56059.15  20.764  0.043
filter r
56048.28  20.055  0.032
56049.32  20.058  0.043
56050.22  20.065  0.065
56052.18  20.142  0.098
56052.18  20.211  0.097
56052.19  20.273  0.093
56052.19  20.188  0.095
56053.12  20.391  0.116
56053.13  20.148  0.091
56053.13  20.087  0.083
56053.14  20.200  0.100
56056.21  20.563  0.058
56056.22  20.526  0.048
56057.21  20.508  0.045
56057.21  20.496  0.041
56058.24  20.570  0.048
56059.18  20.671  0.033
filter V
56048.26  20.171  0.043
56049.29  20.231  0.053
56050.24  20.073  0.086
56052.22  20.305  0.142
56052.22  20.344  0.162
56052.22  20.514  0.179
56052.23  20.265  0.140
56053.16  20.663  0.178
56053.16  20.396  0.145
56053.17  20.536  0.152
56056.16  20.737  0.065
56056.17  20.748  0.072
56057.16  21.003  0.069
56057.16  20.883  0.059
56058.22  21.226  0.105
56059.19  21.097  0.058
filter Y
56050.15  20.079  0.051
56050.16  20.107  0.065
56050.17  20.027  0.062
56050.19  20.064  0.052
56050.21  20.146  0.067
56050.22  20.100  0.057
56055.12  20.365  0.178
56058.18  20.148  0.048
56059.14  20.077  0.042
