LSQ12gpw 0.050565 48.242667 -11.711147
filter i
56268.22  17.991  0.010
56269.27  18.023  0.014
56270.23  17.988  0.011
56271.20  18.020  0.014
56272.23  18.037  0.013
56273.19  18.041  0.010
56274.15  18.083  0.014
56275.17  18.076  0.013
56276.20  18.120  0.013
56277.23  18.168  0.015
56282.17  18.225  0.010
56288.22  18.302  0.018
filter B
56268.21  17.653  0.010
56269.26  17.665  0.011
56270.22  17.674  0.010
56271.18  17.686  0.009
56272.21  17.694  0.010
56273.20  17.715  0.010
56274.14  17.767  0.009
56275.16  17.799  0.011
56276.21  17.834  0.012
56277.24  17.885  0.011
56282.19  18.209  0.011
56288.19  18.674  0.026
filter r
56268.22  17.603  0.007
56269.27  17.609  0.010
56270.23  17.601  0.009
56271.19  17.584  0.011
56272.22  17.631  0.009
56273.19  17.651  0.009
56274.15  17.677  0.009
56275.17  17.680  0.011
56276.20  17.715  0.010
56277.22  17.738  0.013
56282.17  17.859  0.010
56288.21  17.986  0.015
filter V
56268.21  17.544  0.008
56269.26  17.546  0.010
56270.22  17.543  0.010
56271.19  17.549  0.010
56272.22  17.554  0.010
56273.20  17.576  0.010
56274.15  17.589  0.010
56275.16  17.616  0.010
56276.21  17.635  0.010
56277.23  17.686  0.012
56282.18  17.806  0.011
56288.20  18.077  0.035
56288.20  18.097  0.018
