LSQ14fms 0.077946 3.749250 -51.210983
filter B
56927.14  19.101  0.016
56928.14  19.085  0.014
56929.16  19.063  0.017
56930.11  19.037  0.016
56931.16  19.129  0.019
56932.18  19.139  0.022
56936.12  19.409  0.047
56937.16  19.497  0.048
56938.17  19.652  0.122
56938.17  19.630  0.098
56939.17  19.695  0.065
56940.14  19.807  0.059
56941.13  19.932  0.052
56942.13  20.071  0.034
56943.09  20.207  0.027
56944.11  20.366  0.027
56948.07  20.795  0.032
56949.14  20.852  0.039
56950.11  21.077  0.039
56955.21  21.489  0.078
56958.16  21.832  0.098
filter i
56927.15  19.193  0.026
56928.13  19.152  0.020
56929.16  19.200  0.026
56930.13  19.172  0.021
56931.15  19.217  0.026
56932.19  19.188  0.019
56936.11  19.303  0.032
56937.14  19.303  0.034
56938.16  19.324  0.064
56938.16  19.387  0.064
56939.16  19.496  0.050
56940.13  19.519  0.037
56941.14  19.660  0.049
56942.14  19.561  0.033
56943.08  19.582  0.031
56944.12  19.586  0.029
56948.06  19.590  0.031
56949.12  19.556  0.026
56949.13  19.522  0.023
56950.10  19.537  0.027
56955.20  19.557  0.033
56958.15  19.712  0.034
filter r
56927.15  18.892  0.014
56928.13  18.862  0.015
56929.15  18.785  0.013
56930.12  18.760  0.013
56931.15  18.780  0.016
56932.18  18.777  0.014
56936.12  18.802  0.018
56937.15  18.834  0.023
56938.16  18.886  0.048
56938.16  18.978  0.049
56939.16  18.967  0.028
56940.13  18.976  0.026
56941.13  19.093  0.027
56942.14  19.128  0.021
56943.08  19.168  0.019
56944.12  19.233  0.017
56948.05  19.469  0.022
56949.12  19.524  0.022
56950.10  19.498  0.020
56955.20  19.761  0.025
56958.15  20.025  0.030
filter V
56927.14  18.983  0.016
56928.14  18.962  0.015
56929.16  18.923  0.014
56930.12  18.872  0.016
56931.16  18.935  0.016
56932.18  18.914  0.017
56936.12  19.030  0.033
56937.15  19.016  0.030
56938.16  19.094  0.057
56938.17  19.079  0.056
56939.16  19.144  0.038
56940.14  19.280  0.039
56941.13  19.285  0.038
56942.14  19.344  0.025
56943.09  19.440  0.023
56944.11  19.554  0.020
56948.06  19.878  0.020
56949.13  19.969  0.024
56950.11  20.051  0.026
56955.22  20.422  0.037
56958.15  20.722  0.059
filter Y
56929.19  19.113  0.071
56931.19  19.148  0.054
56943.99  19.236  0.077
filter Jrc2
56931.22  19.420  0.107
