LSQ12cfx 0.037941 209.920667 -25.380828
filter B
56057.310 20.662 0.101
56057.310 20.713 0.102
56058.280 20.709 0.057
56059.220 20.809 0.040
filter H
56058.249 18.260 0.027
56059.228 18.256 0.034
filter J
56058.270 18.325 0.014
56059.265 18.365 0.018
filter V
56057.320 19.251 0.027
56057.330 19.212 0.028
56058.270 19.311 0.022
56059.230 19.395 0.017
filter Y
56058.230 18.040 0.010
56059.210 18.016 0.011
filter g
56057.270 19.891 0.032
56057.280 19.874 0.040
56058.250 20.061 0.026
56059.240 20.197 0.024
filter i
56057.290 18.821 0.021
56058.270 18.811 0.019
56059.250 18.840 0.020
filter r
56057.280 18.742 0.018
56058.260 18.805 0.013
56059.250 18.834 0.013
