LSQ14wp 0.069452 153.523833 6.675150
filter B
56709.20  18.287  0.022
56710.21  18.173  0.016
56711.18  18.096  0.017
56712.19  18.022  0.014
56713.20  18.021  0.012
56714.13  17.983  0.014
56715.29  17.950  0.013
56717.17  17.874  0.016
56718.17  17.927  0.012
56719.09  17.960  0.011
56720.11  18.001  0.013
56721.15  18.020  0.012
56722.11  18.079  0.013
56723.09  18.112  0.015
56724.13  18.163  0.013
56725.13  18.259  0.020
56726.11  18.274  0.020
56727.08  18.298  0.018
56728.12  18.376  0.022
56734.09  18.901  0.047
56736.11  19.242  0.044
56741.10  19.658  0.024
56768.00  21.084  0.047
56773.01  21.274  0.051
56783.01  21.140  0.151
56783.01  21.117  0.126
filter g
56709.19  18.265  0.015
56710.20  18.155  0.012
56711.18  18.055  0.011
56712.19  18.026  0.009
56713.19  17.953  0.010
56714.13  17.941  0.008
56715.30  17.936  0.008
56717.15  17.871  0.010
56718.16  17.876  0.009
56719.10  17.919  0.009
56720.10  17.921  0.008
56721.16  17.960  0.010
56722.12  17.981  0.009
56723.09  18.026  0.010
56724.13  18.078  0.008
56725.12  18.160  0.012
56726.12  18.200  0.010
56727.09  18.267  0.014
56728.10  18.287  0.016
56734.04  18.766  0.028
56734.05  18.780  0.029
56734.05  18.697  0.028
56736.13  18.976  0.028
56741.11  19.461  0.014
56768.03  20.850  0.026
56773.02  20.869  0.028
56782.99  20.894  0.041
filter i
56709.19  18.636  0.027
56710.20  18.584  0.026
56711.17  18.564  0.023
56712.18  18.535  0.018
56713.19  18.532  0.021
56714.13  18.542  0.022
56715.29  18.535  0.016
56717.16  18.527  0.021
56718.16  18.519  0.026
56719.11  18.617  0.022
56720.10  18.584  0.022
56721.16  18.628  0.021
56722.13  18.606  0.024
56723.10  18.627  0.023
56724.14  18.834  0.024
56725.12  18.759  0.028
56726.12  18.811  0.021
56727.09  18.969  0.025
56728.10  19.003  0.028
56734.06  19.312  0.044
56734.06  19.231  0.051
56736.12  19.274  0.038
56741.12  19.395  0.027
56742.07  19.285  0.025
56743.07  19.334  0.025
56744.09  19.309  0.022
56745.08  19.250  0.023
56749.08  19.211  0.019
56750.11  19.296  0.027
56751.10  19.175  0.024
56752.07  19.261  0.026
56753.07  19.346  0.029
56754.07  19.322  0.033
56754.08  19.218  0.023
56755.10  19.221  0.035
56755.11  19.334  0.028
56756.04  19.324  0.033
56761.04  19.610  0.059
56761.04  19.690  0.057
56768.01  20.022  0.038
56773.04  20.258  0.046
56782.97  20.677  0.063
filter H
56709.22  18.780  0.044
56710.23  18.750  0.043
filter r
56709.19  18.396  0.021
56710.20  18.305  0.021
56711.17  18.244  0.014
56712.18  18.172  0.013
56713.18  18.107  0.012
56714.13  18.042  0.011
56715.29  18.048  0.011
56717.15  17.992  0.014
56718.16  17.939  0.014
56719.10  17.972  0.011
56720.10  18.005  0.014
56721.16  18.003  0.011
56722.12  18.017  0.011
56723.10  18.043  0.011
56724.14  18.116  0.013
56725.12  18.132  0.015
56726.12  18.166  0.012
56727.09  18.223  0.018
56728.10  18.260  0.018
56734.05  18.510  0.029
56734.06  18.542  0.034
56736.12  18.606  0.019
56741.11  18.799  0.019
56742.07  18.884  0.020
56743.07  18.807  0.018
56744.08  18.945  0.020
56745.07  18.945  0.014
56749.09  19.090  0.017
56750.10  19.131  0.020
56751.09  19.089  0.022
56752.07  19.168  0.017
56753.08  19.288  0.021
56754.09  19.217  0.025
56755.09  19.419  0.045
56755.10  19.308  0.026
56756.03  19.383  0.026
56761.04  19.579  0.056
56761.04  19.606  0.057
56768.02  19.868  0.025
56773.03  20.093  0.027
56782.98  20.192  0.047
filter u
56709.19  18.494  0.036
56709.19  18.598  0.037
56710.20  18.465  0.019
56711.18  18.384  0.016
56712.19  18.307  0.014
56713.19  18.272  0.016
56714.13  18.274  0.019
56714.14  18.304  0.018
56715.30  18.291  0.017
56717.16  18.369  0.015
56718.16  18.411  0.021
56719.11  18.479  0.019
56720.11  18.601  0.016
56721.16  18.641  0.022
56722.13  18.737  0.022
56723.10  18.831  0.025
56724.14  18.963  0.023
56725.13  19.060  0.029
56726.13  19.160  0.031
56727.10  19.291  0.034
56728.11  19.413  0.039
56734.06  20.322  0.152
56734.07  20.248  0.119
56734.07  20.053  0.116
56736.13  20.387  0.155
filter V
56709.19  18.308  0.024
56710.21  18.183  0.015
56711.18  18.129  0.016
56712.19  18.069  0.013
56713.20  17.997  0.013
56714.12  18.009  0.014
56714.13  18.013  0.012
56715.29  17.988  0.011
56717.16  17.900  0.013
56718.17  17.934  0.013
56719.09  17.926  0.013
56720.11  17.961  0.014
56721.15  17.983  0.011
56722.12  18.001  0.012
56723.09  18.061  0.013
56724.13  18.072  0.012
56725.13  18.119  0.016
56726.12  18.123  0.014
56727.08  18.215  0.018
56728.11  18.221  0.016
56734.08  18.502  0.037
56734.09  18.500  0.032
56736.11  18.694  0.027
56741.10  18.972  0.017
56761.04  19.898  0.096
56768.00  20.271  0.031
56773.02  20.477  0.029
56782.99  20.426  0.054
56783.00  20.416  0.056
filter Y
56709.20  18.687  0.031
56710.21  18.610  0.019
56711.22  18.518  0.018
56724.09  19.140  0.025
56726.06  19.280  0.024
filter Jrc2
56709.24  18.710  0.027
56710.25  18.531  0.025
56711.24  18.527  0.022
56724.12  19.260  0.031
