LSQ13dsm 0.042371 53.303458 -26.206672
filter B
56658.07  18.820  0.020
56659.14  18.439  0.012
56660.10  18.248  0.012
56661.10  18.009  0.009
56662.16  17.828  0.010
56663.14  17.695  0.011
56664.14  17.557  0.012
56665.10  17.433  0.010
56666.05  17.385  0.011
56667.06  17.336  0.013
56668.04  17.318  0.012
56669.08  17.275  0.012
56670.15  17.280  0.012
56671.09  17.286  0.013
56672.15  17.307  0.020
56673.12  17.361  0.016
56675.15  17.428  0.017
56676.15  17.560  0.016
56677.07  17.627  0.014
56678.14  17.722  0.016
56679.03  17.845  0.021
56680.10  17.936  0.014
56681.07  18.042  0.023
56682.18  18.207  0.014
56684.10  18.446  0.015
56685.10  18.572  0.016
56686.11  18.697  0.016
56687.09  18.800  0.016
56688.12  18.962  0.021
56689.05  19.141  0.022
56690.13  19.260  0.022
56691.10  19.304  0.021
56693.06  19.472  0.031
56695.08  19.644  0.033
56697.06  19.738  0.038
56698.09  19.851  0.053
56699.07  19.899  0.058
56701.08  20.053  0.064
56705.08  20.258  0.071
56707.06  20.267  0.040
56708.09  20.328  0.043
56709.08  20.466  0.035
56711.08  20.555  0.040
56713.09  20.654  0.051
filter g
56658.08  18.726  0.016
56659.12  18.413  0.009
56660.08  18.179  0.008
56661.08  17.958  0.010
56662.17  17.768  0.008
56663.13  17.648  0.008
56664.13  17.522  0.009
56665.09  17.414  0.009
56666.04  17.354  0.011
56667.04  17.295  0.009
56668.04  17.265  0.008
56669.07  17.224  0.010
56670.16  17.220  0.009
56671.08  17.227  0.009
56672.14  17.271  0.013
56673.12  17.271  0.010
56675.14  17.354  0.010
56676.13  17.418  0.010
56677.06  17.486  0.012
56678.13  17.564  0.010
56679.03  17.630  0.012
56680.09  17.742  0.009
56681.07  17.821  0.013
56682.17  17.974  0.008
56684.11  18.188  0.009
56685.11  18.287  0.012
56686.12  18.398  0.011
56687.09  18.509  0.013
56688.13  18.623  0.014
56689.05  18.722  0.015
56690.10  18.832  0.013
56691.07  18.957  0.020
56693.04  19.124  0.015
56695.09  19.278  0.018
56697.05  19.435  0.021
56698.08  19.547  0.026
56699.06  19.602  0.025
56701.07  19.706  0.033
56705.07  19.944  0.035
56707.05  19.965  0.018
56708.08  20.046  0.019
56709.08  20.111  0.020
56711.08  20.157  0.021
56713.08  20.114  0.030
filter i
56658.09  19.026  0.029
56659.11  18.820  0.027
56660.08  18.392  0.017
56661.08  18.271  0.019
56662.17  18.123  0.019
56663.12  17.938  0.013
56664.13  17.828  0.015
56665.09  17.764  0.015
56666.04  17.727  0.016
56667.05  17.717  0.015
56668.04  17.735  0.014
56669.07  17.765  0.015
56670.16  17.821  0.014
56671.08  17.822  0.015
56672.15  17.873  0.024
56673.13  17.844  0.021
56675.14  17.948  0.023
56676.14  17.999  0.020
56677.06  18.029  0.017
56678.13  18.105  0.018
56679.03  18.127  0.021
56680.09  18.239  0.020
56681.07  18.350  0.033
56682.17  18.398  0.015
56684.11  18.458  0.020
56685.11  18.444  0.020
56686.12  18.443  0.021
56687.10  18.368  0.018
56688.13  18.423  0.024
56689.05  18.376  0.019
56690.11  18.373  0.022
56690.12  18.361  0.013
56691.08  18.358  0.023
56693.05  18.335  0.019
56695.08  18.346  0.019
56697.05  18.364  0.019
56698.08  18.347  0.021
56699.06  18.415  0.019
56701.08  18.512  0.019
56705.08  18.826  0.024
56707.05  18.989  0.021
56708.08  19.028  0.026
56709.07  19.025  0.021
56711.07  19.205  0.026
56713.08  19.354  0.036
filter H
56666.11  17.572  0.101
56668.05  17.621  0.067
56668.06  17.773  0.046
filter r
56658.08  18.872  0.021
56659.11  18.571  0.015
56660.08  18.289  0.011
56661.08  18.086  0.012
56662.17  17.902  0.011
56663.13  17.765  0.009
56664.13  17.657  0.012
56665.09  17.574  0.014
56666.04  17.466  0.012
56667.04  17.404  0.010
56668.04  17.386  0.010
56669.07  17.345  0.011
56670.16  17.349  0.011
56671.08  17.329  0.012
56672.14  17.330  0.015
56673.13  17.325  0.011
56675.14  17.369  0.012
56676.14  17.410  0.013
56677.06  17.436  0.012
56678.13  17.506  0.014
56679.03  17.521  0.011
56680.09  17.602  0.013
56681.07  17.646  0.017
56682.17  17.722  0.011
56684.11  17.827  0.010
56685.11  17.860  0.010
56686.12  17.896  0.011
56687.09  17.931  0.012
56688.13  17.978  0.011
56689.05  18.007  0.013
56690.10  18.036  0.012
56691.07  18.071  0.015
56693.05  18.159  0.014
56695.08  18.188  0.015
56697.05  18.298  0.017
56698.08  18.389  0.015
56699.06  18.429  0.017
56701.07  18.604  0.025
56703.11  18.674  0.034
56705.07  18.816  0.021
56707.05  18.949  0.017
56708.07  18.972  0.015
56709.07  18.984  0.018
56711.07  19.043  0.017
56713.07  19.162  0.017
filter u
56658.09  19.621  0.033
56659.12  19.133  0.021
56660.09  18.747  0.018
56661.09  18.456  0.015
56662.18  18.221  0.014
56663.13  18.039  0.012
56664.14  17.914  0.014
56665.10  17.845  0.014
56666.04  17.782  0.014
56667.05  17.744  0.015
56668.05  17.774  0.015
56669.07  17.764  0.016
56670.16  17.827  0.017
56671.08  17.916  0.021
56672.16  18.001  0.029
56673.13  18.145  0.026
56675.15  18.378  0.028
56676.14  18.488  0.025
56677.07  18.669  0.018
56678.13  18.800  0.021
56679.04  18.978  0.022
56680.09  19.145  0.024
56681.08  19.272  0.039
56682.18  19.408  0.025
56684.12  19.688  0.040
56685.12  19.917  0.037
56686.13  19.986  0.031
56687.10  20.173  0.034
56688.14  20.325  0.047
56689.06  20.414  0.040
56690.11  20.478  0.043
56691.08  20.648  0.054
filter V
56658.08  18.809  0.021
56659.13  18.610  0.019
56660.09  18.287  0.012
56661.10  18.091  0.012
56662.16  17.898  0.011
56663.14  17.787  0.012
56664.14  17.635  0.011
56665.10  17.556  0.011
56666.05  17.475  0.013
56667.05  17.403  0.013
56668.03  17.368  0.012
56669.08  17.371  0.011
56670.15  17.334  0.013
56671.09  17.323  0.012
56672.15  17.345  0.022
56673.12  17.335  0.015
56675.15  17.393  0.015
56676.15  17.443  0.012
56677.07  17.472  0.014
56678.14  17.477  0.014
56679.03  17.555  0.019
56680.10  17.587  0.013
56681.07  17.685  0.016
56682.18  17.756  0.011
56684.11  17.906  0.012
56685.11  17.954  0.012
56686.12  18.045  0.013
56687.09  18.074  0.014
56688.13  18.212  0.016
56689.05  18.289  0.016
56690.13  18.334  0.015
56691.09  18.418  0.017
56693.05  18.553  0.015
56695.07  18.669  0.018
56697.06  18.825  0.018
56698.08  18.917  0.021
56699.07  18.989  0.022
56701.08  19.017  0.038
56703.10  19.272  0.067
56705.08  19.300  0.038
56707.06  19.390  0.023
56708.08  19.544  0.026
56709.08  19.492  0.025
56711.08  19.590  0.025
56713.08  19.644  0.032
filter Y
56666.06  17.852  0.166
56668.04  17.865  0.165
56671.04  18.049  0.166
56675.03  18.317  0.167
56678.02  18.469  0.168
filter Jrc2
56666.07  17.586  0.057
56666.07  17.571  0.057
56668.09  17.677  0.056
56671.08  17.824  0.056
56675.08  18.129  0.059
56678.07  18.573  0.060
