LSQ15aae 0.051564 247.565417 5.932981
filter B
57110.40  18.255  0.010
57111.39  18.194  0.011
57112.39  18.154  0.009
57113.40  18.101  0.009
57117.41  18.123  0.018
57118.36  18.117  0.016
57119.39  18.150  0.018
57122.35  18.324  0.014
57123.37  18.381  0.014
57125.38  18.532  0.014
57126.34  18.578  0.015
57129.33  18.838  0.014
57130.35  18.965  0.015
57131.35  19.035  0.016
57132.33  19.172  0.023
57134.36  19.380  0.016
57135.40  19.495  0.019
57136.35  19.582  0.015
57137.37  19.678  0.016
57138.32  19.738  0.016
57139.31  19.808  0.019
57140.31  19.969  0.019
57141.25  19.995  0.028
57142.33  20.061  0.029
57143.27  20.125  0.056
57146.32  20.345  0.161
57146.32  20.221  0.157
filter g
57110.39  18.158  0.009
57111.41  18.073  0.011
57112.38  18.025  0.008
57113.38  17.977  0.010
57117.40  17.988  0.015
57118.32  17.967  0.019
57118.32  17.974  0.021
57119.37  18.054  0.013
57122.33  18.127  0.012
57123.36  18.203  0.012
57125.36  18.292  0.011
57125.36  18.305  0.011
57126.32  18.360  0.011
57129.34  18.594  0.009
57130.33  18.675  0.011
57131.32  18.757  0.015
57132.31  18.823  0.014
57134.35  19.008  0.013
57135.39  19.114  0.014
57136.36  19.167  0.012
57137.38  19.271  0.014
57138.30  19.323  0.013
57139.30  19.430  0.014
57140.28  19.487  0.012
57141.28  19.571  0.023
57142.31  19.617  0.024
57143.26  19.711  0.032
57144.31  19.628  0.065
57144.31  19.706  0.088
57145.27  19.753  0.098
57145.28  19.830  0.075
57146.30  20.040  0.150
57146.30  19.877  0.111
57151.32  20.218  0.054
57152.32  20.207  0.041
57153.31  20.346  0.040
57154.26  20.362  0.031
57155.32  20.395  0.026
57156.31  20.622  0.031
57158.27  20.560  0.024
57160.34  20.670  0.026
57162.27  20.718  0.034
57164.24  20.726  0.044
57166.28  20.801  0.028
57180.22  20.932  0.065
57181.28  20.860  0.071
filter i
57110.39  18.325  0.017
57111.42  18.244  0.022
57112.38  18.276  0.016
57113.39  18.258  0.020
57117.40  18.347  0.022
57118.32  18.344  0.034
57118.33  18.350  0.029
57119.37  18.360  0.020
57122.34  18.405  0.019
57123.36  18.473  0.019
57126.32  18.651  0.020
57129.35  18.874  0.020
57130.33  18.928  0.022
57132.32  18.962  0.034
57134.35  18.967  0.026
57135.40  18.970  0.026
57136.37  19.022  0.024
57137.39  18.916  0.020
57138.31  18.883  0.021
57139.30  18.911  0.020
57142.32  18.852  0.022
57143.26  18.845  0.020
57144.32  18.944  0.040
57144.32  18.834  0.039
57145.28  18.812  0.025
57146.31  18.761  0.036
57146.31  18.741  0.036
57151.33  18.948  0.027
57156.32  19.291  0.044
filter r
57110.38  18.133  0.012
57111.41  18.077  0.014
57112.37  18.013  0.010
57113.38  17.966  0.014
57117.39  17.829  0.013
57118.31  17.846  0.016
57118.32  17.817  0.022
57119.36  17.865  0.013
57122.33  17.883  0.014
57123.35  17.919  0.013
57125.36  18.010  0.011
57126.32  18.034  0.011
57129.34  18.206  0.010
57130.32  18.267  0.009
57132.31  18.355  0.012
57134.35  18.438  0.013
57135.39  18.453  0.014
57136.37  18.511  0.014
57137.39  18.514  0.012
57138.30  18.556  0.017
57139.29  18.554  0.013
57141.26  18.637  0.025
57142.31  18.678  0.022
57143.25  18.629  0.017
57144.31  18.726  0.039
57144.31  18.654  0.035
57145.27  18.833  0.041
57145.27  18.736  0.032
57146.29  18.795  0.038
57146.30  18.770  0.037
57151.33  19.044  0.023
57152.33  19.032  0.026
57181.28  20.127  0.041
filter u
57110.39  18.889  0.023
57111.41  18.876  0.026
57112.39  18.783  0.021
57113.39  18.784  0.020
57117.40  18.869  0.048
57118.34  18.906  0.037
57119.38  19.079  0.048
57122.34  19.353  0.043
57123.36  19.464  0.048
57125.37  19.652  0.039
57126.33  19.741  0.035
57129.35  20.140  0.040
57130.34  20.361  0.056
57131.34  20.531  0.056
57132.32  20.624  0.114
filter V
57110.40  18.189  0.011
57111.40  18.127  0.013
57112.39  18.072  0.011
57113.40  18.015  0.011
57117.41  18.024  0.020
57118.34  17.978  0.018
57119.38  17.989  0.017
57122.35  18.061  0.017
57123.37  18.106  0.014
57125.38  18.165  0.015
57126.34  18.215  0.013
57129.33  18.344  0.012
57130.35  18.417  0.011
57131.34  18.486  0.015
57132.33  18.532  0.019
57134.36  18.649  0.017
57135.40  18.697  0.016
57136.36  18.764  0.016
57137.38  18.823  0.017
57138.31  18.846  0.015
57139.30  18.938  0.016
57140.29  18.988  0.016
57141.26  19.024  0.021
57142.32  19.082  0.019
57143.27  19.158  0.029
57144.32  19.192  0.061
57144.33  19.159  0.064
57145.28  19.191  0.063
57145.29  19.237  0.046
57146.31  19.220  0.067
57146.32  19.236  0.066
57151.32  19.554  0.039
57152.32  19.659  0.030
57153.31  19.713  0.036
57154.27  19.757  0.037
57155.31  19.874  0.032
57156.30  19.940  0.029
57158.29  20.030  0.027
57160.32  20.048  0.027
57162.28  20.157  0.027
57164.25  20.256  0.027
57166.30  20.181  0.027
57180.20  20.480  0.049
57181.30  20.509  0.060
filter Y
57111.40  18.137  0.014
57112.39  18.157  0.027
57113.37  18.163  0.021
57114.32  18.222  0.024
57115.36  18.284  0.021
57120.33  18.537  0.023
57138.29  18.477  0.016
