LSQ11bk 0.040272 65.184375 -8.598819
filter B
55911.18  17.229  0.014
55912.19  17.229  0.016
55913.20  17.248  0.015
55914.21  17.281  0.014
55915.15  17.294  0.014
55916.16  17.344  0.013
55917.17  17.374  0.014
55918.13  17.411  0.014
55922.16  17.659  0.014
55923.12  17.724  0.015
55924.18  17.804  0.019
55925.13  17.890  0.015
55926.09  17.974  0.013
55927.15  18.057  0.014
55928.17  18.194  0.021
55929.14  18.275  0.017
55931.12  18.465  0.021
55932.12  18.577  0.022
55933.09  18.645  0.025
55934.10  18.795  0.026
55935.12  18.877  0.034
55937.12  19.016  0.029
55938.14  19.114  0.027
55939.12  19.197  0.031
55940.13  19.249  0.029
55941.11  19.369  0.029
55942.11  19.411  0.032
55944.06  19.573  0.051
55945.13  19.620  0.029
55948.07  19.819  0.035
55953.16  19.992  0.032
55955.15  20.078  0.046
filter g
55911.16  17.145  0.010
55912.22  17.158  0.011
55913.18  17.173  0.011
55914.19  17.189  0.009
55915.14  17.221  0.008
55916.18  17.254  0.008
55917.15  17.289  0.010
55918.15  17.325  0.008
55922.22  17.549  0.010
55923.14  17.601  0.010
55924.16  17.676  0.013
55925.09  17.741  0.011
55926.06  17.811  0.012
55927.11  17.897  0.011
55928.12  17.987  0.025
55928.13  17.984  0.024
55929.10  18.072  0.013
55931.12  18.245  0.015
55932.13  18.328  0.016
55933.10  18.421  0.017
55934.12  18.484  0.017
55935.10  18.571  0.027
55937.09  18.758  0.017
55938.11  18.825  0.018
55939.09  18.944  0.017
55940.10  19.010  0.018
55941.09  19.090  0.019
55942.08  19.184  0.019
55944.04  19.309  0.020
55945.09  19.406  0.022
55948.09  19.608  0.020
55953.19  19.918  0.025
55955.17  19.899  0.026
filter i
55911.18  17.829  0.012
55912.20  17.845  0.013
55914.21  17.907  0.012
55915.12  17.934  0.012
55916.19  17.952  0.012
55917.14  18.002  0.012
55918.16  18.041  0.015
55922.17  18.273  0.051
55923.12  18.464  0.020
55924.18  18.561  0.019
55925.12  18.651  0.016
55926.08  18.722  0.016
55927.12  18.793  0.017
55928.14  18.847  0.021
55929.12  18.878  0.020
55931.14  18.869  0.025
55932.14  18.790  0.022
55933.11  18.761  0.022
55934.11  18.767  0.023
55935.09  18.701  0.049
55937.11  18.666  0.018
55938.14  18.649  0.016
55939.11  18.623  0.025
55940.12  18.600  0.015
55941.11  18.563  0.016
55942.11  18.583  0.019
55944.03  18.547  0.020
55945.12  18.541  0.017
55948.10  18.649  0.017
55953.17  19.049  0.022
55955.16  19.152  0.023
filter H
55911.19  18.008  0.025
55912.25  18.074  0.029
55913.18  18.139  0.033
55914.27  18.157  0.033
55915.16  18.195  0.031
filter r
55911.17  17.178  0.010
55912.21  17.171  0.012
55913.19  17.183  0.010
55914.20  17.203  0.009
55915.12  17.194  0.009
55916.18  17.235  0.009
55917.16  17.265  0.009
55918.16  17.314  0.007
55922.17  17.595  0.051
55923.13  17.607  0.013
55924.17  17.686  0.013
55925.11  17.759  0.012
55926.08  17.823  0.009
55927.12  17.892  0.010
55928.13  17.954  0.030
55929.11  17.967  0.009
55931.13  18.044  0.015
55932.13  18.017  0.013
55933.11  18.028  0.013
55934.11  18.059  0.014
55935.10  18.055  0.037
55937.11  18.091  0.012
55938.13  18.084  0.012
55939.11  18.099  0.013
55940.11  18.132  0.011
55941.10  18.174  0.011
55942.10  18.185  0.011
55944.04  18.276  0.014
55945.11  18.321  0.012
55948.09  18.495  0.013
55953.17  18.793  0.013
55955.16  18.878  0.014
filter u
55911.16  17.612  0.032
55912.21  17.683  0.032
55913.18  17.716  0.030
55914.20  17.801  0.030
55915.13  17.864  0.030
55916.17  17.931  0.031
55917.15  18.018  0.029
55918.14  18.049  0.028
55922.21  18.479  0.032
55923.13  18.522  0.040
55924.17  18.691  0.032
55925.10  18.762  0.030
55926.07  18.889  0.033
55927.13  19.014  0.031
55928.15  19.100  0.034
55929.13  19.287  0.040
55931.14  19.512  0.052
55932.15  19.564  0.054
55933.12  19.810  0.071
55934.13  19.987  0.073
55935.11  19.985  0.126
55937.10  20.185  0.086
55938.12  20.116  0.060
55939.10  20.261  0.054
55940.11  20.313  0.053
55941.10  20.373  0.050
55942.09  20.460  0.058
55944.05  20.546  0.066
55945.10  20.649  0.065
55948.11  20.806  0.070
filter V
55911.19  17.210  0.012
55912.19  17.223  0.013
55913.21  17.243  0.011
55914.22  17.253  0.011
55915.14  17.241  0.010
55916.16  17.285  0.011
55917.16  17.317  0.012
55918.13  17.348  0.011
55922.15  17.540  0.013
55923.11  17.599  0.010
55924.19  17.674  0.017
55925.13  17.745  0.010
55926.09  17.799  0.010
55927.10  17.865  0.012
55928.16  17.895  0.012
55929.14  17.940  0.014
55931.11  18.074  0.017
55932.12  18.097  0.017
55933.13  18.157  0.017
55934.09  18.185  0.018
55935.12  18.241  0.026
55937.13  18.362  0.017
55938.15  18.413  0.016
55939.12  18.495  0.020
55940.13  18.551  0.020
55941.12  18.584  0.018
55942.12  18.660  0.020
55944.06  18.779  0.025
55945.12  18.844  0.014
55948.08  19.036  0.019
55953.15  19.287  0.022
55955.15  19.412  0.026
filter Y
55911.16  17.920  0.017
55912.23  17.992  0.017
55913.15  18.109  0.017
55914.24  18.153  0.022
55915.14  18.317  0.019
55927.22  18.764  0.021
55929.08  18.665  0.020
55931.22  18.630  0.027
55932.18  18.508  0.022
filter Jrc2
55911.21  17.805  0.024
55912.27  17.864  0.024
55913.20  17.950  0.025
55914.29  18.038  0.032
55915.19  18.122  0.026
