LSQ12fhs 0.033021 343.097710 -20.614806
filter B
56221.243  18.004  0.003
56238.049  19.769  0.008
filter Hdw
56229.184410  17.62670  0.0431650
56234.180174  17.7193  0.033900
56254.116030  18.3969  0.046225
56262.064780  18.7440  0.074700
filter Jdw
56229.201898  18.10288  0.0424700
56234.195174  18.20453  0.0243900
56254.093657  19.07614  0.0511675
56262.098738  19.29963  0.0536925
filter Rs
56221.243  17.788  0.003
56238.049  18.696  0.005
filter V
56221.243  17.731  0.003
56238.049  19.018  0.005
filter g_s
56221.113  18.435  0.009
56225.000  18.881  0.010
56226.004  19.156  0.008
56230.000  19.641  0.016
56233.105  19.805  0.027
56237.070  19.995  0.037
56240.074  20.189  0.021
56242.074  20.187  0.021
56244.117  20.369  0.028
56246.121  20.330  0.091
56248.102  20.420  0.024
56250.102  20.501  0.025
56252.102  20.634  0.023
56253.102  20.503  0.017
56254.102  20.618  0.117
56255.098  20.428  0.022
56256.098  20.596  0.023
56257.102  20.608  0.021
56258.102  20.503  0.037
56259.102  20.637  0.041
56261.098  20.569  0.025
56267.078  20.445  0.027
56273.055  20.658  0.034
filter i_s
56221.129  17.950  0.011
56221.243  18.102  0.003
56225.027  18.185  0.018
56226.027  18.154  0.012
56230.023  18.187  0.013
56233.121  18.300  0.013
56237.090  18.458  0.021
56238.049  18.519  0.004
56240.082  18.546  0.015
56242.086  18.638  0.016
56244.129  18.717  0.015
56246.133  18.775  0.016
56248.109  18.874  0.017
56250.113  18.988  0.020
56252.109  19.104  0.019
56253.109  19.154  0.025
56254.113  19.201  0.020
56255.109  19.239  0.019
56256.109  19.288  0.021
56257.109  19.294  0.019
56258.109  19.363  0.023
56259.109  19.413  0.026
56261.117  19.448  0.026
56267.094  19.475  0.022
56273.066  19.302  0.021
filter r_s
56221.125  17.862  0.008
56225.012  17.952  0.010
56226.016  17.991  0.008
56230.012  18.144  0.009
56233.117  18.450  0.010
56237.074  18.675  0.011
56240.078  18.893  0.013
56242.078  18.951  0.013
56244.125  19.042  0.013
56246.125  19.094  0.015
56248.105  19.170  0.066
56250.105  19.207  0.014
56252.105  19.271  0.015
56253.105  19.279  0.014
56254.105  19.320  0.015
56255.105  19.374  0.016
56256.105  19.403  0.014
56257.105  19.426  0.016
56258.105  19.441  0.018
56259.105  19.462  0.017
56261.102  19.477  0.017
56267.086  19.552  0.018
56273.062  19.595  0.018
filter z_s
56221.141  18.011  0.024
56225.035  18.071  0.027
56226.035  17.913  0.022
56230.039  18.013  0.022
56233.125  18.238  0.035
56237.094  18.719  0.031
56240.094  18.742  0.029
56242.094  18.900  0.036
56244.137  18.865  0.034
56246.137  18.727  0.041
56248.121  18.990  0.034
56250.121  19.013  0.035
56252.117  19.046  0.103
56253.121  19.049  0.027
56254.121  19.063  0.039
56255.121  19.006  0.041
56256.121  19.224  0.040
56257.121  19.143  0.039
56258.121  18.916  0.044
56259.121  19.170  0.036
56261.113  18.974  0.037
