LSQ11ot 0.027320 78.951417 6.777600
filter B
55922.26  18.727  0.015
55923.18  18.644  0.015
55924.21  18.629  0.015
55925.15  18.552  0.013
55926.12  18.554  0.013
55927.16  18.537  0.015
55928.19  18.537  0.014
55929.23  18.564  0.013
55931.17  18.653  0.022
55932.17  18.656  0.024
55933.15  18.721  0.032
55934.15  18.808  0.032
55935.13  18.785  0.042
55936.21  18.894  0.057
55937.15  18.996  0.030
55938.17  19.095  0.026
55939.14  19.225  0.026
55940.14  19.299  0.023
55941.14  19.415  0.025
55942.13  19.520  0.021
55943.17  19.649  0.020
55944.13  19.782  0.020
55945.14  19.933  0.031
55949.16  20.310  0.027
55954.13  20.862  0.041
55956.14  21.043  0.072
55958.17  21.229  0.130
filter g
55922.23  18.511  0.011
55923.16  18.447  0.013
55924.23  18.385  0.012
55925.17  18.343  0.010
55926.14  18.311  0.009
55927.17  18.292  0.011
55928.19  18.306  0.011
55929.20  18.310  0.013
55931.18  18.368  0.017
55932.19  18.403  0.018
55933.16  18.442  0.023
55935.16  18.576  0.040
55936.19  18.651  0.039
55937.17  18.641  0.019
55938.19  18.751  0.020
55939.18  18.816  0.015
55940.17  18.905  0.015
55941.17  18.977  0.015
55942.16  19.096  0.013
55943.14  19.136  0.012
55944.16  19.275  0.013
55945.15  19.369  0.018
55949.11  19.774  0.014
55954.10  20.268  0.028
55956.12  20.404  0.033
55958.19  20.619  0.052
55959.18  20.765  0.085
55960.16  20.561  0.089
55966.11  20.985  0.127
55968.13  20.985  0.088
filter i
55922.25  18.012  0.012
55923.17  17.993  0.016
55924.22  17.985  0.014
55925.15  17.989  0.012
55926.12  17.997  0.012
55927.18  18.042  0.013
55928.21  18.034  0.016
55929.22  18.099  0.017
55931.19  18.104  0.017
55932.20  18.156  0.020
55933.18  18.220  0.025
55934.18  18.254  0.022
55935.15  18.272  0.085
55936.20  18.409  0.025
55937.15  18.504  0.019
55938.17  18.605  0.021
55939.15  18.665  0.020
55940.15  18.723  0.020
55941.15  18.768  0.020
55942.14  18.780  0.018
55943.13  18.741  0.020
55944.17  18.748  0.021
55945.17  18.738  0.020
55949.12  18.655  0.013
55954.12  18.643  0.019
55956.13  18.607  0.018
55958.17  18.648  0.020
55959.17  18.684  0.020
55966.13  19.109  0.034
55968.14  19.189  0.030
filter H
55927.10  17.512  0.018
55928.17  17.583  0.024
55929.14  17.633  0.018
55931.11  17.695  0.022
55932.08  17.729  0.024
55933.12  17.643  0.028
filter r
55922.25  18.050  0.011
55923.17  18.001  0.012
55924.22  17.940  0.012
55925.16  17.908  0.009
55926.13  17.869  0.009
55927.18  17.835  0.009
55928.20  17.824  0.009
55929.21  17.831  0.016
55931.18  17.795  0.012
55932.20  17.822  0.013
55933.17  17.867  0.016
55934.18  17.927  0.018
55936.20  18.051  0.016
55937.16  18.125  0.013
55938.18  18.195  0.014
55939.15  18.262  0.013
55940.16  18.344  0.014
55941.16  18.366  0.013
55942.15  18.424  0.012
55943.14  18.455  0.011
55944.17  18.489  0.011
55945.17  18.491  0.013
55949.12  18.543  0.010
55954.11  18.717  0.017
55956.13  18.808  0.016
55958.18  18.885  0.017
55959.17  18.994  0.022
55960.16  18.979  0.028
55966.12  19.340  0.029
55968.13  19.477  0.026
filter u
55922.24  19.391  0.030
55923.16  19.325  0.029
55924.23  19.281  0.027
55925.16  19.330  0.025
55926.14  19.315  0.028
55927.19  19.327  0.029
55928.21  19.323  0.039
55929.21  19.451  0.031
55929.24  19.392  0.034
55931.19  19.613  0.060
55932.18  19.593  0.067
55933.17  19.722  0.079
55934.17  20.025  0.119
55937.17  20.274  0.135
55938.19  20.279  0.120
55939.17  20.500  0.094
55940.16  20.718  0.094
55941.16  20.823  0.094
55942.15  20.927  0.073
55943.15  20.957  0.077
55944.15  21.068  0.076
55945.16  21.146  0.091
55949.14  21.527  0.100
filter V
55922.26  18.337  0.014
55923.19  18.292  0.013
55924.20  18.207  0.014
55925.14  18.163  0.013
55926.11  18.166  0.012
55927.16  18.110  0.012
55928.18  18.108  0.013
55929.23  18.128  0.014
55931.20  18.120  0.017
55932.21  18.132  0.018
55933.18  18.181  0.022
55934.16  18.209  0.024
55935.14  18.242  0.100
55936.21  18.240  0.036
55937.14  18.313  0.019
55938.16  18.429  0.018
55939.14  18.476  0.015
55940.14  18.496  0.017
55941.14  18.615  0.016
55942.13  18.665  0.017
55943.16  18.730  0.013
55944.14  18.785  0.016
55945.15  18.855  0.017
55949.15  19.084  0.014
55954.13  19.417  0.023
55956.14  19.495  0.025
55958.16  19.556  0.034
55959.15  19.757  0.068
55960.15  19.695  0.059
55966.14  20.064  0.068
55968.11  20.267  0.062
55968.11  20.177  0.061
filter Y
55927.08  17.694  0.014
55928.10  17.782  0.012
55929.12  17.904  0.011
55931.07  18.067  0.017
55932.04  18.120  0.017
55933.15  18.144  0.023
filter Jrc2
55927.06  17.382  0.011
55928.19  17.474  0.011
55929.18  17.515  0.011
55931.08  17.658  0.012
55932.06  17.743  0.015
55933.10  17.864  0.017
