LSQ13aiz 0.009200 198.811708 -17.965458
filter B
56428.17  14.690  0.008
56436.13  14.010  0.011
56437.16  14.005  0.010
56438.20  14.037  0.010
56439.03  14.079  0.008
56444.12  14.363  0.008
56445.11  14.441  0.008
56446.07  14.513  0.011
56447.04  14.597  0.011
56448.20  14.733  0.008
56650.37  19.462  0.107
filter g
56428.17  14.643  0.006
56436.14  13.919  0.007
56437.16  13.926  0.006
56438.21  13.947  0.006
56439.03  13.951  0.006
56444.11  14.239  0.006
56445.11  14.229  0.006
56446.07  14.293  0.009
56447.05  14.367  0.009
56448.20  14.449  0.006
56650.36  19.288  0.044
filter i
56428.18  14.820  0.039
56436.14  14.410  0.038
56437.15  14.388  0.054
56438.21  14.482  0.038
56439.04  14.512  0.039
56444.12  14.699  0.041
56445.12  14.797  0.037
56446.08  14.890  0.036
56447.05  14.990  0.037
56448.20  15.089  0.037
56650.36  20.272  0.165
filter r
56428.17  14.465  0.046
56436.14  13.844  0.047
56437.15  13.827  0.068
56438.21  13.768  0.060
56439.03  13.743  0.047
56444.11  13.923  0.046
56445.11  13.965  0.043
56446.08  14.036  0.045
56447.05  14.130  0.044
56448.20  14.214  0.044
filter u
56428.18  15.287  0.035
56436.14  14.534  0.044
56437.16  14.633  0.048
56438.21  14.657  0.048
56439.04  14.705  0.035
56444.12  15.207  0.038
56445.12  15.238  0.034
56446.08  15.310  0.035
56447.05  15.410  0.034
56448.21  15.609  0.034
filter V
56428.18  14.650  0.006
56436.13  13.920  0.009
56437.16  13.899  0.007
56438.20  13.892  0.006
56439.02  13.912  0.009
56439.02  13.899  0.006
56444.12  14.024  0.006
56445.11  14.065  0.006
56446.07  14.119  0.009
56447.05  14.167  0.009
56448.20  14.235  0.007
56650.36  19.320  0.073
