LSQ14foj 0.046067 6.644458 -32.809192
filter Jrc2
56930.14  18.393  0.013
56936.22  17.848  0.017
56942.25  18.048  0.017
filter i
56930.13  18.800  0.020
56931.20  18.534  0.019
56932.19  18.326  0.013
56936.20  17.923  0.016
56937.20  17.859  0.018
56938.18  17.902  0.021
56939.18  17.848  0.017
56940.17  17.864  0.015
56941.19  17.890  0.011
56942.20  17.903  0.016
56943.19  17.919  0.014
56944.22  17.956  0.019
56948.22  18.044  0.013
56949.20  18.114  0.014
56950.20  18.190  0.017
56955.23  18.660  0.020
56958.18  18.711  0.027
56963.22  18.548  0.024
56965.16  18.498  0.024
56971.16  18.386  0.016
56972.20  18.375  0.016
56973.13  18.393  0.013
56974.12  18.406  0.017
56975.12  18.464  0.017
56976.13  18.524  0.020
56977.13  18.569  0.016
56978.13  18.676  0.018
56985.12  19.138  0.020
56995.11  19.556  0.048
57004.11  19.986  0.050
57012.14  20.138  0.053
filter H
56930.12  18.538  0.035
56936.20  18.083  0.037
56944.28  18.375  0.084
filter r
56930.14  18.460  0.036
56936.20  17.518  0.019
56937.20  17.427  0.036
56938.18  17.354  0.026
56939.18  17.354  0.018
56940.17  17.332  0.016
56941.19  17.305  0.014
56942.20  17.280  0.019
56943.19  17.292  0.025
56944.22  17.246  0.025
56948.22  17.363  0.025
56949.20  17.425  0.028
56955.23  17.847  0.023
56958.18  17.930  0.031
56963.21  17.983  0.029
56965.15  17.970  0.029
56971.16  18.185  0.022
56972.20  18.278  0.045
56974.12  18.374  0.030
56975.12  18.422  0.029
56977.12  18.581  0.028
56978.12  18.615  0.032
56985.12  18.969  0.036
56995.10  19.240  0.054
57004.10  19.507  0.053
filter V
56930.14  18.515  0.013
56931.19  18.267  0.014
56932.20  18.057  0.010
56936.20  17.550  0.010
56937.20  17.458  0.012
56938.18  17.411  0.018
56939.18  17.378  0.013
56940.17  17.345  0.011
56941.20  17.347  0.009
56942.20  17.327  0.010
56943.19  17.315  0.012
56944.22  17.336  0.015
56948.23  17.445  0.008
56949.20  17.479  0.009
56950.21  17.535  0.010
56955.23  17.867  0.014
56958.19  18.042  0.017
56963.22  18.320  0.017
56985.11  19.564  0.022
56995.10  19.738  0.054
57004.11  19.879  0.031
57012.14  20.038  0.034
filter Y
56930.10  18.466  0.057
56932.13  18.085  0.056
56936.19  17.793  0.056
56942.22  18.070  0.056
56944.26  18.190  0.058
filter B
56930.14  18.445  0.014
56931.19  18.203  0.013
56932.20  17.993  0.012
56936.21  17.474  0.013
56937.21  17.404  0.015
56938.18  17.365  0.020
56939.17  17.339  0.013
56940.18  17.378  0.013
56941.20  17.375  0.011
56942.20  17.389  0.012
56943.19  17.416  0.013
56944.22  17.447  0.013
56948.23  17.682  0.013
56949.21  17.735  0.012
56950.21  17.839  0.014
56955.23  18.338  0.015
56958.19  18.657  0.021
56963.22  19.219  0.032
56985.11  20.419  0.028
56995.09  20.345  0.083
57004.11  20.632  0.046
