LSQ14bjj 0.081144 215.204500 -5.250625
filter B
56784.14  18.718  0.013
56785.22  18.675  0.017
56786.13  18.643  0.023
56787.12  18.576  0.028
56787.12  18.592  0.031
56792.23  18.735  0.047
56792.23  18.649  0.042
56793.17  18.727  0.029
56793.18  18.722  0.031
56794.16  18.775  0.023
56795.12  18.870  0.020
56796.14  18.938  0.020
56797.15  18.955  0.018
56798.13  19.038  0.042
56804.07  19.664  0.018
56805.13  19.749  0.019
56807.19  20.036  0.020
56808.18  20.146  0.024
56809.12  20.230  0.023
56810.21  20.340  0.026
56811.15  20.493  0.028
filter i
56784.13  19.006  0.021
56785.23  19.017  0.020
56786.14  19.015  0.025
56787.13  18.971  0.051
56787.13  18.928  0.053
56792.22  19.143  0.045
56792.22  19.211  0.050
56793.18  19.149  0.031
56794.14  19.203  0.027
56795.10  19.201  0.026
56796.15  19.255  0.029
56797.13  19.296  0.044
56798.15  19.343  0.062
56804.06  19.852  0.023
56805.15  19.790  0.025
56807.20  19.741  0.031
56808.16  19.768  0.027
56809.13  19.816  0.025
56810.22  19.765  0.028
56811.13  19.759  0.027
filter r
56784.13  18.777  0.018
56785.23  18.709  0.017
56786.14  18.660  0.018
56787.12  18.594  0.035
56787.13  18.659  0.068
56792.22  18.586  0.031
56792.22  18.584  0.032
56793.19  18.656  0.021
56794.14  18.654  0.018
56795.11  18.719  0.018
56796.16  18.711  0.017
56797.14  18.756  0.018
56798.14  18.841  0.030
56804.05  19.158  0.014
56805.15  19.228  0.012
56807.22  19.306  0.017
56808.16  19.349  0.015
56809.14  19.370  0.013
56810.23  19.432  0.019
56811.14  19.457  0.017
filter V
56784.14  18.727  0.014
56785.22  18.668  0.018
56786.14  18.598  0.019
56787.12  18.593  0.035
56787.12  18.596  0.036
56792.23  18.586  0.038
56792.23  18.589  0.038
56793.18  18.605  0.025
56794.15  18.648  0.021
56795.11  18.703  0.018
56796.15  18.720  0.018
56797.14  18.771  0.016
56798.14  18.826  0.036
56804.07  19.164  0.017
56805.14  19.230  0.014
56807.19  19.348  0.017
56808.17  19.376  0.016
56809.12  19.500  0.018
56810.21  19.577  0.019
56811.14  19.641  0.019
filter Y
56785.11  18.816  0.016
56786.12  18.861  0.019
56787.11  18.901  0.020
56789.19  19.059  0.021
56790.18  19.100  0.031
56793.17  19.298  0.021
56796.18  19.528  0.030
filter Jrc2
56785.13  19.010  0.019
56786.14  19.018  0.016
56787.14  19.119  0.036
56793.19  19.684  0.034
