LSQ14ahc 0.050865 205.951042 -32.909756
filter Jrc2
56726.27  17.998  0.016
56729.28  17.837  0.015
56732.31  17.887  0.017
56760.17  19.025  0.029
filter i
56726.33  18.162  0.018
56727.29  18.060  0.017
56728.34  18.059  0.019
56729.35  18.003  0.016
56730.12  18.020  0.016
56731.15  18.061  0.022
56732.19  18.033  0.019
56733.23  18.021  0.022
56734.30  17.991  0.018
56741.25  18.145  0.018
56742.36  18.171  0.016
56743.29  18.206  0.024
56744.25  18.309  0.014
56745.26  18.318  0.013
56749.23  18.609  0.015
56750.29  18.669  0.016
56752.35  18.747  0.025
56756.19  18.653  0.020
56757.23  18.643  0.016
56758.22  18.613  0.024
56759.24  18.582  0.018
56760.15  18.610  0.036
56761.17  18.531  0.024
56761.18  18.573  0.026
56762.29  18.523  0.021
56762.29  18.480  0.024
56763.22  18.566  0.040
56764.23  18.493  0.027
56765.26  18.462  0.028
56766.23  18.476  0.022
56767.23  18.497  0.020
56768.24  18.523  0.018
56775.28  18.813  0.019
56785.15  19.333  0.028
56787.10  19.409  0.084
56791.20  19.707  0.085
56791.20  19.551  0.073
filter H
56726.26  18.138  0.026
56732.30  18.091  0.030
56760.16  18.381  0.040
filter r
56726.33  17.898  0.014
56727.29  17.787  0.015
56728.34  17.687  0.016
56729.35  17.638  0.013
56730.12  17.600  0.011
56731.15  17.529  0.012
56732.19  17.476  0.013
56733.22  17.443  0.017
56734.29  17.446  0.017
56741.25  17.485  0.013
56742.36  17.484  0.010
56743.28  17.537  0.012
56744.25  17.593  0.011
56745.27  17.623  0.010
56749.23  17.855  0.009
56750.29  17.915  0.010
56752.35  17.988  0.011
56756.18  18.022  0.014
56757.23  18.111  0.013
56758.22  18.100  0.014
56759.24  18.103  0.013
56760.15  18.165  0.022
56761.17  18.149  0.019
56761.17  18.162  0.019
56762.28  18.172  0.015
56762.28  18.188  0.015
56763.22  18.173  0.024
56764.23  18.239  0.023
56765.26  18.261  0.025
56766.23  18.298  0.018
56767.23  18.323  0.017
56768.24  18.358  0.017
56775.27  18.797  0.020
56785.15  19.119  0.020
56787.10  19.043  0.074
56787.10  19.177  0.060
56791.20  19.360  0.060
56791.21  19.338  0.060
filter V
56726.33  17.844  0.012
56727.28  17.771  0.012
56728.34  17.686  0.016
56729.34  17.605  0.014
56730.12  17.510  0.012
56731.15  17.506  0.015
56732.19  17.476  0.015
56733.23  17.462  0.016
56734.29  17.457  0.015
56741.26  17.524  0.011
56742.36  17.543  0.011
56743.28  17.578  0.013
56744.25  17.639  0.009
56745.26  17.682  0.009
56749.23  17.912  0.011
56750.28  17.972  0.009
56752.35  18.111  0.015
56775.28  19.394  0.019
56785.15  19.690  0.026
56787.09  19.677  0.099
56787.09  19.666  0.126
56791.19  19.815  0.087
56791.20  19.839  0.100
filter Y
56726.25  18.018  0.015
56729.26  17.919  0.015
56732.28  18.012  0.013
56760.15  18.148  0.018
filter B
56726.34  17.809  0.013
56727.28  17.728  0.011
56728.33  17.640  0.014
56729.34  17.625  0.013
56730.13  17.544  0.014
56731.14  17.471  0.016
56732.20  17.509  0.017
56733.24  17.459  0.016
56734.29  17.434  0.015
56741.26  17.651  0.012
56742.37  17.714  0.012
56743.28  17.763  0.014
56744.25  17.842  0.010
56745.26  17.938  0.011
56749.24  18.284  0.014
56750.28  18.369  0.013
56752.34  18.592  0.019
56775.28  20.331  0.034
56775.29  20.302  0.033
56785.14  20.565  0.042
56787.08  20.538  0.123
56787.08  20.498  0.112
56791.18  20.514  0.160
