LSQ14age 0.080544 201.035917 -13.440556
filter B
56724.27  19.933  0.022
56725.28  19.642  0.022
56727.24  19.229  0.019
56728.33  19.051  0.019
56729.30  18.944  0.021
56730.34  18.846  0.021
56731.19  18.839  0.038
56731.19  18.782  0.032
56732.22  18.790  0.043
56741.23  18.833  0.016
56742.25  18.898  0.016
56743.27  18.899  0.024
56744.24  19.013  0.016
56745.25  19.021  0.015
56749.19  19.349  0.021
56750.24  19.436  0.020
56751.23  19.537  0.017
56752.24  19.634  0.026
56755.39  20.017  0.044
56783.20  21.650  0.071
56783.21  21.684  0.060
56803.04  21.998  0.077
filter i
56724.26  20.079  0.037
56725.30  19.805  0.028
56727.26  19.434  0.022
56728.32  19.336  0.027
56729.29  19.260  0.029
56730.35  19.186  0.021
56731.16  19.113  0.039
56732.24  19.085  0.042
56732.24  19.081  0.038
56741.24  19.215  0.023
56742.26  19.147  0.018
56743.26  19.210  0.026
56744.23  19.272  0.019
56745.24  19.341  0.021
56749.18  19.613  0.026
56750.25  19.784  0.028
56751.24  19.810  0.031
56752.25  19.845  0.040
56752.25  19.795  0.036
56753.35  19.955  0.056
56753.36  19.957  0.065
56755.37  19.982  0.043
56757.22  19.856  0.032
56759.23  19.907  0.045
56760.14  19.706  0.051
56764.21  19.631  0.047
56764.22  19.547  0.041
56766.22  19.608  0.034
56768.22  19.654  0.026
56770.19  19.731  0.031
56783.19  20.387  0.047
56792.10  20.673  0.113
56810.16  21.272  0.074
filter r
56724.26  19.987  0.028
56725.29  19.666  0.020
56727.25  19.283  0.019
56728.31  19.132  0.019
56729.29  19.016  0.019
56730.35  18.904  0.018
56731.18  18.884  0.034
56732.24  18.724  0.033
56732.24  18.784  0.037
56741.24  18.599  0.015
56742.26  18.627  0.015
56743.26  18.609  0.022
56744.23  18.673  0.014
56745.24  18.722  0.015
56749.18  18.964  0.018
56750.26  19.010  0.016
56751.24  19.080  0.015
56752.26  19.130  0.017
56755.36  19.272  0.017
56757.21  19.290  0.018
56759.23  19.318  0.025
56760.13  19.349  0.035
56760.13  19.369  0.040
56764.22  19.396  0.041
56766.22  19.474  0.031
56768.23  19.557  0.021
56770.18  19.723  0.023
56783.18  20.378  0.037
56792.10  20.716  0.174
56803.06  20.974  0.042
56810.17  21.094  0.042
filter V
56724.27  19.962  0.025
56725.29  19.720  0.024
56727.25  19.293  0.019
56728.32  19.154  0.023
56729.30  19.023  0.020
56730.34  18.860  0.022
56731.18  18.768  0.039
56731.18  18.805  0.034
56732.22  18.733  0.038
56732.23  18.809  0.040
56741.24  18.655  0.015
56742.25  18.671  0.015
56743.27  18.720  0.020
56744.23  18.757  0.014
56745.24  18.818  0.014
56749.19  19.014  0.017
56750.25  19.091  0.015
56751.23  19.139  0.016
56752.24  19.198  0.022
56755.38  19.392  0.035
56783.20  20.909  0.048
56803.05  21.297  0.050
56810.18  21.334  0.053
filter Y
56727.20  19.378  0.022
56730.22  19.153  0.021
filter Jrc2
56727.22  19.506  0.049
56730.24  19.407  0.053
