LSQ12hxx 0.069360 49.934292 -27.007133
filter Jrc2
56287.16  18.754  0.036
56292.08  19.049  0.033
filter i
56288.16  18.676  0.021
56289.07  18.698  0.019
56290.08  18.701  0.020
56291.12  18.716  0.023
56292.12  18.718  0.025
56293.16  18.754  0.019
56294.14  18.747  0.027
56295.13  18.779  0.019
56296.06  18.726  0.026
56297.10  18.796  0.017
56300.08  18.932  0.023
56304.12  19.354  0.024
56307.10  19.333  0.028
56310.11  19.305  0.030
56314.07  19.267  0.031
filter H
56287.12  18.961  0.060
56288.08  18.964  0.060
filter r
56288.17  18.196  0.013
56289.07  18.177  0.014
56290.08  18.171  0.015
56291.11  18.157  0.014
56292.13  18.146  0.016
56293.17  18.160  0.015
56294.13  18.148  0.016
56295.13  18.169  0.014
56296.07  18.173  0.011
56297.10  18.197  0.013
56300.08  18.283  0.016
56304.11  18.603  0.013
56307.10  18.747  0.017
56310.10  18.830  0.014
56314.06  18.949  0.020
filter V
56288.17  18.228  0.015
56289.08  18.221  0.018
56290.09  18.212  0.017
56291.08  18.203  0.014
56292.13  18.193  0.015
56293.17  18.200  0.016
56294.13  18.244  0.015
56295.14  18.240  0.013
56296.07  18.263  0.013
56297.11  18.280  0.013
56300.09  18.415  0.013
56304.12  18.662  0.014
56307.11  18.833  0.016
56310.09  19.031  0.019
56314.08  19.279  0.029
filter Y
56287.09  18.628  0.031
56288.05  18.641  0.029
56292.05  18.831  0.034
56292.07  18.861  0.033
56293.03  19.048  0.030
56295.08  19.056  0.029
56296.19  19.059  0.031
56297.11  19.090  0.034
filter B
56288.18  18.261  0.018
56289.09  18.198  0.018
56290.09  18.308  0.018
56291.18  18.285  0.018
56292.14  18.360  0.016
56293.18  18.360  0.014
56294.12  18.435  0.015
56295.14  18.537  0.012
56296.08  18.598  0.013
56297.11  18.698  0.012
56300.10  18.858  0.014
56304.13  19.327  0.016
56307.12  19.660  0.020
56310.09  19.858  0.027
56314.08  20.228  0.056
