LSQ15aja 0.069952 255.787167 12.461569
filter B
57138.39  18.828  0.016
57139.32  18.719  0.013
57140.33  18.608  0.012
57141.30  18.466  0.020
57142.34  18.400  0.012
57143.28  18.325  0.016
57144.34  18.284  0.017
57145.31  18.254  0.026
57145.31  18.327  0.030
57146.35  18.188  0.028
57146.36  18.248  0.035
57151.35  18.279  0.014
57152.36  18.335  0.012
57153.35  18.405  0.013
57154.28  18.460  0.013
57155.37  18.532  0.011
57156.29  18.594  0.017
57157.31  18.662  0.012
57158.35  18.740  0.012
57159.36  18.825  0.010
57160.37  18.929  0.013
57161.33  19.016  0.014
57162.30  19.083  0.014
57163.29  19.227  0.014
57164.27  19.313  0.015
57166.31  19.557  0.016
57174.23  20.273  0.109
57175.20  20.022  0.110
57180.26  20.659  0.093
57182.24  20.890  0.102
filter i
57138.40  19.093  0.028
57140.35  18.807  0.022
57144.36  18.686  0.030
57146.34  18.669  0.033
57146.34  18.705  0.034
57151.34  18.772  0.030
57157.29  19.126  0.036
57158.34  19.269  0.029
57160.36  19.422  0.033
57178.28  19.351  0.068
57178.28  19.441  0.060
57178.28  19.361  0.054
57179.28  19.369  0.097
57181.33  19.427  0.087
filter Jrc2
57138.39  19.019  0.048
57139.31  18.824  0.026
57140.35  18.706  0.032
57141.30  18.605  0.041
57142.32  18.615  0.035
57143.31  18.544  0.042
57144.31  18.538  0.075
57151.26  19.043  0.094
57152.32  19.210  0.104
57153.25  19.275  0.079
filter V
57138.39  18.847  0.018
57139.33  18.737  0.019
57140.34  18.601  0.014
57141.30  18.516  0.025
57142.34  18.414  0.020
57143.29  18.346  0.017
57144.35  18.316  0.021
57145.32  18.266  0.029
57145.32  18.259  0.021
57146.35  18.194  0.034
57146.35  18.201  0.041
57151.35  18.227  0.016
57152.36  18.252  0.013
57153.34  18.301  0.017
57154.29  18.340  0.018
57155.36  18.384  0.015
57156.28  18.459  0.022
57157.30  18.501  0.013
57158.34  18.519  0.014
57159.36  18.602  0.015
57160.37  18.630  0.013
57161.33  18.677  0.016
57162.30  18.744  0.014
57163.29  18.790  0.015
57164.27  18.863  0.027
57166.32  18.995  0.020
57178.29  19.860  0.115
57178.29  19.630  0.090
57179.28  19.853  0.160
57180.25  19.882  0.043
57181.32  19.922  0.132
57182.23  19.976  0.037
filter Y
57138.37  18.900  0.025
57139.28  18.839  0.018
57140.31  18.649  0.021
57141.29  18.580  0.033
57142.31  18.600  0.031
57143.30  18.526  0.034
57144.30  18.527  0.055
57151.25  18.909  0.073
57152.31  19.040  0.063
57153.26  19.114  0.047
filter r
57138.40  18.970  0.020
57140.34  18.679  0.014
57144.35  18.316  0.017
57145.32  18.316  0.028
57145.33  18.291  0.022
57146.34  18.244  0.027
57146.34  18.263  0.029
57151.34  18.221  0.015
57157.29  18.471  0.018
57158.33  18.530  0.011
57160.36  18.644  0.013
57176.33  19.262  0.155
57176.34  19.255  0.153
57178.27  19.302  0.074
57178.27  19.307  0.065
57178.28  19.237  0.057
57179.28  19.388  0.086
57181.32  19.640  0.082
