LSQ13dby 0.099931 51.678500 -34.634858
filter i
56622.13  19.630  0.021
56623.12  19.617  0.023
56624.12  19.544  0.023
56625.16  19.516  0.024
56630.13  19.546  0.027
56631.19  19.516  0.028
56632.24  19.529  0.021
56637.17  19.707  0.023
56645.22  20.118  0.045
56662.18  20.261  0.033
filter Y
56622.13  19.526  0.042
56623.04  19.457  0.038
56624.03  19.454  0.039
filter B
56622.11  19.306  0.014
56623.10  19.241  0.015
56624.13  19.199  0.014
56625.16  19.153  0.013
56630.14  19.169  0.019
56631.18  19.192  0.015
56632.24  19.264  0.014
56637.15  19.492  0.021
56645.21  20.177  0.055
56662.21  21.825  0.067
filter r
56622.12  19.404  0.014
56623.11  19.289  0.014
56624.11  19.213  0.016
56625.17  19.145  0.014
56630.13  19.076  0.016
56631.19  19.044  0.031
56632.22  19.121  0.012
56637.16  19.250  0.014
56645.22  19.625  0.025
56662.19  20.308  0.021
filter V
56622.12  19.263  0.015
56623.11  19.177  0.016
56624.12  19.124  0.016
56625.16  19.079  0.015
56630.14  19.019  0.017
56631.20  19.078  0.016
56632.23  19.050  0.014
56637.15  19.241  0.016
56645.21  19.688  0.037
56662.20  20.931  0.036
