LSQ12hvj 0.071251 166.910917 -29.711378
filter Jrc2
56284.29  19.044  0.026
56285.29  18.978  0.025
56288.30  19.032  0.038
56289.24  18.990  0.046
56292.23  19.194  0.045
56294.32  19.407  0.042
filter i
56285.28  18.956  0.026
56288.35  18.889  0.028
56289.36  18.855  0.030
56290.30  18.872  0.026
56291.30  18.864  0.028
56292.30  18.890  0.030
56293.35  18.865  0.032
56294.30  18.887  0.027
56295.28  18.921  0.027
56296.30  18.889  0.020
56297.32  18.948  0.026
56300.30  19.074  0.028
56304.34  19.363  0.029
56307.35  19.559  0.033
56308.30  19.548  0.034
56309.32  19.544  0.036
56310.24  19.569  0.037
filter H
56284.27  18.864  0.059
56285.27  18.797  0.057
56292.27  19.051  0.073
56294.29  19.166  0.068
filter B
56285.25  18.677  0.018
56286.36  18.672  0.018
56288.32  18.617  0.016
56289.33  18.545  0.021
56290.27  18.597  0.017
56291.28  18.592  0.019
56292.32  18.604  0.017
56293.33  18.630  0.018
56294.32  18.671  0.015
56295.30  18.681  0.014
56296.33  18.751  0.016
56297.34  18.828  0.016
56300.33  19.050  0.019
56304.32  19.364  0.019
56307.37  19.653  0.028
56308.28  19.764  0.045
56309.33  19.854  0.042
56310.22  19.954  0.034
filter V
56285.26  18.674  0.017
56286.35  18.614  0.021
56288.33  18.523  0.015
56289.34  18.495  0.016
56290.28  18.457  0.016
56291.29  18.454  0.020
56292.31  18.472  0.017
56293.34  18.473  0.016
56294.32  18.479  0.016
56295.29  18.485  0.013
56296.32  18.531  0.011
56297.33  18.568  0.012
56300.31  18.714  0.019
56304.33  18.879  0.016
56307.36  19.098  0.016
56308.29  19.243  0.037
56309.34  19.196  0.025
56310.23  19.226  0.024
filter Y
56284.25  18.954  0.019
56285.25  18.892  0.020
56288.26  18.898  0.023
56289.25  19.010  0.033
56289.25  19.010  0.034
56292.24  19.010  0.031
56293.31  19.093  0.028
56294.26  19.187  0.021
56295.33  19.264  0.030
filter r
56285.27  18.638  0.016
56286.37  18.564  0.017
56288.34  18.454  0.013
56289.36  18.404  0.019
56290.29  18.384  0.013
56291.30  18.348  0.018
56292.30  18.328  0.015
56293.34  18.324  0.017
56294.31  18.352  0.011
56295.27  18.341  0.011
56296.31  18.337  0.010
56297.32  18.384  0.011
56300.30  18.501  0.013
56304.34  18.724  0.024
56307.34  18.874  0.016
56308.30  19.024  0.036
56309.31  18.960  0.022
56310.24  19.133  0.043
