LSQ12gln 0.102029 80.747542 -33.464256
filter Jrc2
56254.22  19.541  0.033
56258.15  19.743  0.044
56259.25  19.857  0.063
56264.24  20.238  0.058
56266.29  20.276  0.073
filter i
56254.25  19.441  0.021
56255.31  19.448  0.021
56256.22  19.405  0.024
56257.27  19.417  0.025
56258.23  19.418  0.030
56259.20  19.361  0.026
56261.25  19.393  0.079
56262.24  19.475  0.026
56263.25  19.491  0.025
56264.30  19.533  0.024
56265.22  19.518  0.021
56266.24  19.576  0.022
56267.25  19.662  0.024
56268.29  19.701  0.022
56271.34  19.987  0.027
56274.26  20.180  0.030
filter r
56254.25  19.185  0.016
56255.30  19.120  0.013
56256.21  19.096  0.013
56257.28  19.032  0.015
56258.22  19.003  0.018
56259.19  18.992  0.018
56261.24  18.995  0.020
56262.23  19.011  0.016
56263.25  19.022  0.015
56264.29  19.055  0.014
56265.21  19.126  0.015
56266.23  19.143  0.014
56267.25  19.176  0.013
56268.29  19.221  0.010
56271.33  19.392  0.016
56274.26  19.571  0.015
filter V
56254.26  19.080  0.014
56255.29  19.000  0.013
56256.21  18.962  0.016
56257.26  18.994  0.021
56258.24  18.950  0.023
56259.21  18.945  0.026
56262.25  18.948  0.016
56263.24  19.008  0.016
56264.31  19.013  0.017
56265.23  19.061  0.017
56266.22  19.090  0.014
56267.24  19.124  0.015
56268.30  19.190  0.014
56271.32  19.347  0.016
56274.25  19.557  0.018
filter Y
56254.19  19.273  0.025
56258.11  19.356  0.026
56259.22  19.428  0.030
56264.19  19.651  0.028
56266.33  19.704  0.033
filter B
56254.27  19.117  0.012
56255.28  19.040  0.015
56255.28  19.044  0.012
56256.20  19.020  0.016
56257.25  18.969  0.021
56258.25  19.017  0.021
56259.22  19.011  0.022
56262.26  19.127  0.017
56263.23  19.189  0.019
56264.32  19.229  0.018
56265.24  19.287  0.014
56265.25  19.289  0.014
56266.21  19.323  0.013
56267.23  19.407  0.015
56268.31  19.476  0.018
56271.31  19.708  0.017
56274.24  19.997  0.017
