LSQ12fvl 0.055930 75.208500 -38.653197
filter Jrc2
56234.34  18.789  0.025
56236.33  18.594  0.026
56237.18  18.522  0.021
56253.26  19.448  0.041
filter i
56234.21  19.159  0.025
56235.25  18.992  0.024
56236.31  18.876  0.019
56238.31  18.830  0.018
56239.26  18.848  0.025
56241.28  18.793  0.019
56242.30  18.826  0.018
56243.23  18.810  0.021
56244.24  18.891  0.019
56245.24  18.929  0.021
56246.23  19.028  0.022
56247.22  19.082  0.027
56248.28  19.144  0.021
56249.30  19.230  0.021
56250.26  19.213  0.025
56251.17  19.243  0.024
56252.26  19.216  0.021
56253.27  19.209  0.020
56254.20  19.232  0.022
56255.24  19.161  0.018
56256.17  19.179  0.021
56258.17  19.213  0.022
filter H
56234.32  18.916  0.055
56236.32  18.835  0.063
56237.16  18.715  0.053
56253.24  19.130  0.066
filter r
56234.21  19.047  0.021
56235.26  18.926  0.020
56236.31  18.770  0.017
56238.31  18.643  0.013
56239.27  18.575  0.011
56241.29  18.524  0.012
56242.31  18.526  0.013
56243.23  18.492  0.014
56243.24  18.495  0.019
56244.24  18.534  0.012
56245.23  18.578  0.015
56246.22  18.620  0.014
56247.22  18.670  0.018
56248.27  18.747  0.014
56249.29  18.833  0.014
56250.26  18.897  0.018
56251.17  18.938  0.018
56252.25  18.988  0.015
56253.26  19.062  0.015
56254.20  19.106  0.020
56255.23  19.151  0.015
56256.16  19.165  0.027
56258.17  19.379  0.020
filter V
56235.26  18.944  0.021
56236.30  18.794  0.021
56238.32  18.676  0.014
56239.29  18.620  0.015
56241.29  18.594  0.014
56242.32  18.564  0.014
56243.24  18.598  0.015
56244.22  18.643  0.016
56245.25  18.708  0.017
56246.24  18.772  0.017
56247.23  18.840  0.018
56248.27  18.950  0.017
56249.28  19.013  0.017
56250.25  19.147  0.019
56251.16  19.188  0.017
56252.24  19.354  0.018
56253.25  19.458  0.020
56254.19  19.564  0.025
56255.22  19.575  0.022
56256.14  19.703  0.044
56258.18  19.737  0.047
filter Y
56234.30  18.948  0.021
56235.34  18.766  0.022
56236.30  18.689  0.022
56237.13  18.625  0.020
56253.21  18.802  0.019
56258.25  18.589  0.021
filter B
56235.27  19.168  0.024
56236.30  19.009  0.019
56238.32  18.880  0.017
56239.29  18.884  0.017
56241.30  18.930  0.016
56242.33  19.004  0.019
56243.25  19.091  0.019
56244.23  19.131  0.016
56245.25  19.285  0.017
56246.24  19.440  0.023
56247.23  19.601  0.025
56248.26  19.800  0.025
56249.28  19.922  0.031
56250.25  20.081  0.034
56251.16  20.178  0.032
56252.23  20.427  0.037
56252.24  20.476  0.037
56253.25  20.498  0.045
56254.18  20.591  0.052
56255.21  20.785  0.053
56256.27  20.898  0.065
56256.28  20.939  0.073
56258.19  21.088  0.169
