LSQ13pf 0.086040 207.059792 -11.644050
filter B
56374.27  19.951  0.023
56375.30  20.002  0.030
56376.31  20.063  0.040
56377.27  20.129  0.055
56378.38  20.119  0.082
56382.34  20.536  0.069
56383.33  20.663  0.062
56383.34  20.588  0.061
56401.23  22.283  0.095
filter i
56374.31  19.633  0.022
56375.33  19.608  0.026
56376.34  19.608  0.028
56377.31  19.625  0.031
56378.36  19.658  0.042
56382.32  19.908  0.030
56383.37  19.972  0.036
56389.35  20.039  0.037
56401.20  20.208  0.034
filter H
56375.37  19.722  0.170
filter r
56374.30  19.467  0.013
56375.27  19.418  0.020
56376.33  19.474  0.023
56377.30  19.440  0.027
56378.35  19.487  0.034
56382.31  19.656  0.024
56383.36  19.745  0.023
56401.21  20.638  0.033
filter V
56374.28  19.590  0.020
56375.29  19.598  0.023
56376.32  19.634  0.030
56377.29  19.668  0.041
56378.37  19.687  0.048
56382.33  19.851  0.040
56383.35  19.991  0.037
56401.22  21.371  0.068
filter Y
56375.35  19.590  0.046
56376.30  19.674  0.031
56377.30  19.682  0.048
56377.36  19.725  0.053
56378.31  19.825  0.049
56379.33  19.731  0.064
56383.29  19.838  0.045
56384.35  19.837  0.047
filter Jrc2
56379.32  19.983  0.095
