LSQ12cid 0.062722 150.987667 -6.243822
filter B
56058.060 18.119 0.029
56059.000 18.143 0.021
56059.030 18.145 0.023
filter H
56057.979 18.589 0.066
56059.055 18.387 0.067
filter J
56058.007 18.666 0.040
56059.013 18.644 0.045
filter V
56058.050 17.973 0.042
56059.030 17.990 0.034
filter Y
56057.960 18.611 0.031
56059.030 18.593 0.033
filter g
56058.030 17.894 0.042
56059.050 17.953 0.029
filter i
56058.020 18.422 0.060
56059.070 18.411 0.051
filter r
56058.030 17.906 0.047
56059.060 17.946 0.035
filter u
56058.040 18.903 0.024
56059.050 18.996 0.023
