LSQ13dhj 0.093500 33.143667 -37.339669
filter i
56630.12  19.408  0.020
56631.12  19.482  0.026
56632.12  19.317  0.024
56633.14  19.323  0.025
56635.16  19.334  0.020
56636.16  19.322  0.021
56637.12  19.345  0.024
56640.21  19.381  0.031
56644.21  19.311  0.041
56647.14  19.483  0.028
56651.19  19.987  0.036
56654.13  20.119  0.070
56657.10  20.083  0.036
56663.09  19.852  0.030
56665.05  19.769  0.027
56667.09  19.795  0.034
56669.12  19.924  0.037
56672.08  19.997  0.069
56675.13  20.329  0.092
56678.16  20.326  0.070
56680.08  20.276  0.052
56684.06  20.835  0.092
filter Y
56638.02  19.520  0.026
56649.06  19.840  0.036
56651.02  19.794  0.034
filter r
56630.10  19.254  0.022
56631.11  19.212  0.015
56632.12  19.115  0.016
56633.13  19.049  0.020
56635.15  18.981  0.016
56636.17  18.879  0.015
56637.13  18.874  0.015
56640.20  18.898  0.015
56647.14  19.087  0.017
56651.18  19.326  0.016
56654.14  19.462  0.017
56657.09  19.508  0.021
56663.09  19.710  0.021
56665.06  19.785  0.021
56667.08  19.763  0.023
56669.12  19.941  0.032
56672.07  20.123  0.067
56675.13  20.324  0.075
56678.15  20.437  0.058
56680.07  20.468  0.032
56684.06  20.564  0.038
filter B
56630.11  19.280  0.019
56631.10  19.272  0.018
56632.14  19.145  0.015
56633.13  19.072  0.018
56635.14  19.042  0.016
56636.18  19.067  0.021
56637.14  19.116  0.022
56640.19  19.139  0.030
56647.15  19.553  0.027
56651.17  19.851  0.025
56654.15  20.145  0.024
56657.08  20.646  0.056
56665.07  21.022  0.064
filter V
56630.11  19.376  0.033
56631.11  19.267  0.021
56632.13  19.121  0.017
56633.12  19.067  0.019
56635.15  18.978  0.015
56636.17  19.010  0.024
56637.13  19.021  0.019
56640.19  19.005  0.027
56647.15  19.273  0.028
56651.18  19.462  0.022
56654.15  19.698  0.027
56657.09  19.870  0.033
56663.10  20.381  0.064
56665.07  20.542  0.059
56667.09  20.586  0.060
56669.03  20.664  0.088
