LSQ14ie 0.089538 193.889417 -32.944547
filter i
56680.29  19.628  0.041
56681.30  19.465  0.027
56682.29  19.406  0.020
56684.29  19.353  0.020
56685.26  19.375  0.019
56687.36  19.372  0.020
56692.27  19.389  0.020
56693.32  19.401  0.024
56697.24  19.546  0.020
56698.36  19.586  0.023
56699.19  19.735  0.034
56701.20  19.880  0.034
56703.36  19.982  0.048
56705.32  20.091  0.053
56707.31  20.091  0.049
56708.32  20.224  0.048
56709.25  20.219  0.035
56710.32  20.130  0.039
56711.35  20.122  0.031
56712.33  20.020  0.031
56713.32  20.070  0.028
56714.16  19.968  0.028
56714.16  20.027  0.026
56715.33  19.983  0.020
56721.31  19.941  0.029
56727.36  20.211  0.032
filter Y
56682.32  19.267  0.037
56700.31  19.880  0.040
56702.25  19.897  0.049
filter r
56680.28  19.454  0.048
56681.30  19.324  0.019
56682.30  19.225  0.017
56684.30  19.070  0.012
56685.25  19.024  0.011
56687.35  18.938  0.011
56690.39  18.868  0.014
56692.27  18.872  0.013
56693.32  18.926  0.016
56695.39  18.926  0.017
56697.24  18.986  0.015
56698.35  19.067  0.012
56699.18  19.068  0.020
56701.19  19.221  0.019
56703.36  19.332  0.030
56705.32  19.480  0.034
56707.30  19.562  0.025
56708.31  19.537  0.026
56709.24  19.655  0.021
56710.31  19.645  0.020
56711.35  19.683  0.017
56712.33  19.726  0.020
56713.32  19.718  0.014
56714.16  19.745  0.018
56714.17  19.766  0.015
56715.33  19.759  0.013
56721.30  19.942  0.022
56727.35  20.265  0.027
filter B
56680.30  19.400  0.032
56681.31  19.330  0.021
56682.31  19.228  0.016
56684.30  19.105  0.013
56685.24  19.075  0.012
56687.34  19.049  0.012
56690.38  19.080  0.012
56692.28  19.148  0.012
56693.31  19.181  0.018
56695.38  19.274  0.015
56697.26  19.407  0.016
56698.37  19.480  0.014
56699.20  19.543  0.035
56701.18  19.608  0.036
56703.35  19.867  0.071
56705.33  20.043  0.052
56707.32  20.305  0.055
56721.33  21.547  0.052
56727.34  21.804  0.058
filter V
56680.29  19.359  0.027
56681.31  19.222  0.020
56682.30  19.159  0.016
56684.30  19.026  0.012
56685.25  18.976  0.012
56687.35  18.937  0.012
56690.38  18.903  0.014
56692.28  18.930  0.012
56693.31  18.925  0.015
56697.25  19.070  0.014
56698.36  19.117  0.012
56699.19  19.140  0.027
56701.19  19.293  0.028
56703.35  19.432  0.042
56705.33  19.430  0.038
56707.31  19.611  0.033
56708.32  19.762  0.033
56721.31  20.553  0.031
56727.35  20.860  0.037
