LSQ14ghv 0.066654 50.933958 -31.584214
filter B
56999.17  18.482  0.021
56999.17  18.532  0.024
57000.19  18.422  0.018
57001.15  18.382  0.024
57002.22  18.338  0.016
57003.24  18.337  0.016
57004.17  18.375  0.013
57005.16  18.419  0.012
57006.15  18.467  0.021
57007.14  18.545  0.051
57009.21  18.638  0.019
57010.15  18.691  0.021
57011.15  18.780  0.016
57012.22  18.896  0.015
57013.17  18.987  0.015
57014.18  19.090  0.020
57015.27  19.234  0.017
57018.16  19.565  0.019
57019.17  19.681  0.023
57020.18  19.797  0.026
57021.16  19.906  0.038
57022.19  20.018  0.038
57024.15  20.389  0.072
57024.16  20.252  0.073
57025.15  20.392  0.080
57026.13  20.361  0.087
57028.15  20.676  0.176
57030.16  21.055  0.119
filter i
56999.18  18.809  0.030
56999.18  18.858  0.035
57000.20  18.759  0.023
57001.14  18.733  0.035
57002.21  18.833  0.019
57003.25  18.831  0.023
57004.18  18.910  0.025
57005.17  18.962  0.025
57006.14  18.913  0.016
57007.14  18.881  0.015
57008.16  18.949  0.026
57009.20  19.007  0.024
57010.16  19.141  0.028
57011.15  19.204  0.022
57012.23  19.299  0.026
57013.18  19.479  0.030
57014.19  19.520  0.024
57015.24  19.620  0.030
57018.17  19.733  0.039
57019.16  19.671  0.031
57020.19  19.710  0.059
57021.15  19.657  0.030
57022.18  19.640  0.039
57023.18  19.585  0.035
57024.18  19.551  0.040
57024.18  19.558  0.048
57025.14  19.531  0.033
57026.13  19.528  0.037
57027.20  19.452  0.086
57027.20  19.480  0.080
57030.15  19.503  0.027
filter H
57002.16  19.030  0.064
57003.21  19.076  0.047
filter r
56999.18  18.540  0.020
56999.18  18.517  0.020
57000.19  18.463  0.018
57001.14  18.396  0.017
57002.22  18.350  0.013
57003.24  18.291  0.016
57004.17  18.342  0.013
57005.17  18.317  0.014
57006.14  18.368  0.009
57008.16  18.373  0.015
57009.20  18.425  0.016
57010.15  18.474  0.015
57012.23  18.606  0.011
57013.18  18.709  0.012
57014.19  18.776  0.015
57015.24  18.859  0.014
57018.17  19.009  0.014
57019.15  19.079  0.016
57020.19  19.130  0.020
57021.14  19.152  0.018
57022.17  19.156  0.021
57023.18  19.204  0.025
57024.17  19.241  0.030
57024.18  19.206  0.033
57025.13  19.154  0.026
57026.12  19.233  0.027
57027.18  19.312  0.090
57027.19  19.221  0.073
57028.16  19.356  0.054
57030.15  19.392  0.026
filter V
56999.17  18.508  0.023
56999.17  18.544  0.026
57000.19  18.442  0.018
57001.15  18.377  0.032
57002.22  18.344  0.014
57003.24  18.313  0.018
57004.17  18.326  0.014
57005.16  18.338  0.014
57006.15  18.417  0.011
57007.14  18.421  0.020
57009.21  18.465  0.016
57010.15  18.511  0.016
57011.15  18.564  0.016
57012.23  18.656  0.012
57013.17  18.708  0.013
57014.19  18.764  0.015
57015.25  18.826  0.014
57018.16  19.004  0.018
57019.17  19.096  0.018
57020.18  19.185  0.022
57021.15  19.233  0.022
57022.18  19.340  0.029
57023.17  19.345  0.036
57024.16  19.423  0.047
57024.17  19.482  0.045
57025.14  19.487  0.044
57026.13  19.642  0.051
57027.21  19.538  0.119
57028.15  19.575  0.071
57028.15  19.524  0.094
57030.16  19.872  0.040
filter Y
57002.14  18.710  0.025
57003.19  18.784  0.029
57004.20  18.845  0.037
57029.16  18.912  0.046
filter Jrc2
57002.18  18.922  0.057
57003.23  18.989  0.061
57004.18  19.091  0.075
57029.17  19.880  0.196
