LSQ12hzs 0.072080 60.471708 -26.663931
filter B
56291.17  19.381  0.036
56292.18  19.220  0.022
56293.12  19.154  0.020
56293.27  19.114  0.028
56294.21  19.062  0.021
56295.10  18.922  0.015
56296.12  18.931  0.013
56297.12  18.905  0.013
56299.16  18.922  0.012
56300.11  18.921  0.013
56301.12  18.975  0.015
56304.14  19.091  0.014
56305.12  19.152  0.016
56308.08  19.311  0.019
56311.15  19.598  0.025
56314.19  19.804  0.053
56319.09  20.513  0.079
filter i
56291.16  19.224  0.025
56291.16  19.272  0.028
56292.16  19.129  0.024
56293.10  19.139  0.022
56293.11  19.107  0.021
56294.19  19.050  0.018
56295.09  19.047  0.017
56296.13  19.043  0.018
56297.14  19.052  0.017
56299.17  19.062  0.022
56300.13  19.095  0.017
56301.14  19.104  0.033
56304.16  19.131  0.019
56305.14  19.195  0.020
56308.07  19.366  0.021
56311.13  19.605  0.031
56314.18  19.694  0.042
56317.13  19.857  0.040
filter H
56293.21  18.919  0.056
56294.17  18.961  0.044
56295.22  18.786  0.054
filter r
56291.15  19.172  0.022
56292.17  19.084  0.017
56293.10  18.963  0.015
56294.20  18.880  0.014
56295.08  18.869  0.018
56296.14  18.753  0.013
56297.14  18.752  0.011
56299.18  18.649  0.012
56300.12  18.678  0.010
56301.13  18.639  0.014
56304.15  18.686  0.012
56305.13  18.729  0.012
56308.06  18.864  0.015
56311.13  18.978  0.017
56314.18  19.201  0.025
56317.12  19.313  0.021
filter V
56291.16  19.171  0.028
56292.18  19.072  0.022
56293.12  18.931  0.020
56294.20  18.887  0.019
56295.09  18.831  0.013
56296.12  18.787  0.014
56297.13  18.760  0.013
56299.16  18.709  0.015
56300.11  18.756  0.014
56301.12  18.737  0.014
56304.15  18.793  0.013
56305.12  18.861  0.015
56308.08  18.966  0.017
56311.14  19.071  0.022
56314.19  19.336  0.036
56319.08  19.634  0.036
56319.09  19.524  0.036
filter Y
56292.16  18.967  0.043
56293.18  18.785  0.042
56294.14  18.782  0.043
56295.16  18.801  0.043
56296.24  18.724  0.043
filter Jrc2
56292.13  18.869  0.040
56293.14  18.778  0.038
56294.21  18.767  0.039
56295.20  18.830  0.040
56297.18  18.808  0.045
