LSQ13crf 0.048844 47.709292 1.421917
filter B
56591.82  17.830  0.100
56594.51  17.940  0.090
56597.69  18.120  0.150
56603.56  18.530  0.120
56606.26  18.820  0.150
56609.49  19.310  0.210
56611.29  19.360  0.330
56615.44  20.020  0.370
filter Us
56591.78  17.710  0.100
56594.51  17.980  0.110
56597.69  18.140  0.170
56603.56  19.120  0.230
56606.26  19.450  0.300
56609.49  19.790  0.380
56611.29  19.430  0.100
56615.44  19.960  0.100
filter V
56591.82  17.720  0.150
56594.51  17.790  0.130
56597.69  17.790  0.280
56603.56  17.960  0.150
56606.19  18.190  0.220
56609.49  18.450  0.220
56611.29  18.320  0.260
56615.44  18.760  0.100
filter UVW1
56591.81  19.960  0.450
56594.51  19.960  0.100
56597.68  19.390  0.100
56600.62  19.900  0.100
56603.55  19.950  0.100
56606.46  19.960  0.100
56609.49  19.960  0.100
56611.27  19.470  0.100
56615.43  19.970  0.100
