LSQ12hnx 0.156433 38.824208 -30.963744
filter J
56285.100 20.296 0.075
57417.107 20.909 0.384
57419.102 20.685 0.400
filter V
56284.080 19.990 0.032
56285.080 19.998 0.033
56286.090 19.980 0.027
56288.090 20.056 0.039
57401.065 21.857 0.309
filter Y
56284.050 19.763 0.029
56285.060 19.927 0.026
56287.040 19.918 0.028
filter i
56284.110 20.161 0.034
56285.060 20.128 0.038
56286.080 20.145 0.030
56288.060 20.167 0.032
57401.060 21.480 0.323
57402.078 21.598 0.321
57404.086 21.496 0.317
filter r
56284.100 19.945 0.023
56285.070 19.964 0.023
56286.070 19.976 0.021
56288.070 19.979 0.028
57402.077 22.184 0.413
57404.085 22.061 0.395
