LSQ13dkp 0.068937 47.541542 -36.629142
filter B
56637.19  19.066  0.017
56638.15  19.014  0.017
56639.07  18.908  0.017
56640.11  18.864  0.019
56641.10  18.855  0.020
56643.13  18.866  0.031
56644.16  18.921  0.024
56645.15  18.978  0.024
56646.14  19.099  0.021
56647.18  19.227  0.025
56648.14  19.333  0.019
56649.14  19.495  0.020
56650.10  19.665  0.021
56653.11  20.181  0.028
56656.19  20.586  0.036
56662.15  21.284  0.037
56666.09  21.564  0.090
filter i
56637.17  19.134  0.023
56638.16  19.115  0.022
56639.07  19.047  0.022
56640.10  19.027  0.020
56641.11  19.062  0.022
56643.14  19.110  0.037
56643.14  19.132  0.038
56644.17  19.049  0.022
56645.16  19.149  0.023
56646.13  19.167  0.024
56647.18  19.281  0.022
56648.15  19.305  0.022
56649.13  19.429  0.020
56650.11  19.522  0.024
56653.12  19.585  0.024
56656.17  19.508  0.022
56662.13  19.604  0.025
56664.18  19.770  0.023
56666.08  19.962  0.037
56668.13  20.140  0.037
56678.17  20.665  0.071
56678.17  20.717  0.081
filter r
56637.18  19.082  0.019
56638.16  18.985  0.018
56639.06  18.888  0.016
56640.10  18.836  0.018
56641.11  18.804  0.016
56643.14  18.743  0.025
56644.17  18.764  0.017
56645.15  18.754  0.016
56646.13  18.811  0.019
56647.17  18.816  0.017
56648.15  18.871  0.015
56649.12  18.946  0.012
56650.11  18.994  0.016
56653.12  19.221  0.015
56656.17  19.395  0.017
56662.14  19.825  0.020
56664.19  20.028  0.026
56666.07  20.109  0.030
56668.12  20.289  0.036
56678.17  20.792  0.050
filter V
56637.18  19.025  0.018
56638.15  18.930  0.017
56639.08  18.843  0.018
56640.11  18.779  0.019
56641.10  18.746  0.020
56643.13  18.659  0.031
56643.13  18.660  0.032
56644.16  18.694  0.023
56645.15  18.785  0.020
56646.13  18.785  0.019
56647.18  18.863  0.020
56648.14  18.904  0.016
56649.13  18.959  0.014
56650.10  19.017  0.016
56653.11  19.332  0.016
56656.18  19.636  0.019
56662.14  20.252  0.030
56666.09  20.604  0.048
56668.13  20.670  0.062
filter Y
56638.17  18.767  0.018
56643.20  18.817  0.045
56648.17  19.132  0.025
filter Jrc2
56638.20  18.844  0.026
