LSQ12bld 0.083362 205.683458 8.092706
filter B
56020.29  19.277  0.029
56021.33  19.236  0.034
56022.31  19.230  0.047
56023.22  19.150  0.051
56025.30  19.120  0.049
56028.29  19.267  0.033
56029.29  19.295  0.027
56032.29  19.520  0.028
56033.29  19.662  0.027
56034.25  19.796  0.027
56035.22  19.872  0.027
56036.25  20.006  0.029
56037.29  20.201  0.031
filter g
56017.29  19.467  0.019
56018.27  19.378  0.013
56019.30  19.255  0.013
56020.27  19.137  0.018
56021.30  19.082  0.021
56022.29  19.047  0.027
56023.21  18.965  0.037
56024.16  19.023  0.042
56025.27  18.996  0.028
56026.20  19.018  0.021
56028.26  19.063  0.018
56029.26  19.158  0.016
56032.26  19.367  0.014
56033.26  19.418  0.014
56034.28  19.527  0.015
56035.19  19.618  0.016
56036.22  19.704  0.016
56037.26  19.784  0.016
56047.27  20.854  0.032
56048.20  20.947  0.062
56049.26  21.030  0.098
56050.17  21.031  0.087
filter i
56017.30  19.631  0.033
56018.29  19.483  0.025
56019.32  19.380  0.025
56020.25  19.354  0.023
56021.29  19.313  0.029
56022.30  19.230  0.034
56023.22  19.300  0.044
56024.15  19.248  0.058
56025.29  19.364  0.044
56026.22  19.333  0.040
56028.25  19.352  0.029
56029.25  19.357  0.029
56032.28  19.488  0.031
56033.28  19.575  0.030
56034.26  19.610  0.028
56035.21  19.686  0.029
56036.24  19.753  0.029
56037.28  19.796  0.033
56047.28  19.844  0.039
56048.21  19.861  0.038
56049.24  19.787  0.054
56050.15  19.822  0.040
56052.13  19.725  0.068
56052.13  19.924  0.081
56052.14  19.824  0.066
56052.14  19.835  0.073
56057.25  20.294  0.057
filter H
56021.29  19.054  0.134
56022.32  19.372  0.106
filter r
56017.29  19.491  0.022
56018.28  19.366  0.015
56019.31  19.242  0.014
56020.26  19.143  0.018
56021.31  19.102  0.021
56022.30  19.027  0.030
56023.21  18.968  0.035
56024.15  19.001  0.041
56025.28  18.945  0.025
56026.21  18.934  0.020
56028.27  18.936  0.017
56029.27  18.951  0.017
56032.27  19.054  0.016
56033.27  19.066  0.014
56034.27  19.153  0.017
56035.20  19.175  0.021
56036.23  19.240  0.017
56037.27  19.315  0.016
56047.28  19.777  0.025
56048.21  19.886  0.027
56049.25  19.822  0.045
56050.16  19.964  0.041
56052.12  20.006  0.066
56052.13  20.029  0.076
56057.26  20.304  0.044
filter V
56020.28  19.230  0.021
56021.32  19.108  0.023
56022.32  19.074  0.038
56023.23  19.037  0.039
56024.14  19.106  0.055
56025.31  18.939  0.047
56026.23  18.844  0.047
56028.28  19.026  0.021
56029.28  19.103  0.025
56032.31  19.212  0.019
56033.30  19.210  0.020
56034.24  19.280  0.022
56035.23  19.327  0.018
56036.26  19.373  0.018
56037.30  19.473  0.021
56047.31  20.271  0.044
56048.24  20.394  0.046
56049.28  20.392  0.062
56050.13  20.507  0.072
56052.07  20.517  0.172
56052.08  20.431  0.152
56052.08  20.439  0.150
filter Y
56021.34  19.153  0.037
56022.29  19.166  0.032
56028.24  19.338  0.049
56028.25  19.433  0.046
56028.26  19.399  0.050
filter Jrc2
56021.26  19.363  0.029
56022.35  19.302  0.054
56028.29  19.797  0.066
