LSQ12ca 0.099400 82.765083 -19.799800
filter B
55954.22  19.301  0.021
55955.21  19.302  0.019
55956.23  19.380  0.025
55959.22  19.554  0.023
55960.21  19.569  0.042
55961.20  19.601  0.043
55963.11  19.754  0.063
55965.22  20.014  0.162
55967.19  20.375  0.120
55968.20  20.529  0.091
55970.08  20.671  0.042
55973.10  20.971  0.039
filter g
55954.20  19.174  0.014
55955.19  19.210  0.015
55956.21  19.226  0.013
55959.20  19.442  0.021
55960.17  19.484  0.027
55961.17  19.529  0.026
55963.13  19.662  0.063
55965.19  19.852  0.058
55966.18  19.937  0.050
55967.17  20.092  0.060
55968.17  20.105  0.039
55970.11  20.335  0.021
55973.10  20.639  0.024
55974.18  20.733  0.028
filter i
55954.22  19.486  0.026
55955.21  19.568  0.039
55956.23  19.515  0.027
55959.22  19.645  0.032
55960.20  19.683  0.043
55961.18  19.734  0.042
55963.12  19.980  0.070
55965.21  19.902  0.086
55966.17  20.131  0.078
55967.18  20.128  0.070
55968.19  20.052  0.040
55970.12  20.040  0.030
55973.12  20.042  0.030
55974.19  19.995  0.033
filter r
55954.21  19.172  0.018
55955.20  19.163  0.017
55956.22  19.167  0.020
55959.21  19.244  0.021
55960.18  19.216  0.024
55961.17  19.353  0.029
55963.13  19.416  0.038
55965.20  19.480  0.043
55966.18  19.582  0.040
55967.18  19.615  0.042
55968.18  19.778  0.033
55970.11  19.779  0.017
55973.11  19.951  0.022
55974.19  20.056  0.022
filter u
55954.20  20.274  0.050
55955.20  20.313  0.053
55956.22  20.525  0.061
55959.21  20.791  0.086
55960.19  20.788  0.118
55961.19  20.873  0.142
filter V
55954.23  19.098  0.020
55955.22  19.105  0.020
55956.24  19.124  0.023
55959.23  19.175  0.027
55960.20  19.395  0.039
55961.19  19.338  0.033
55963.12  19.433  0.081
55965.22  19.624  0.093
55966.16  19.622  0.052
55967.19  19.737  0.061
55968.21  19.627  0.046
55970.09  19.808  0.035
55973.09  19.976  0.045
