LSQ13dcy 0.080100 73.818417 -20.001500
filter Jrc2
56622.19  19.266  0.026
56623.20  19.403  0.031
filter i
56621.36  19.328  0.038
56622.25  19.328  0.018
56623.24  19.335  0.021
56624.27  19.359  0.021
56625.28  19.354  0.023
56633.27  19.522  0.026
56641.21  19.911  0.037
filter r
56621.36  19.236  0.025
56622.26  19.151  0.017
56623.22  19.146  0.014
56624.26  19.079  0.020
56625.28  19.063  0.015
56633.27  19.150  0.027
56641.20  19.557  0.028
filter V
56622.26  19.259  0.018
56623.22  19.210  0.016
56624.27  19.207  0.019
56625.29  19.156  0.016
56633.28  19.358  0.022
56641.19  19.823  0.035
filter Y
56623.17  19.206  0.021
filter B
56622.27  19.375  0.025
56623.21  19.356  0.021
56624.28  19.350  0.022
56625.29  19.341  0.023
56633.28  19.810  0.029
56641.17  20.640  0.065
