LSQ12btn 0.054173 140.376958 -9.691628
filter B
56030.07  18.364  0.011
56031.06  18.337  0.012
56032.05  18.340  0.013
56033.02  18.385  0.014
56034.01  18.422  0.015
56035.02  18.486  0.014
56036.02  18.533  0.014
56047.02  19.914  0.039
56047.99  20.008  0.047
56049.00  20.121  0.051
56049.99  20.248  0.064
56052.96  20.507  0.118
56054.99  20.747  0.050
56056.00  20.974  0.035
56057.98  21.083  0.038
filter g
56030.09  18.207  0.009
56031.04  18.190  0.010
56033.04  18.207  0.010
56034.03  18.229  0.013
56035.03  18.269  0.012
56036.04  18.341  0.011
56037.03  18.409  0.010
56047.04  19.471  0.020
56048.01  19.590  0.027
56049.02  19.725  0.027
56050.01  19.767  0.030
56052.97  20.000  0.052
56052.97  20.104  0.057
56055.00  20.352  0.037
56055.96  20.386  0.031
56055.97  20.468  0.025
56057.99  20.658  0.024
filter i
56030.12  18.597  0.016
56031.05  18.599  0.019
56032.04  18.608  0.016
56033.03  18.644  0.018
56034.01  18.585  0.019
56035.02  18.634  0.019
56036.03  18.681  0.016
56037.02  18.741  0.017
56047.03  19.241  0.029
56048.00  19.246  0.029
56049.01  19.220  0.035
56050.00  19.097  0.026
56052.98  19.045  0.031
56055.01  19.052  0.027
56055.98  19.144  0.019
56058.01  19.344  0.022
filter H
56030.10  18.744  0.103
56054.97  18.657  0.065
56058.97  18.830  0.071
filter r
56030.10  18.214  0.010
56031.05  18.187  0.012
56032.03  18.155  0.011
56033.03  18.137  0.010
56034.02  18.146  0.025
56035.03  18.152  0.012
56036.03  18.175  0.012
56037.02  18.241  0.012
56047.03  18.789  0.015
56048.01  18.817  0.018
56049.02  18.815  0.024
56050.00  18.893  0.020
56052.98  18.937  0.022
56055.00  19.117  0.022
56055.97  19.224  0.017
56058.00  19.421  0.018
filter V
56030.06  18.288  0.009
56031.07  18.283  0.013
56032.05  18.256  0.011
56033.01  18.246  0.010
56034.00  18.252  0.012
56035.01  18.278  0.013
56036.01  18.302  0.011
56036.99  18.323  0.011
56047.01  18.993  0.020
56047.99  19.090  0.025
56049.00  19.143  0.028
56049.99  19.174  0.030
56052.96  19.485  0.045
56054.98  19.666  0.025
56055.99  19.794  0.021
56057.97  19.960  0.028
56057.98  19.993  0.023
filter Y
56030.06  18.376  0.017
56054.95  18.405  0.016
56058.95  18.522  0.015
filter Jrc2
56054.99  19.145  0.035
56058.99  19.245  0.039
