LSQ14mc 0.056620 135.556042 17.060281
filter i
56690.20  18.431  0.017
56691.20  18.398  0.016
56692.17  18.358  0.021
56693.17  18.298  0.016
56694.14  18.332  0.014
56695.19  18.371  0.014
56696.16  18.405  0.014
56697.17  18.422  0.016
56698.18  18.465  0.018
56699.14  18.505  0.016
56704.18  18.678  0.040
56705.16  18.730  0.027
56706.17  18.840  0.030
56707.12  18.933  0.021
56708.13  19.055  0.020
56709.13  19.120  0.021
56710.12  19.190  0.022
56711.13  19.196  0.022
56712.14  19.216  0.022
56713.16  19.208  0.023
56717.20  19.038  0.020
56719.12  19.070  0.021
56721.12  19.035  0.020
56723.07  18.998  0.023
56725.08  18.992  0.022
56727.06  19.003  0.022
56732.09  19.337  0.074
56732.10  19.508  0.098
56741.05  19.911  0.037
56751.06  20.186  0.049
56751.06  20.207  0.073
56759.03  20.518  0.141
56761.02  20.688  0.120
56761.02  20.704  0.121
filter Y
56699.15  18.619  0.015
filter B
56690.19  18.230  0.010
56691.19  18.148  0.017
56692.18  18.015  0.009
56693.18  17.987  0.014
56694.13  17.931  0.009
56695.18  17.878  0.009
56696.17  17.859  0.009
56697.18  17.855  0.016
56698.19  17.890  0.012
56699.15  17.921  0.015
56704.19  18.169  0.021
56705.17  18.242  0.019
56706.18  18.319  0.019
56707.12  18.425  0.015
56708.14  18.588  0.018
56709.14  18.678  0.019
56710.13  18.769  0.015
56712.15  19.000  0.014
56713.17  19.155  0.014
56717.21  19.620  0.021
56719.13  19.912  0.028
56721.10  20.032  0.030
56723.08  20.282  0.033
56727.05  20.541  0.080
56741.06  21.089  0.056
56751.07  21.245  0.070
56751.08  21.135  0.085
filter r
56690.20  18.256  0.010
56691.20  18.147  0.011
56692.17  18.090  0.014
56693.17  17.995  0.012
56694.14  17.939  0.010
56695.19  17.934  0.007
56696.16  17.904  0.009
56697.17  17.883  0.013
56698.18  17.890  0.012
56699.14  17.883  0.012
56704.18  17.984  0.020
56705.16  18.068  0.018
56706.17  18.111  0.018
56707.11  18.192  0.012
56708.13  18.232  0.012
56709.13  18.327  0.012
56710.12  18.390  0.011
56711.13  18.443  0.013
56712.14  18.476  0.012
56713.15  18.526  0.012
56717.19  18.622  0.013
56719.12  18.699  0.012
56721.11  18.788  0.014
56723.07  18.838  0.014
56725.08  18.941  0.020
56727.06  19.085  0.020
56732.09  19.306  0.079
56732.09  19.378  0.083
56741.04  19.776  0.026
56751.05  20.051  0.037
56751.05  20.065  0.032
56759.02  20.193  0.103
56759.03  20.108  0.091
56761.02  20.402  0.092
56761.02  20.220  0.079
filter V
56690.19  18.240  0.010
56691.19  18.121  0.013
56692.18  18.051  0.013
56693.18  17.977  0.012
56694.13  17.932  0.009
56695.18  17.900  0.007
56696.17  17.915  0.010
56697.18  17.875  0.015
56698.18  17.856  0.011
56699.15  17.895  0.013
56704.18  18.043  0.025
56705.16  18.081  0.022
56706.18  18.168  0.022
56707.12  18.169  0.013
56708.14  18.193  0.012
56709.14  18.306  0.013
56710.13  18.372  0.011
56711.13  18.406  0.011
56712.15  18.494  0.012
56713.16  18.556  0.011
56717.20  18.877  0.028
56719.13  19.003  0.016
56721.11  19.162  0.016
56723.08  19.235  0.021
56725.08  19.457  0.048
56727.05  19.606  0.026
56732.10  19.757  0.135
56732.11  19.926  0.133
56741.05  20.252  0.032
56751.07  20.468  0.039
56761.01  20.569  0.136
56761.01  20.782  0.177
