LSQ15alq 0.047067 197.327333 -25.872289
filter B
57142.22  19.224  0.029
57143.22  18.888  0.024
57146.24  18.147  0.036
57146.24  18.168  0.035
57148.27  17.892  0.021
57151.20  17.602  0.012
57152.28  17.582  0.012
57153.20  17.575  0.012
57154.19  17.575  0.013
57155.22  17.583  0.012
57156.17  17.555  0.015
57157.20  17.629  0.013
57158.17  17.685  0.013
57159.23  17.748  0.010
57160.27  17.833  0.011
57161.22  17.895  0.013
57162.17  17.972  0.013
57163.21  18.084  0.014
57164.16  18.179  0.014
57165.18  18.274  0.017
57166.17  18.403  0.012
57174.09  19.443  0.048
57175.08  19.471  0.048
57176.12  19.703  0.093
57176.12  19.533  0.074
57177.15  19.760  0.080
57177.15  19.768  0.090
57178.13  19.814  0.064
57178.14  19.774  0.051
57179.17  19.840  0.115
57180.13  20.036  0.049
57181.08  20.088  0.033
57182.13  20.114  0.033
filter i
57142.24  19.177  0.024
57143.20  18.899  0.023
57146.23  18.232  0.027
57146.23  18.195  0.024
57148.28  18.028  0.018
57151.21  17.912  0.015
57152.27  17.913  0.015
57153.19  17.949  0.013
57154.18  18.004  0.015
57155.23  18.049  0.014
57156.17  18.049  0.018
57157.19  18.058  0.016
57158.18  18.069  0.014
57159.23  18.111  0.016
57160.28  18.129  0.019
57161.21  18.222  0.016
57162.16  18.308  0.013
57163.21  18.404  0.019
57164.15  18.475  0.019
57165.19  18.560  0.057
57166.18  18.609  0.015
57174.11  18.554  0.022
57175.10  18.593  0.024
57176.13  18.510  0.027
57176.14  18.501  0.028
57177.17  18.611  0.094
57177.17  18.410  0.071
57177.17  18.500  0.101
57178.15  18.494  0.023
57178.15  18.514  0.019
57179.17  18.488  0.033
57180.13  18.524  0.020
57181.09  18.522  0.017
57182.12  18.521  0.016
filter H
57151.21  18.090  0.103
57152.30  17.931  0.134
57153.16  18.056  0.063
filter r
57142.23  20.476  0.017
57143.20  18.797  0.018
57146.22  18.103  0.027
57146.22  18.114  0.023
57148.28  17.859  0.017
57151.21  17.591  0.009
57152.27  17.537  0.009
57153.19  17.523  0.009
57154.18  17.507  0.010
57155.22  17.490  0.011
57156.16  17.537  0.015
57157.19  17.491  0.012
57158.18  17.512  0.011
57159.22  17.526  0.018
57159.22  17.522  0.009
57160.27  17.558  0.009
57161.21  17.607  0.015
57162.16  17.642  0.009
57163.21  17.710  0.009
57164.15  17.780  0.009
57165.19  17.846  0.014
57166.18  17.894  0.008
57174.10  18.215  0.021
57175.10  18.232  0.019
57176.13  18.226  0.024
57176.13  18.232  0.024
57177.17  18.290  0.075
57177.17  18.234  0.056
57177.17  18.352  0.058
57178.15  18.340  0.022
57178.15  18.340  0.016
57179.16  18.343  0.023
57180.12  18.425  0.016
57181.09  18.468  0.011
57182.11  18.537  0.013
filter V
57142.22  19.240  0.024
57143.21  18.918  0.025
57146.23  18.095  0.029
57146.24  18.149  0.034
57148.28  17.901  0.019
57151.20  17.615  0.012
57152.27  17.579  0.011
57153.20  17.571  0.011
57154.19  17.549  0.012
57155.21  17.541  0.011
57156.17  17.545  0.014
57157.20  17.558  0.012
57158.17  17.580  0.012
57159.23  17.601  0.010
57160.27  17.636  0.012
57161.21  17.679  0.013
57162.17  17.735  0.011
57163.21  17.766  0.011
57164.16  17.805  0.011
57165.18  17.893  0.019
57166.17  17.945  0.012
57174.10  18.511  0.023
57175.09  18.582  0.028
57176.13  18.578  0.039
57176.13  18.609  0.043
57177.16  18.665  0.042
57178.14  18.758  0.025
57178.14  18.777  0.028
57179.17  18.786  0.045
57180.13  18.976  0.023
57181.08  19.020  0.017
57182.12  19.084  0.016
filter Y
57142.23  18.995  0.041
57144.12  18.597  0.037
57151.20  17.846  0.025
57152.29  17.937  0.045
57153.15  17.931  0.022
filter Jrc2
57151.22  17.709  0.031
57152.28  17.820  0.038
57153.14  17.829  0.028
