LSQ14ip 0.061297 146.084250 4.597933
filter B
56681.24  20.410  0.044
56684.23  19.953  0.028
56685.22  19.816  0.020
56686.31  19.794  0.024
56687.23  19.797  0.028
56688.26  19.747  0.025
56689.25  19.758  0.021
56694.25  20.299  0.051
56695.17  20.451  0.035
56697.11  20.830  0.077
56698.13  20.842  0.072
filter i
56681.25  20.004  0.029
56684.25  19.508  0.023
56685.21  19.398  0.023
56686.30  19.317  0.020
56687.22  19.343  0.019
56688.24  19.295  0.020
56689.24  19.322  0.018
56693.38  19.379  0.022
56694.27  19.429  0.021
56695.16  19.468  0.020
56697.09  19.523  0.025
56698.12  19.538  0.026
56699.09  19.508  0.027
56705.24  19.715  0.037
56707.17  19.803  0.028
56708.17  19.921  0.032
56709.21  20.033  0.032
56710.22  20.107  0.032
56711.22  20.266  0.031
56712.21  20.346  0.040
56713.21  20.484  0.050
filter H
56681.28  19.604  0.148
filter r
56681.25  20.007  0.020
56684.24  19.493  0.019
56685.21  19.384  0.014
56686.29  19.259  0.016
56687.21  19.227  0.013
56688.27  19.104  0.015
56689.23  19.145  0.012
56693.37  19.156  0.015
56694.27  19.192  0.013
56695.15  19.247  0.015
56697.09  19.376  0.018
56698.11  19.453  0.019
56699.09  19.489  0.024
56705.23  19.972  0.056
56707.16  20.120  0.030
56708.16  20.333  0.035
56709.20  20.377  0.030
56710.21  20.441  0.030
56711.21  20.523  0.030
56712.20  20.623  0.031
56713.20  20.831  0.045
filter V
56681.24  20.108  0.023
56684.24  19.629  0.020
56685.22  19.524  0.016
56686.31  19.433  0.019
56687.22  19.362  0.016
56688.25  19.318  0.016
56689.24  19.322  0.015
56693.38  19.446  0.029
56694.26  19.514  0.015
56695.16  19.622  0.024
56697.10  19.739  0.042
56698.12  19.891  0.043
56699.10  20.084  0.056
56705.22  20.674  0.169
56707.18  20.838  0.065
56708.17  21.000  0.043
56709.21  21.173  0.056
56710.23  21.279  0.065
56710.23  21.208  0.061
56711.24  21.322  0.056
56711.24  21.275  0.055
filter Y
56681.26  19.659  0.042
56700.16  19.041  0.022
filter Jrc2
56681.30  19.499  0.066
56700.20  19.649  0.035
