LSQ14act 0.059050 239.936042 -10.444667
filter B
56723.33  19.404  0.020
56724.36  19.342  0.016
56725.32  19.324  0.017
56726.39  19.285  0.017
56727.38  19.325  0.017
56728.39  19.356  0.016
56729.37  19.398  0.019
56731.41  19.643  0.048
56731.41  19.487  0.061
56733.40  19.753  0.044
56733.40  19.770  0.044
56735.39  19.906  0.087
56735.39  20.033  0.098
56735.39  20.073  0.090
56735.39  20.185  0.111
56741.40  20.951  0.058
56743.40  21.304  0.053
56743.40  21.304  0.053
56745.41  21.431  0.065
56749.37  22.001  0.094
filter i
56723.34  19.153  0.023
56724.35  19.179  0.019
56725.34  19.195  0.028
56726.40  19.207  0.022
56727.37  19.244  0.020
56728.38  19.218  0.021
56729.38  19.241  0.023
56733.38  19.496  0.035
56733.38  19.521  0.036
56735.36  19.754  0.071
56735.37  19.741  0.069
56735.37  19.631  0.066
56741.39  19.676  0.028
56743.39  19.642  0.037
56745.42  19.624  0.034
56749.39  19.811  0.026
filter r
56723.34  19.083  0.019
56724.35  19.060  0.014
56725.34  18.986  0.014
56726.38  18.934  0.013
56727.36  18.940  0.014
56728.37  18.918  0.014
56729.37  18.966  0.017
56733.37  19.066  0.023
56733.37  19.117  0.024
56735.36  19.241  0.052
56735.36  19.282  0.050
56741.38  19.524  0.018
56743.38  19.663  0.024
56745.41  19.791  0.027
56749.39  20.123  0.023
filter V
56723.33  19.249  0.017
56724.36  19.175  0.016
56725.33  19.148  0.018
56726.39  19.113  0.016
56727.37  19.103  0.017
56728.38  19.109  0.017
56729.37  19.123  0.019
56733.38  19.250  0.032
56735.38  19.408  0.064
56735.38  19.462  0.059
56741.40  19.914  0.029
56743.39  20.068  0.026
56745.41  20.312  0.038
56749.38  20.735  0.042
56749.38  20.758  0.039
filter Y
56724.35  18.766  0.017
56726.35  18.850  0.017
56727.37  18.924  0.018
56730.27  19.096  0.025
filter Jrc2
56724.38  18.819  0.027
56730.31  19.240  0.029
