LSQ13dqh 0.103800 65.524583 -2.890067
filter i
56650.18  19.732  0.033
56651.15  19.702  0.029
56652.17  19.640  0.038
56653.17  19.631  0.025
56654.21  19.651  0.024
56655.20  19.619  0.026
56658.17  19.642  0.031
56661.18  19.661  0.023
56664.17  19.818  0.035
56666.18  19.836  0.033
56673.15  20.119  0.079
56677.11  20.264  0.058
56679.12  20.209  0.097
56681.09  20.172  0.049
filter Y
56652.14  19.502  0.028
56653.10  19.444  0.024
56654.19  19.577  0.044
filter B
56650.17  19.647  0.041
56651.16  19.630  0.049
56652.18  19.554  0.039
56653.18  19.548  0.030
56654.23  19.493  0.019
56658.15  19.517  0.037
56661.19  19.697  0.030
56664.15  19.945  0.042
56666.17  20.126  0.042
filter r
56650.18  19.644  0.023
56651.15  19.593  0.020
56652.17  19.504  0.025
56653.18  19.469  0.016
56654.22  19.445  0.016
56655.21  19.386  0.014
56658.17  19.365  0.021
56661.17  19.392  0.014
56664.16  19.471  0.018
56666.18  19.533  0.022
56671.14  19.780  0.068
56673.15  19.894  0.056
56677.10  20.084  0.033
56679.12  20.136  0.042
56681.10  20.224  0.040
filter V
56650.17  19.571  0.036
56651.16  19.507  0.038
56652.18  19.491  0.030
56653.19  19.437  0.018
56654.22  19.399  0.019
56655.21  19.381  0.025
56658.16  19.348  0.033
56661.19  19.440  0.021
56664.16  19.547  0.039
56666.16  19.626  0.028
