LSQ12gxj 0.035300 43.239083 1.606736
filter i
56265.10  18.704  0.017
56266.13  18.504  0.013
56268.18  18.305  0.014
56269.24  18.266  0.015
56270.20  18.211  0.014
56271.16  18.200  0.015
56272.17  18.193  0.015
56273.14  18.205  0.013
56274.10  18.197  0.014
56275.12  18.232  0.016
56276.15  18.250  0.016
56277.13  18.264  0.014
56279.15  18.348  0.019
56280.09  18.351  0.015
56281.12  18.367  0.017
56282.08  18.426  0.014
56283.07  18.497  0.017
56284.17  18.522  0.025
56290.07  19.020  0.027
56293.09  19.054  0.021
56301.10  18.953  0.021
56306.09  18.893  0.017
56311.08  18.953  0.028
56312.08  18.980  0.049
56315.10  19.235  0.029
56326.07  19.777  0.026
filter r
56265.10  18.723  0.015
56266.13  18.516  0.011
56268.19  18.245  0.010
56269.23  18.132  0.011
56270.20  18.053  0.010
56271.16  18.003  0.011
56272.17  17.952  0.011
56273.14  17.909  0.010
56274.10  17.879  0.010
56275.12  17.837  0.014
56276.15  17.847  0.010
56277.13  17.855  0.013
56279.15  17.900  0.015
56280.09  17.912  0.010
56281.11  17.935  0.010
56282.07  17.963  0.012
56283.07  18.020  0.012
56284.17  18.066  0.013
56290.07  18.425  0.015
56293.08  18.569  0.012
56301.09  18.710  0.014
56306.09  18.805  0.013
56311.08  19.017  0.019
56312.07  19.202  0.048
56315.09  19.283  0.025
56326.06  19.773  0.020
filter B
56265.11  19.156  0.020
56266.12  18.936  0.015
56268.20  18.687  0.016
56269.25  18.551  0.015
56270.21  18.491  0.015
56271.18  18.400  0.014
56272.16  18.361  0.013
56273.15  18.375  0.014
56274.09  18.309  0.014
56275.11  18.304  0.015
56276.16  18.331  0.015
56277.11  18.354  0.014
56279.14  18.390  0.016
56280.08  18.452  0.014
56281.10  18.508  0.017
56282.06  18.555  0.017
56283.06  18.605  0.016
56284.15  18.634  0.023
56290.06  19.165  0.036
56293.07  19.505  0.023
56301.11  20.315  0.037
56306.08  20.722  0.048
filter V
56265.11  18.903  0.018
56266.12  18.703  0.012
56268.19  18.418  0.014
56269.24  18.316  0.013
56270.20  18.237  0.013
56271.17  18.171  0.014
56272.15  18.127  0.012
56273.15  18.055  0.012
56274.09  18.047  0.012
56275.11  17.989  0.016
56276.15  18.048  0.014
56277.12  18.047  0.013
56279.14  18.081  0.016
56280.08  18.088  0.011
56281.11  18.113  0.013
56282.07  18.140  0.013
56283.05  18.167  0.014
56284.16  18.211  0.016
56290.06  18.566  0.022
56293.07  18.774  0.016
56301.10  19.156  0.020
56306.08  19.420  0.024
56311.09  19.687  0.042
56312.08  19.792  0.095
56315.11  19.902  0.065
56326.05  20.469  0.039
