LSQ14gfb 0.052707 77.524000 -36.312103
filter B
56987.21  19.784  0.046
56995.15  20.599  0.152
56996.19  20.307  0.103
56997.27  20.739  0.198
56997.27  20.455  0.143
56998.22  20.684  0.182
56998.23  20.744  0.172
56999.24  21.286  0.192
57000.26  20.762  0.145
57000.27  21.343  0.189
57004.21  21.684  0.174
filter i
56994.24  19.071  0.054
56995.16  19.540  0.102
56996.20  19.396  0.048
56997.29  19.418  0.059
56997.29  19.237  0.073
56997.29  19.263  0.066
56997.30  19.444  0.066
56998.25  19.285  0.067
56998.25  19.469  0.058
56998.25  19.243  0.064
56999.26  19.512  0.046
56999.27  19.516  0.055
56999.27  19.426  0.051
56999.27  19.469  0.056
57000.25  19.524  0.050
57001.20  19.537  0.073
57004.22  19.475  0.048
57005.21  19.395  0.035
filter H
56990.28  19.186  0.125
56992.24  19.163  0.070
57005.22  19.043  0.102
filter r
56987.21  18.951  0.039
56994.24  18.952  0.047
56995.16  18.929  0.040
56996.19  19.171  0.037
56996.20  19.059  0.039
56997.28  19.102  0.039
56997.29  18.916  0.068
56997.29  19.206  0.045
56997.29  19.134  0.049
56998.24  19.398  0.050
56998.25  19.450  0.071
56999.26  19.347  0.048
56999.26  19.321  0.037
56999.26  19.387  0.044
56999.26  19.248  0.038
57000.24  19.393  0.044
57000.25  19.330  0.041
57001.20  19.482  0.051
57004.22  19.631  0.051
57005.20  19.803  0.036
filter V
56987.21  19.175  0.028
56994.24  19.294  0.046
56995.16  19.558  0.062
56996.19  19.469  0.055
56996.19  19.578  0.055
56997.28  19.909  0.093
56997.28  19.677  0.082
56997.28  19.949  0.116
56997.28  19.789  0.095
56998.23  19.754  0.076
56998.23  19.794  0.063
56999.25  20.091  0.074
56999.25  19.892  0.065
57000.26  19.940  0.049
57000.26  20.015  0.051
57001.20  20.094  0.064
57005.20  20.463  0.052
filter Y
56992.23  18.915  0.028
56998.17  18.897  0.031
57002.23  18.780  0.027
57004.29  18.822  0.044
57005.21  18.817  0.027
filter Jrc2
56990.30  18.869  0.039
56992.25  19.018  0.038
57004.27  19.354  0.077
