LSQ12hjm 0.071351 47.619667 -16.493633
filter i
56272.19  18.847  0.018
56273.18  18.829  0.017
56274.12  18.774  0.017
56275.14  18.809  0.021
56276.19  18.791  0.018
56277.18  18.825  0.017
56279.16  18.888  0.021
56280.16  18.906  0.020
56281.13  18.895  0.023
56282.13  18.938  0.018
56283.08  18.938  0.022
56284.18  18.989  0.021
56285.12  19.026  0.022
56286.13  19.095  0.023
56288.15  19.249  0.029
56289.06  19.358  0.025
56292.11  19.577  0.028
56294.09  19.587  0.023
56298.09  19.531  0.022
filter r
56272.18  18.699  0.013
56273.17  18.621  0.012
56274.11  18.553  0.012
56275.13  18.500  0.013
56276.18  18.449  0.014
56277.17  18.417  0.013
56279.17  18.372  0.015
56280.15  18.394  0.010
56281.13  18.373  0.013
56282.13  18.422  0.012
56283.09  18.444  0.013
56284.19  18.482  0.014
56285.13  18.492  0.014
56286.14  18.559  0.014
56288.14  18.664  0.017
56289.05  18.709  0.015
56292.10  18.889  0.018
56292.10  18.889  0.016
56294.10  18.995  0.017
56298.08  19.130  0.012
filter B
56272.20  18.584  0.014
56273.16  18.505  0.014
56274.13  18.449  0.014
56275.15  18.415  0.013
56276.17  18.384  0.014
56277.19  18.360  0.014
56279.18  18.340  0.018
56280.14  18.412  0.012
56281.14  18.419  0.013
56282.15  18.483  0.017
56283.10  18.558  0.016
56284.20  18.629  0.020
56285.14  18.680  0.019
56286.12  18.755  0.018
56288.12  18.932  0.026
56289.04  18.994  0.027
56292.08  19.367  0.019
56294.12  19.622  0.020
56298.11  20.121  0.022
filter V
56272.20  18.641  0.013
56273.17  18.531  0.014
56274.13  18.470  0.015
56275.14  18.418  0.014
56276.18  18.395  0.013
56277.19  18.360  0.013
56279.17  18.332  0.019
56280.14  18.361  0.011
56281.14  18.375  0.014
56282.14  18.408  0.015
56283.09  18.421  0.016
56284.20  18.506  0.018
56285.13  18.504  0.020
56286.12  18.544  0.019
56288.13  18.625  0.018
56289.03  18.675  0.023
56292.09  18.874  0.016
56294.11  19.012  0.017
56298.10  19.312  0.017
