LSQ12fuk 0.020586 74.566167 -16.299453
filter B
56233.20  15.919  0.016
56235.23  15.952  0.017
56238.29  16.089  0.022
56239.21  16.081  0.023
56239.21  16.051  0.025
56241.26  16.270  0.014
56242.27  16.342  0.015
56243.19  16.440  0.011
56249.27  17.022  0.022
56250.24  17.153  0.018
56251.20  17.241  0.017
56252.22  17.340  0.022
56253.24  17.462  0.023
56254.18  17.581  0.018
56255.20  17.715  0.015
56256.13  17.760  0.019
56257.18  17.884  0.015
56258.14  17.966  0.025
56259.15  18.031  0.027
56261.19  18.212  0.027
56262.20  18.294  0.018
56264.24  18.456  0.018
56265.17  18.516  0.017
56266.16  18.582  0.017
56267.17  18.631  0.024
56273.24  18.878  0.019
filter i
56233.19  16.389  0.010
56235.25  16.485  0.020
56236.27  16.520  0.017
56238.30  16.588  0.011
56239.25  16.640  0.006
56239.25  16.639  0.006
56241.25  16.754  0.008
56242.29  16.861  0.016
56243.22  16.970  0.013
56249.25  17.288  0.016
56250.22  17.271  0.018
56251.18  17.262  0.018
56252.21  17.213  0.018
56253.23  17.203  0.019
56254.16  17.181  0.018
56255.18  17.158  0.015
56256.12  17.124  0.011
56257.20  17.092  0.009
56258.16  17.045  0.018
56259.14  17.059  0.011
56261.17  17.023  0.019
56262.18  17.024  0.016
56265.15  17.067  0.016
56266.17  17.136  0.016
56267.19  17.172  0.018
56273.23  17.616  0.017
filter H
56234.28  16.568  0.020
56235.31  16.606  0.020
56236.24  16.618  0.021
56237.26  16.679  0.019
56254.26  16.708  0.020
56259.13  16.623  0.024
56264.30  16.515  0.021
filter r
56233.19  15.894  0.008
56235.24  15.877  0.013
56236.28  15.881  0.015
56238.30  15.968  0.009
56239.24  15.995  0.006
56239.24  15.996  0.006
56241.24  16.102  0.006
56242.29  16.168  0.009
56243.21  16.229  0.008
56249.26  16.573  0.011
56250.23  16.614  0.013
56251.19  16.639  0.014
56252.20  16.644  0.008
56252.21  16.652  0.010
56253.22  16.689  0.011
56254.16  16.629  0.016
56254.16  16.678  0.014
56255.18  16.698  0.011
56256.11  16.722  0.011
56257.20  16.719  0.008
56258.15  16.741  0.009
56259.13  16.780  0.008
56261.15  16.835  0.016
56261.17  16.815  0.022
56262.17  16.868  0.009
56265.15  17.026  0.011
56266.17  17.071  0.009
56267.18  17.140  0.009
56273.23  17.520  0.012
filter V
56233.20  15.883  0.040
56235.24  15.883  0.049
56236.28  15.905  0.049
56236.29  15.876  0.050
56238.29  15.964  0.047
56239.22  16.112  0.055
56239.22  16.085  0.053
56241.26  16.070  0.038
56242.28  16.101  0.047
56243.20  16.152  0.040
56249.26  16.490  0.049
56250.23  16.567  0.040
56251.19  16.610  0.049
56252.22  16.656  0.048
56253.23  16.738  0.047
56254.17  16.779  0.049
56255.19  16.876  0.040
56256.12  16.915  0.049
56257.18  16.916  0.014
56257.19  17.001  0.040
56258.14  17.020  0.048
56259.15  17.066  0.050
56261.18  17.193  0.049
56262.19  17.251  0.048
56264.25  17.396  0.040
56265.16  17.433  0.048
56266.16  17.473  0.048
56267.18  17.552  0.048
56273.24  17.873  0.048
filter Y
56234.27  16.578  0.021
56235.29  16.675  0.022
56236.23  16.760  0.019
56237.25  16.817  0.019
56253.29  16.907  0.018
56254.25  16.851  0.019
56259.12  16.553  0.018
56264.29  16.269  0.021
filter Jrc2
56234.29  16.315  0.019
56235.32  16.387  0.017
56236.25  16.453  0.018
56237.28  16.563  0.018
56254.27  17.767  0.022
56259.14  17.544  0.024
56264.31  17.282  0.020
