LSQ12fxd 0.031220 80.570917 -25.596392
filter Jrc2
56236.28  17.241  0.013
56237.31  17.080  0.013
56253.32  17.527  0.014
56254.31  17.585  0.013
56258.23  18.154  0.018
56259.19  18.199  0.020
56264.17  18.309  0.019
56265.20  18.279  0.017
56266.21  18.227  0.021
filter i
56236.32  17.429  0.023
56238.36  17.104  0.026
56239.32  17.112  0.013
56241.34  16.931  0.020
56243.28  16.946  0.014
56244.26  16.962  0.012
56245.27  16.942  0.022
56246.29  16.977  0.024
56247.28  17.009  0.015
56248.33  17.032  0.014
56249.30  17.015  0.023
56249.31  17.037  0.016
56250.27  17.063  0.016
56251.26  17.073  0.022
56252.27  17.115  0.013
56253.27  17.162  0.027
56253.28  17.104  0.025
56253.28  17.102  0.025
56254.21  17.180  0.022
56255.24  17.299  0.023
56255.24  17.259  0.015
56256.17  17.323  0.018
56257.22  17.417  0.016
56258.21  17.480  0.018
56259.18  17.558  0.020
56261.21  17.602  0.016
56262.22  17.637  0.018
56263.20  17.655  0.018
56264.27  17.638  0.019
56265.19  17.573  0.022
56266.18  17.543  0.026
56267.20  17.516  0.026
56268.27  17.572  0.014
56269.31  17.547  0.026
56270.26  17.555  0.013
56271.27  17.525  0.021
56274.21  17.513  0.023
56277.27  17.503  0.024
56281.21  17.656  0.014
56283.25  17.779  0.022
56288.29  18.086  0.024
56292.22  18.312  0.025
56294.27  18.404  0.022
56295.22  18.438  0.021
56296.24  18.475  0.021
56298.18  18.552  0.021
56300.19  18.634  0.024
56304.20  18.803  0.025
56309.13  18.987  0.028
56311.18  19.058  0.028
56318.10  19.297  0.032
56326.16  19.571  0.031
56339.08  19.943  0.028
56353.09  20.343  0.058
56360.05  20.561  0.053
56367.03  20.697  0.052
56369.04  20.789  0.063
56370.09  20.744  0.083
56377.01  21.043  0.081
56386.01  21.174  0.095
filter H
56236.28  17.376  0.026
56237.31  17.221  0.026
56253.32  17.510  0.024
56254.29  17.472  0.025
56259.18  17.628  0.025
56264.16  17.519  0.024
56265.24  17.517  0.021
filter r
56236.32  17.214  0.011
56238.35  16.882  0.007
56239.31  16.827  0.006
56241.33  16.585  0.006
56243.27  16.468  0.008
56244.26  16.439  0.006
56245.26  16.385  0.011
56246.28  16.367  0.011
56247.27  16.364  0.008
56248.33  16.358  0.007
56249.31  16.358  0.009
56250.27  16.352  0.009
56251.25  16.381  0.009
56251.25  16.380  0.009
56252.27  16.427  0.006
56253.29  16.440  0.007
56254.22  16.493  0.008
56255.25  16.543  0.008
56256.18  16.587  0.012
56257.21  16.668  0.008
56258.21  16.718  0.009
56259.17  16.769  0.010
56261.21  16.884  0.013
56262.21  16.918  0.010
56263.20  16.964  0.009
56264.27  16.992  0.010
56265.19  16.997  0.008
56266.19  17.013  0.008
56267.20  17.046  0.007
56268.26  17.067  0.006
56269.30  17.070  0.011
56270.26  17.115  0.007
56271.26  17.144  0.006
56274.20  17.213  0.008
56274.21  17.218  0.010
56277.27  17.335  0.011
56281.20  17.554  0.007
56283.25  17.680  0.009
56288.30  17.954  0.013
56292.21  18.114  0.013
56294.27  18.191  0.012
56295.21  18.232  0.009
56296.25  18.237  0.009
56298.19  18.305  0.008
56300.18  18.374  0.010
56304.19  18.499  0.010
56309.12  18.654  0.012
56311.17  18.713  0.015
56318.09  18.880  0.016
56326.15  19.146  0.012
56339.07  19.510  0.015
56346.12  19.693  0.057
56353.08  19.924  0.022
56360.04  20.136  0.023
56367.02  20.313  0.025
56369.03  20.327  0.025
56370.08  20.437  0.041
56377.00  20.562  0.049
56386.00  20.769  0.035
filter u
56238.34  17.314  0.013
56239.31  17.178  0.013
56241.35  16.904  0.011
56243.28  16.787  0.013
56244.27  16.795  0.013
56245.27  16.774  0.015
56246.29  16.793  0.013
56247.28  16.873  0.012
56248.33  16.927  0.013
56249.32  16.980  0.013
56250.28  17.051  0.014
56251.26  17.137  0.014
56253.31  17.286  0.013
56254.23  17.398  0.012
56255.25  17.524  0.013
56256.18  17.628  0.015
56257.22  17.775  0.016
56258.21  17.937  0.029
56259.18  18.117  0.040
56259.19  18.071  0.028
56261.22  18.285  0.042
56262.22  18.436  0.028
56263.20  18.676  0.034
56263.21  18.595  0.032
56264.27  18.756  0.033
56264.28  18.749  0.028
56265.20  18.844  0.028
56265.20  18.857  0.026
56266.19  19.045  0.028
56267.21  19.126  0.028
56268.27  19.248  0.030
56269.31  19.318  0.032
56270.27  19.448  0.032
56271.27  19.601  0.038
56274.22  19.792  0.039
56277.28  20.054  0.039
56283.24  20.334  0.047
filter V
56236.32  17.123  0.010
56238.33  16.831  0.007
56239.30  16.737  0.007
56241.36  16.538  0.007
56243.27  16.429  0.008
56244.28  16.398  0.006
56245.28  16.363  0.008
56246.30  16.355  0.008
56247.29  16.360  0.007
56248.32  16.365  0.007
56249.32  16.363  0.008
56250.29  16.375  0.009
56251.24  16.405  0.009
56252.28  16.434  0.006
56253.29  16.447  0.010
56254.22  16.487  0.007
56255.26  16.519  0.010
56256.19  16.573  0.009
56257.23  16.621  0.009
56258.20  16.667  0.008
56259.17  16.727  0.012
56259.17  16.736  0.013
56261.20  16.862  0.018
56262.21  16.912  0.011
56263.21  16.979  0.008
56264.25  17.026  0.008
56265.18  17.087  0.008
56266.20  17.154  0.009
56267.21  17.214  0.008
56268.26  17.257  0.007
56269.30  17.319  0.010
56270.25  17.384  0.008
56271.26  17.432  0.007
56274.22  17.603  0.009
56277.26  17.798  0.011
56281.20  18.035  0.009
56283.23  18.169  0.011
56288.30  18.399  0.019
56292.20  18.527  0.013
56294.26  18.612  0.011
56295.23  18.635  0.012
56296.23  18.660  0.011
56298.17  18.721  0.010
56300.19  18.775  0.014
56304.19  18.840  0.016
56309.11  18.971  0.015
56311.19  19.032  0.020
56318.08  19.157  0.025
56326.14  19.369  0.016
56332.05  19.480  0.016
filter Y
56236.26  17.269  0.015
56237.29  17.109  0.016
56253.30  17.526  0.016
56254.30  17.544  0.016
56258.19  17.641  0.016
56259.16  17.593  0.018
56264.14  17.398  0.014
56265.23  17.360  0.015
56266.24  17.260  0.014
filter B
56236.33  17.110  0.010
56238.33  16.789  0.009
56239.30  16.698  0.008
56241.36  16.486  0.008
56243.26  16.375  0.008
56244.28  16.346  0.008
56245.28  16.326  0.008
56246.30  16.324  0.008
56247.30  16.338  0.008
56248.32  16.365  0.008
56249.33  16.386  0.008
56250.28  16.416  0.010
56251.24  16.468  0.011
56252.29  16.533  0.007
56253.30  16.584  0.009
56254.23  16.651  0.008
56255.27  16.737  0.011
56256.19  16.809  0.010
56257.23  16.916  0.011
56258.20  17.006  0.012
56259.16  17.080  0.017
56259.16  17.109  0.016
56261.20  17.302  0.017
56262.21  17.422  0.013
56263.22  17.524  0.011
56264.26  17.628  0.010
56265.17  17.771  0.036
56265.17  17.723  0.010
56265.18  17.727  0.011
56266.20  17.848  0.011
56267.22  17.949  0.010
56268.25  18.055  0.011
56269.29  18.123  0.013
56270.25  18.237  0.010
56271.25  18.329  0.011
56274.23  18.587  0.013
56277.26  18.823  0.013
56281.19  19.057  0.015
56283.22  19.212  0.014
56288.31  19.361  0.034
56292.19  19.455  0.024
56294.25  19.576  0.026
56295.24  19.557  0.017
56296.22  19.569  0.016
56298.16  19.601  0.012
56300.20  19.648  0.021
56304.18  19.715  0.024
56309.12  19.765  0.027
56311.19  19.853  0.024
56318.07  19.800  0.049
56326.13  19.992  0.020
56332.05  20.081  0.021
