OGLE16euo 0.070000 42.579790 -75.391500
filter Is
57396.09507  21.777  0.566
57648.24983  21.178  0.266
57684.22511  19.866  0.080
57690.27292  19.015  0.029
57693.31038  18.948  0.045
57699.16868  18.843  0.029
57703.08498  18.917  0.029
57708.10456  19.083  0.043
57712.12851  19.201  0.041
57719.11773  19.545  0.055
57734.17767  20.126  0.141
57738.10147  20.142  0.098
57742.09053  20.294  0.073
57750.07608  20.539  0.107
57757.12660  20.983  0.250
57760.08735  20.955  0.159
57763.08931  20.986  0.231
57766.10015  20.955  0.214
57772.09752  21.167  0.262
57782.02085  21.412  0.252
57786.02577  21.446  0.226
57790.00760  21.112  0.321
57801.99089  20.922  0.326
