PS1-14xw 0.024500 253.240125 2.393472
filter B
56782.29  16.081  0.009
56783.31  16.096  0.013
56784.35  16.073  0.005
56785.33  16.070  0.012
56786.33  16.104  0.011
56788.37  16.112  0.016
56789.28  16.115  0.009
56790.20  16.160  0.010
56791.25  16.200  0.011
56794.24  16.374  0.012
56795.28  16.472  0.013
56796.23  16.554  0.012
56798.31  16.744  0.011
56804.24  17.409  0.015
56807.28  17.756  0.009
56809.25  17.948  0.016
filter g
56782.30  16.038  0.006
56783.30  16.043  0.027
56784.36  15.999  0.005
56785.32  15.981  0.010
56786.33  16.008  0.010
56788.36  16.024  0.008
56789.27  16.052  0.008
56790.20  16.071  0.010
56791.26  16.099  0.009
56794.25  16.257  0.010
56795.28  16.332  0.014
56796.22  16.399  0.011
56798.30  16.534  0.008
56804.23  17.069  0.008
56807.29  17.348  0.006
56809.24  17.527  0.011
filter i
56782.29  16.534  0.013
56784.36  16.560  0.009
56785.33  16.576  0.017
56786.33  16.624  0.017
56788.36  16.631  0.015
56789.27  16.697  0.016
56790.20  16.709  0.013
56791.25  16.714  0.014
56794.25  16.887  0.016
56795.28  17.025  0.019
56796.22  17.129  0.020
56798.31  17.230  0.018
56804.23  17.331  0.016
56807.29  17.215  0.009
56809.23  17.171  0.018
filter H
56785.26  16.685  0.014
56786.27  16.718  0.016
56787.21  16.758  0.017
56790.25  16.910  0.015
56792.28  16.919  0.012
56795.25  17.047  0.015
filter r
56782.29  16.050  0.010
56783.30  16.023  0.024
56784.36  15.988  0.008
56785.33  15.955  0.011
56786.33  15.968  0.014
56788.36  15.957  0.011
56789.27  15.969  0.011
56790.20  15.991  0.009
56791.26  16.018  0.013
56794.25  16.185  0.013
56795.28  16.280  0.015
56796.22  16.349  0.015
56798.30  16.452  0.008
56804.23  16.688  0.009
56807.29  16.704  0.006
56809.24  16.745  0.013
filter u
56782.30  16.591  0.012
56783.30  16.590  0.022
56784.36  16.628  0.010
56785.33  16.659  0.017
56786.33  16.733  0.021
56788.36  16.864  0.023
56789.28  16.944  0.017
56791.26  17.080  0.040
56794.25  17.306  0.017
56795.28  17.451  0.025
56796.23  17.579  0.019
56798.31  17.810  0.024
56804.23  18.683  0.102
56807.30  18.997  0.031
56809.24  19.293  0.070
filter V
56782.29  16.080  0.007
56783.30  16.064  0.018
56784.35  16.007  0.006
56785.33  16.034  0.014
56786.33  16.032  0.012
56788.37  16.013  0.013
56789.28  16.016  0.011
56790.20  16.037  0.010
56791.25  16.088  0.011
56794.24  16.171  0.010
56795.28  16.225  0.012
56796.23  16.304  0.014
56798.31  16.397  0.008
56804.23  16.775  0.010
56807.28  16.931  0.006
56809.24  17.045  0.015
filter Y
56785.25  16.755  0.008
56786.25  16.824  0.008
56787.19  16.921  0.011
56790.22  17.138  0.007
56792.26  17.229  0.008
56795.23  17.332  0.013
filter Jrc2
56785.28  16.438  0.009
56786.28  16.486  0.009
56787.24  16.527  0.009
56790.26  16.774  0.008
56795.26  17.407  0.011
