PS1-13eao 0.037753 52.484792 -28.771583
filter Jrc2
56622.08  17.469  0.030
56623.11  17.598  0.032
56624.20  17.796  0.034
filter i
56622.15  19.301  0.023
56623.14  19.359  0.023
56624.17  19.422  0.023
56625.18  19.398  0.027
56631.14  19.718  0.050
56632.17  19.784  0.029
56633.19  19.886  0.031
56649.18  19.927  0.040
filter H
56622.05  17.546  0.037
56623.09  17.627  0.040
56624.18  17.561  0.044
filter r
56622.14  19.766  0.026
56623.13  19.753  0.026
56624.16  19.686  0.024
56625.18  19.699  0.025
56631.13  19.984  0.033
56632.17  19.908  0.024
56633.18  20.009  0.030
56637.22  20.327  0.033
56645.23  20.458  0.037
56649.17  20.540  0.047
filter V
56622.17  20.691  0.043
56623.16  20.612  0.042
56624.15  20.610  0.042
56625.20  20.535  0.042
56631.15  20.617  0.072
56632.16  20.744  0.041
56633.17  20.823  0.047
56637.22  21.110  0.077
filter Y
56622.03  17.902  0.024
56623.07  17.938  0.026
56624.16  18.095  0.028
filter B
56623.17  22.301  0.142
56624.14  21.974  0.104
