PS15sv 0.033277 243.298917 1.591972
filter B
57110.35  16.826  0.011
57111.39  16.753  0.017
57112.36  16.735  0.012
57113.35  16.720  0.015
57117.38  16.769  0.015
57118.29  16.793  0.013
57122.31  17.026  0.012
57123.33  17.116  0.016
57125.34  17.309  0.019
57126.35  17.408  0.019
57129.32  17.755  0.026
57130.36  17.887  0.018
57132.34  18.107  0.030
57134.33  18.379  0.024
57135.36  18.440  0.025
57137.36  18.631  0.027
57138.33  18.730  0.043
57140.24  18.885  0.028
57142.27  18.998  0.037
57144.28  19.113  0.044
57146.28  19.410  0.114
57151.31  19.470  0.046
57152.31  19.462  0.048
57154.23  19.582  0.075
57156.25  19.676  0.074
57158.23  19.693  0.060
57160.31  19.729  0.054
57162.23  19.761  0.085
57164.20  19.796  0.056
57166.25  19.852  0.061
57181.25  19.975  0.054
57182.30  20.129  0.070
filter g
57110.34  16.741  0.009
57111.38  16.678  0.014
57112.36  16.654  0.010
57113.36  16.643  0.010
57117.38  16.657  0.013
57118.30  16.689  0.011
57122.31  16.878  0.011
57123.34  16.942  0.012
57125.34  17.129  0.013
57126.36  17.211  0.013
57129.31  17.500  0.011
57130.36  17.620  0.013
57132.35  17.802  0.020
57134.33  17.984  0.016
57135.37  18.093  0.017
57137.34  18.278  0.019
57138.34  18.352  0.022
57140.26  18.514  0.023
57142.28  18.623  0.025
57144.29  18.783  0.031
57146.26  18.905  0.064
57146.26  18.972  0.083
57151.30  19.102  0.029
57152.30  19.182  0.030
57154.24  19.256  0.038
57156.26  19.333  0.062
57158.24  19.401  0.031
57160.30  19.404  0.031
57162.24  19.467  0.041
57164.21  19.474  0.033
57166.26  19.540  0.041
57181.26  19.755  0.047
57182.28  19.731  0.039
filter i
57110.35  17.186  0.019
57110.35  17.139  0.014
57111.38  17.142  0.021
57112.36  17.188  0.015
57113.36  17.220  0.016
57117.38  17.285  0.022
57118.30  17.257  0.029
57122.32  17.483  0.020
57123.34  17.557  0.021
57125.35  17.731  0.034
57126.36  17.793  0.031
57129.31  17.904  0.026
57130.36  17.954  0.024
57132.35  17.883  0.031
57134.34  17.869  0.023
57135.37  17.806  0.030
57137.35  17.801  0.029
57138.34  17.801  0.029
57140.26  17.811  0.022
57142.28  17.779  0.026
57144.29  17.798  0.022
57146.26  17.750  0.028
57146.27  17.767  0.024
57151.30  18.011  0.022
57152.30  18.002  0.026
57154.24  18.113  0.037
57156.26  18.245  0.049
57158.25  18.432  0.027
57160.31  18.491  0.039
57162.25  18.600  0.039
57164.22  18.626  0.040
57166.26  18.741  0.046
57177.27  19.139  0.080
57177.27  19.052  0.079
57179.26  19.285  0.087
57181.27  19.218  0.066
57182.28  19.334  0.058
filter H
57115.35  17.593  0.039
filter r
57110.34  16.788  0.016
57111.38  16.738  0.017
57112.36  16.712  0.011
57113.36  16.704  0.012
57117.38  16.644  0.012
57118.30  16.661  0.013
57122.32  16.809  0.015
57123.34  16.856  0.013
57125.35  16.987  0.022
57126.36  17.067  0.015
57129.31  17.205  0.011
57130.36  17.271  0.012
57132.35  17.313  0.020
57134.33  17.368  0.015
57135.37  17.386  0.017
57137.34  17.434  0.019
57138.34  17.454  0.021
57140.25  17.516  0.020
57142.27  17.556  0.018
57144.28  17.648  0.013
57146.25  17.706  0.028
57146.26  17.649  0.023
57151.29  17.916  0.015
57152.30  17.960  0.017
57154.24  18.070  0.028
57156.26  18.162  0.038
57158.25  18.266  0.024
57160.30  18.319  0.026
57162.25  18.360  0.030
57164.22  18.433  0.031
57166.26  18.509  0.030
57177.27  18.855  0.067
57177.27  18.860  0.068
57177.27  18.914  0.072
57179.26  18.932  0.049
57181.26  18.994  0.034
57182.28  19.021  0.026
filter u
57110.35  17.274  0.033
57111.38  17.104  0.020
57112.37  17.074  0.015
57113.37  17.134  0.013
57117.38  17.363  0.020
57118.31  17.369  0.018
57122.32  17.853  0.017
57123.35  17.936  0.017
57125.34  18.226  0.040
57125.34  18.186  0.023
57126.36  18.353  0.027
57129.31  18.845  0.036
57130.37  19.078  0.042
57132.35  19.280  0.041
57134.34  19.533  0.043
57135.38  19.778  0.063
57137.35  19.944  0.061
57138.35  20.008  0.062
57140.26  20.156  0.060
57142.29  20.301  0.088
filter V
57110.35  16.774  0.012
57111.38  16.738  0.012
57112.36  16.695  0.013
57113.36  16.695  0.015
57117.38  16.668  0.015
57118.29  16.701  0.012
57122.31  16.861  0.012
57123.34  16.896  0.013
57125.33  17.033  0.014
57126.35  17.095  0.014
57129.32  17.276  0.015
57130.36  17.386  0.013
57132.34  17.479  0.015
57134.33  17.615  0.013
57135.37  17.681  0.016
57137.36  17.791  0.013
57138.34  17.833  0.016
57140.25  17.969  0.015
57142.27  18.069  0.017
57144.28  18.165  0.025
57146.28  18.233  0.037
57151.30  18.482  0.024
57152.30  18.536  0.022
57154.23  18.662  0.027
57156.25  18.758  0.030
57158.23  18.811  0.020
57160.31  18.840  0.022
57162.24  18.874  0.028
57164.21  18.987  0.022
57166.25  19.003  0.022
57177.26  19.330  0.097
57179.26  19.378  0.096
57181.25  19.374  0.035
57182.29  19.443  0.041
filter Y
57111.31  17.244  0.017
57112.34  17.332  0.032
57114.30  17.397  0.016
57115.34  17.503  0.015
57120.29  17.913  0.020
filter Jrc2
57111.37  17.030  0.012
57112.35  17.037  0.021
57113.36  17.069  0.026
57114.31  17.118  0.017
57115.36  17.227  0.017
57120.31  17.621  0.021
