PS15mt 0.071122 148.684040 23.198083
filter ps1_g
57100.395  5269.5  41.1
57105.238  5700.0  48.2
57119.344  3460.8  90.1
57127.375  1815.1  116.8
57133.344  1203.7  105.7
57145.297  577.1  142.1
filter ps1_i
57100.398  3052.4  39.5
57105.242  3046.9  43.0
57119.344  1696.7  68.0
57127.375  1517.6  122.8
57133.348  1830.9  114.1
57145.297  1147.2  98.8
filter ps1_r
57100.398  4484.3  37.5
57105.238  5255.6  43.4
57119.344  3385.9  78.5
57127.375  2834.4  109.3
57133.348  2345.4  115.0
57145.297  1184.4  95.0
filter ps1_z
57100.402  2514.1  54.9
57105.242  2842.4  61.3
57119.344  1341.8  89.5
57127.375  1077.4  181.3
57133.348  1333.4  160.9
57145.297  1311.6  128.4
