PTF11pra 0.017543 34.690875 -6.641944
filter B
55866.17  18.340  0.021
55867.14  18.408  0.021
55868.20  18.495  0.019
55869.17  18.610  0.022
55870.16  18.794  0.024
55871.18  18.902  0.026
55872.19  19.124  0.028
55873.16  19.295  0.034
55874.14  19.428  0.081
55875.23  19.473  0.057
55876.19  19.733  0.071
55876.20  19.824  0.094
55876.21  19.816  0.118
55878.17  20.014  0.074
55879.17  20.035  0.047
55880.19  20.022  0.046
55881.18  20.164  0.053
55882.18  20.190  0.038
55883.18  20.285  0.044
55884.23  20.508  0.141
55885.19  20.450  0.053
55886.23  20.479  0.063
55887.20  20.504  0.068
55888.17  20.545  0.055
55889.12  20.477  0.044
55890.19  20.550  0.052
55891.16  20.619  0.043
55892.16  20.673  0.091
55893.18  20.665  0.058
55894.17  20.747  0.048
55895.17  20.759  0.092
55896.17  20.778  0.102
55897.19  20.744  0.061
55899.23  20.851  0.078
55900.18  20.770  0.099
55901.18  20.950  0.134
55902.12  21.004  0.135
55909.12  21.229  0.106
55910.13  21.167  0.088
55912.12  21.106  0.071
55913.11  21.279  0.082
55914.11  21.197  0.077
filter g
55866.15  17.801  0.013
55867.17  17.823  0.014
55868.18  17.907  0.014
55869.15  18.004  0.016
55870.14  18.132  0.016
55871.16  18.283  0.016
55872.17  18.434  0.016
55873.14  18.613  0.023
55874.16  18.832  0.040
55875.19  18.913  0.028
55876.13  19.055  0.045
55876.14  19.125  0.055
55876.14  19.047  0.035
55878.18  19.282  0.028
55879.14  19.378  0.022
55880.20  19.459  0.022
55881.16  19.566  0.022
55882.20  19.630  0.024
55883.21  19.678  0.021
55884.26  19.696  0.125
55885.17  19.754  0.029
55886.26  19.843  0.030
55887.17  19.901  0.031
55888.20  19.970  0.024
55889.15  19.986  0.028
55890.22  20.046  0.029
55891.14  20.095  0.024
55892.17  20.146  0.063
55893.18  20.157  0.034
55894.14  20.209  0.026
55895.15  20.163  0.036
55896.15  20.284  0.033
55897.16  20.297  0.034
55899.25  20.331  0.035
55900.16  20.341  0.052
55901.15  20.344  0.056
55902.14  20.347  0.061
55903.19  20.377  0.074
55904.11  20.515  0.096
55905.16  20.567  0.091
55906.12  20.525  0.066
55907.12  20.486  0.056
55908.20  20.468  0.170
55909.15  20.708  0.059
55910.15  20.540  0.046
55912.14  20.620  0.040
55913.08  20.610  0.041
55914.08  20.612  0.041
filter i
55866.17  17.135  0.029
55867.15  17.089  0.032
55868.19  17.143  0.031
55869.17  17.149  0.034
55870.15  17.106  0.032
55871.18  17.090  0.032
55872.19  17.208  0.032
55873.16  17.252  0.033
55874.14  17.168  0.081
55875.21  17.325  0.078
55876.16  17.506  0.138
55878.19  17.479  0.076
55879.15  17.589  0.029
55880.22  17.671  0.031
55881.17  17.739  0.031
55882.18  17.808  0.030
55883.19  17.919  0.030
55884.24  17.994  0.037
55885.19  18.093  0.030
55886.24  18.259  0.033
55887.20  18.219  0.036
55888.19  18.365  0.033
55889.13  18.393  0.035
55890.21  18.509  0.034
55891.13  18.557  0.032
55892.18  18.547  0.094
55893.19  18.601  0.079
55893.20  18.632  0.078
55894.16  18.723  0.033
55895.17  18.786  0.036
55896.17  18.822  0.037
55897.18  18.880  0.038
55899.23  18.992  0.037
55900.18  19.043  0.039
55901.17  19.100  0.042
55902.15  19.145  0.040
55903.17  19.239  0.046
55904.12  19.243  0.050
55905.14  19.350  0.070
55905.17  19.239  0.039
55906.14  19.262  0.046
55907.13  19.364  0.039
55908.18  19.514  0.098
55909.13  19.375  0.044
55910.14  19.441  0.046
55912.12  19.520  0.041
55913.10  19.542  0.046
55914.10  19.532  0.047
filter H
55867.17  16.540  0.021
55868.15  16.578  0.025
55870.03  16.609  0.027
55872.21  16.684  0.024
55874.17  16.763  0.028
55876.15  16.869  0.037
55914.10  19.385  0.163
filter r
55866.16  17.037  0.011
55867.15  16.981  0.014
55868.19  16.980  0.011
55869.16  16.991  0.014
55870.15  17.036  0.012
55871.17  17.077  0.013
55872.18  17.176  0.012
55873.15  17.233  0.014
55874.15  17.348  0.015
55875.21  17.434  0.013
55876.15  17.517  0.026
55878.18  17.701  0.010
55879.14  17.784  0.009
55880.21  17.867  0.014
55881.17  17.952  0.012
55882.19  18.059  0.014
55883.19  18.141  0.013
55884.24  18.236  0.018
55885.18  18.336  0.013
55886.24  18.424  0.016
55887.19  18.518  0.019
55888.19  18.552  0.014
55889.15  18.614  0.016
55890.22  18.686  0.017
55891.14  18.728  0.014
55892.18  18.817  0.022
55893.19  18.851  0.017
55894.15  18.911  0.015
55895.16  18.929  0.020
55896.16  18.999  0.018
55897.17  19.030  0.020
55899.24  19.155  0.021
55900.17  19.230  0.027
55901.17  19.152  0.024
55902.15  19.258  0.025
55903.18  19.316  0.039
55904.11  19.334  0.032
55905.15  19.415  0.035
55906.13  19.430  0.026
55907.12  19.466  0.029
55908.19  19.594  0.113
55909.13  19.595  0.029
55910.14  19.597  0.031
55912.13  19.690  0.029
55913.10  19.741  0.028
55914.10  19.815  0.031
filter V
55866.18  17.312  0.024
55867.13  17.347  0.024
55867.14  17.302  0.025
55868.20  17.321  0.025
55869.18  17.379  0.024
55870.16  17.448  0.026
55871.19  17.541  0.024
55872.20  17.645  0.025
55873.17  17.771  0.025
55874.13  17.933  0.040
55875.22  18.006  0.041
55876.17  18.240  0.113
55876.17  18.107  0.052
55876.18  18.129  0.053
55878.16  18.344  0.032
55879.18  18.443  0.026
55880.19  18.530  0.031
55881.19  18.616  0.027
55882.17  18.684  0.026
55883.18  18.783  0.028
55884.22  18.867  0.038
55885.20  18.943  0.030
55886.23  19.018  0.023
55887.21  19.081  0.037
55888.17  19.103  0.032
55889.12  19.187  0.030
55890.19  19.191  0.030
55891.16  19.273  0.027
55892.16  19.259  0.038
55893.17  19.357  0.039
55894.17  19.399  0.030
55895.18  19.396  0.033
55896.18  19.441  0.032
55897.19  19.539  0.035
55899.22  19.581  0.035
55900.19  19.710  0.049
55901.18  19.629  0.048
55902.12  19.589  0.043
55903.21  19.793  0.081
55904.13  19.674  0.100
55905.11  19.803  0.069
55905.13  19.839  0.076
55906.20  19.685  0.077
55907.14  19.775  0.053
55908.17  19.665  0.139
55909.12  19.982  0.049
55910.12  19.907  0.040
55912.11  20.041  0.043
55913.12  19.928  0.048
55914.12  20.107  0.050
filter Y
55867.16  16.619  0.016
55868.14  16.636  0.016
55870.03  16.643  0.015
55872.22  16.637  0.015
55874.19  16.631  0.015
55876.16  16.727  0.022
55907.15  18.458  0.026
55912.10  18.614  0.021
55913.08  18.703  0.024
55914.09  18.742  0.029
55914.12  18.757  0.025
filter Jrc2
55867.20  16.592  0.018
55868.18  16.604  0.019
55870.04  16.710  0.020
55872.19  16.879  0.021
55874.20  16.995  0.023
55876.12  17.158  0.025
