PTF13duj 0.016940 318.436583 13.575861
filter B
56594.02  15.667  0.007
56599.03  15.324  0.007
56601.06  15.319  0.013
56602.03  15.319  0.009
56604.05  15.357  0.009
56608.01  15.533  0.009
56611.02  15.753  0.012
56611.03  15.780  0.011
56613.03  15.912  0.013
56620.02  16.677  0.031
56623.03  16.975  0.015
filter g
56594.02  15.646  0.007
56599.03  15.288  0.005
56601.06  15.250  0.006
56602.03  15.253  0.006
56604.05  15.275  0.006
56608.02  15.417  0.007
56611.03  15.598  0.009
56613.03  15.737  0.008
56620.02  16.342  0.024
56623.03  16.583  0.010
filter i
56594.03  16.064  0.010
56599.04  15.854  0.008
56601.06  15.877  0.014
56602.04  15.883  0.012
56604.06  15.961  0.012
56608.02  16.031  0.011
56611.03  16.239  0.013
56613.03  16.428  0.017
56620.02  16.609  0.024
56623.03  16.447  0.012
filter H
56612.01  16.436  0.014
56617.04  16.423  0.023
filter r
56594.03  15.695  0.007
56599.03  15.297  0.005
56601.06  15.227  0.012
56602.03  15.214  0.009
56604.06  15.198  0.012
56608.02  15.295  0.007
56611.03  15.463  0.009
56613.03  15.612  0.008
56620.02  15.883  0.014
56623.03  15.895  0.009
filter u
56594.03  16.059  0.015
56594.03  16.070  0.010
56599.04  15.857  0.010
56601.06  15.936  0.012
56602.04  15.975  0.010
56608.02  16.397  0.013
56611.03  16.662  0.023
56613.04  16.914  0.024
56620.02  17.773  0.039
56623.04  18.103  0.032
filter V
56594.02  15.696  0.009
56599.02  15.284  0.011
56599.02  15.303  0.008
56601.06  15.224  0.012
56602.03  15.206  0.008
56604.05  15.203  0.009
56608.01  15.285  0.009
56611.03  15.406  0.010
56613.03  15.559  0.009
56620.02  15.926  0.023
56623.03  16.062  0.012
filter Y
56612.00  16.701  0.010
56617.02  16.617  0.008
filter Jrc2
56612.02  16.986  0.014
56617.05  17.418  0.022
