PTF14aje 0.027671 231.300292 -1.814306
filter B
56755.32  19.302  0.019
56756.28  19.232  0.019
56757.34  19.187  0.016
56758.31  19.255  0.022
56759.35  19.224  0.018
56760.29  19.277  0.026
56761.28  19.242  0.054
56761.29  19.329  0.053
56766.27  19.858  0.044
56766.28  19.864  0.036
56767.30  19.986  0.038
56768.33  20.117  0.030
56769.27  20.349  0.036
56770.23  20.431  0.028
56771.31  20.591  0.033
56772.29  20.707  0.031
56774.25  21.081  0.071
56775.34  21.246  0.061
56776.35  21.342  0.072
56776.35  21.120  0.056
56782.28  21.708  0.078
56782.28  21.585  0.081
56784.34  21.656  0.126
56786.28  21.825  0.068
56804.20  22.509  0.129
filter g
56755.29  18.958  0.012
56756.26  18.891  0.015
56757.32  18.861  0.011
56758.29  18.856  0.019
56759.33  18.858  0.015
56760.27  18.822  0.023
56761.30  18.942  0.039
56761.30  19.005  0.036
56762.37  18.949  0.020
56763.29  18.982  0.042
56766.25  19.308  0.040
56767.30  19.425  0.032
56768.35  19.525  0.027
56769.26  19.647  0.020
56770.25  19.787  0.017
56771.29  19.900  0.019
56772.30  20.084  0.020
56773.34  20.244  0.027
56774.24  20.361  0.025
56775.33  20.414  0.025
56776.38  20.560  0.031
56782.26  21.035  0.031
56784.33  21.212  0.053
56786.29  21.242  0.045
56804.21  21.895  0.071
filter i
56753.38  18.183  0.017
56755.29  18.018  0.014
56756.26  18.003  0.013
56757.33  18.038  0.014
56758.30  18.084  0.014
56759.34  18.102  0.014
56760.28  18.104  0.016
56761.30  18.158  0.018
56761.31  18.134  0.022
56762.37  18.165  0.022
56763.28  18.191  0.027
56766.25  18.494  0.025
56767.29  18.602  0.027
56768.35  18.537  0.019
56769.25  18.604  0.021
56770.25  18.586  0.016
56771.30  18.568  0.018
56772.31  18.540  0.017
56773.35  18.538  0.016
56774.24  18.498  0.012
56775.32  18.522  0.014
56776.36  18.544  0.014
56782.24  18.911  0.016
56784.34  19.095  0.027
56786.30  19.251  0.028
56793.32  19.676  0.069
56793.32  19.718  0.079
56796.29  19.749  0.052
56804.22  20.149  0.043
filter H
56756.30  17.122  0.012
56757.33  17.333  0.014
56758.28  17.398  0.019
56759.35  17.512  0.021
56760.34  17.442  0.021
56761.33  17.566  0.023
filter r
56753.38  18.385  0.026
56755.29  18.238  0.011
56756.26  18.189  0.015
56757.32  18.117  0.013
56758.29  18.108  0.014
56759.33  18.079  0.013
56760.27  18.071  0.014
56761.30  18.115  0.021
56761.30  18.077  0.021
56762.37  18.094  0.015
56763.28  18.103  0.028
56766.25  18.366  0.023
56767.29  18.429  0.021
56768.35  18.455  0.017
56769.25  18.503  0.018
56770.25  18.563  0.012
56771.29  18.619  0.016
56772.30  18.654  0.015
56773.35  18.698  0.012
56774.24  18.749  0.015
56775.32  18.755  0.015
56776.37  18.837  0.013
56782.25  19.348  0.017
56784.33  19.489  0.023
56786.30  19.570  0.025
56793.33  19.883  0.118
56793.33  19.902  0.101
56796.29  19.997  0.054
56804.21  20.348  0.032
filter V
56755.31  18.659  0.016
56756.27  18.561  0.016
56757.34  18.528  0.012
56758.31  18.495  0.019
56759.35  18.481  0.015
56760.29  18.486  0.020
56761.29  18.488  0.023
56761.29  18.525  0.027
56762.38  18.498  0.023
56763.28  18.507  0.038
56766.27  18.704  0.021
56767.30  18.775  0.023
56768.34  18.885  0.020
56769.26  19.004  0.021
56770.24  19.088  0.018
56771.30  19.139  0.020
56772.31  19.304  0.020
56773.36  19.340  0.022
56774.25  19.430  0.020
56775.34  19.517  0.021
56776.36  19.600  0.025
56782.26  20.090  0.025
56784.34  20.221  0.042
56786.29  20.315  0.042
56796.30  20.721  0.104
56796.31  20.654  0.094
56804.20  21.000  0.053
filter Y
56756.28  17.483  0.009
56757.31  17.519  0.009
56758.25  17.568  0.009
56759.33  17.628  0.011
56760.32  17.713  0.012
56761.32  17.760  0.013
filter Jrc2
56756.33  17.209  0.011
56757.35  17.271  0.008
56758.30  17.337  0.010
56759.38  17.392  0.011
56760.35  17.453  0.013
56761.34  17.573  0.013
