PTF14gnl 0.053690 5.951375 -3.857750
filter B
56943.15  19.482  0.020
56944.19  19.038  0.016
56948.22  18.039  0.010
56949.19  17.916  0.009
56950.19  17.793  0.009
56955.19  17.535  0.009
56958.17  17.545  0.012
56963.21  17.752  0.013
56971.18  18.387  0.021
56973.12  18.626  0.013
56974.11  18.746  0.017
56975.11  18.821  0.016
56976.12  18.928  0.013
56977.12  19.074  0.016
56978.12  19.159  0.017
56981.10  19.481  0.026
56983.10  19.663  0.023
56985.06  19.786  0.030
56987.12  19.925  0.028
56994.10  20.479  0.148
filter i
56944.21  19.252  0.024
56948.21  18.310  0.017
56949.19  18.218  0.018
56950.18  18.108  0.014
56955.19  18.085  0.019
56958.18  18.152  0.017
56963.20  18.348  0.020
56971.17  18.877  0.032
56973.11  18.940  0.023
56974.11  18.927  0.026
56975.10  18.875  0.028
56976.11  18.852  0.028
56977.11  18.799  0.028
56978.11  18.864  0.027
56981.09  18.848  0.030
56983.10  18.788  0.022
56987.12  18.728  0.022
56996.11  19.073  0.035
56998.14  19.307  0.050
57000.17  19.386  0.053
57000.17  19.424  0.055
57002.14  19.494  0.077
57002.14  19.359  0.065
filter H
56943.13  19.282  0.058
56944.18  19.084  0.064
56960.21  18.551  0.052
filter r
56943.16  19.490  0.022
56944.20  19.095  0.017
56948.21  18.141  0.013
56949.19  17.982  0.012
56950.18  17.863  0.012
56955.19  17.585  0.011
56958.17  17.553  0.011
56963.20  17.654  0.011
56965.16  17.733  0.067
56971.17  18.069  0.018
56973.11  18.165  0.013
56974.11  18.184  0.014
56975.10  18.234  0.013
56976.11  18.231  0.014
56977.11  18.286  0.015
56978.11  18.308  0.014
56981.09  18.359  0.016
56983.10  18.454  0.013
56985.07  18.515  0.014
56987.11  18.555  0.017
56996.11  19.071  0.040
56998.14  19.215  0.040
56998.14  19.217  0.039
57000.16  19.288  0.057
57000.16  19.282  0.048
57002.14  19.336  0.034
filter V
56943.15  19.393  0.022
56944.20  19.025  0.017
56948.21  18.081  0.013
56949.18  17.934  0.012
56950.19  17.854  0.011
56955.19  17.571  0.009
56958.17  17.525  0.009
56963.20  17.669  0.012
56971.18  18.058  0.016
56973.12  18.174  0.012
56974.11  18.198  0.013
56975.11  18.287  0.013
56976.11  18.317  0.012
56977.11  18.409  0.013
56978.11  18.468  0.016
56981.10  18.646  0.022
56983.10  18.813  0.019
56985.07  18.991  0.020
56987.12  19.062  0.020
56994.10  19.478  0.060
56996.11  19.501  0.053
56998.14  19.651  0.068
56998.15  19.725  0.084
57000.15  19.697  0.099
57000.16  19.810  0.108
57002.15  19.745  0.057
filter Y
56944.14  19.131  0.020
56960.19  18.467  0.017
56966.10  18.749  0.042
56972.17  18.795  0.021
filter Jrc2
56943.17  19.355  0.030
56944.22  19.008  0.037
56960.24  18.369  0.024
56972.13  19.639  0.049
