PTF11pbp 0.028903 351.981333 8.779167
filter B
55865.09  16.853  0.009
55866.03  16.756  0.009
55866.08  16.752  0.009
55867.02  16.689  0.009
55868.09  16.613  0.010
55869.10  16.568  0.010
55870.08  16.526  0.010
55871.11  16.529  0.010
55872.10  16.552  0.010
55873.09  16.561  0.011
55875.11  16.606  0.010
55876.09  16.625  0.013
55877.15  16.738  0.022
55877.15  16.752  0.053
55877.16  16.758  0.087
55878.11  16.749  0.008
55879.11  16.816  0.008
55880.10  16.872  0.009
55881.10  16.936  0.010
55882.08  17.026  0.008
55883.08  17.131  0.014
55884.09  17.216  0.011
55885.06  17.343  0.008
55886.11  17.460  0.009
55887.05  17.524  0.014
55889.05  17.802  0.010
55890.05  17.881  0.013
55891.02  18.018  0.011
55892.10  18.205  0.023
55893.06  18.246  0.012
55894.08  18.358  0.012
55895.09  18.450  0.014
55896.09  18.543  0.016
55897.08  18.662  0.019
55899.11  18.780  0.036
55900.10  18.899  0.037
55901.10  18.941  0.043
55905.06  19.180  0.061
filter g
55865.07  16.751  0.008
55866.05  16.659  0.007
55866.06  16.656  0.007
55867.03  16.588  0.008
55868.12  16.495  0.010
55869.08  16.461  0.010
55870.06  16.444  0.007
55871.08  16.427  0.008
55872.07  16.430  0.007
55873.07  16.427  0.009
55875.08  16.487  0.008
55876.12  16.473  0.018
55877.08  16.557  0.017
55877.09  16.517  0.012
55878.12  16.599  0.006
55879.11  16.637  0.006
55880.11  16.680  0.008
55881.06  16.733  0.008
55881.07  16.745  0.008
55882.05  16.795  0.006
55883.06  16.887  0.006
55884.06  16.965  0.009
55885.08  17.067  0.006
55886.05  17.164  0.006
55887.08  17.226  0.009
55889.03  17.432  0.007
55890.02  17.534  0.008
55891.04  17.637  0.006
55892.06  17.746  0.008
55892.06  17.736  0.012
55893.08  17.832  0.009
55894.07  17.915  0.009
55895.07  17.987  0.010
55896.07  18.114  0.008
55897.06  18.201  0.010
55899.09  18.344  0.016
55900.08  18.416  0.015
55901.08  18.535  0.022
55905.07  18.789  0.027
filter i
55865.08  17.069  0.011
55866.04  17.003  0.009
55866.08  16.992  0.009
55867.02  16.957  0.010
55868.10  16.941  0.013
55869.09  16.944  0.011
55870.08  16.963  0.011
55871.11  16.967  0.011
55872.09  16.989  0.013
55873.09  16.996  0.010
55875.09  17.044  0.011
55876.11  17.049  0.020
55876.11  17.005  0.026
55877.12  17.100  0.026
55877.12  17.057  0.031
55878.13  17.134  0.009
55879.12  17.165  0.008
55880.12  17.214  0.011
55881.09  17.269  0.011
55882.07  17.338  0.009
55883.08  17.411  0.009
55884.08  17.490  0.025
55885.07  17.542  0.009
55886.10  17.586  0.011
55887.07  17.576  0.012
55889.04  17.586  0.011
55890.03  17.594  0.010
55891.05  17.566  0.009
55892.07  17.556  0.012
55893.09  17.547  0.011
55894.06  17.530  0.012
55895.08  17.494  0.013
55896.09  17.488  0.009
55897.08  17.483  0.010
55899.11  17.426  0.013
55900.10  17.428  0.011
55901.09  17.456  0.013
55905.06  17.566  0.012
filter H
55867.03  16.866  0.024
55868.06  16.938  0.029
55870.01  16.984  0.032
55872.07  17.110  0.044
55874.07  17.150  0.043
55875.04  17.214  0.043
filter r
55865.08  16.805  0.008
55866.04  16.716  0.008
55866.07  16.717  0.008
55867.03  16.630  0.010
55868.11  16.556  0.011
55869.09  16.513  0.011
55870.07  16.476  0.011
55871.09  16.442  0.010
55872.09  16.422  0.008
55873.08  16.402  0.010
55875.07  16.401  0.009
55876.10  16.420  0.011
55877.09  16.421  0.038
55877.10  16.458  0.028
55877.10  16.442  0.012
55877.10  16.476  0.046
55878.12  16.482  0.006
55879.12  16.530  0.006
55880.11  16.559  0.010
55881.09  16.619  0.008
55882.07  16.675  0.009
55883.07  16.730  0.007
55884.07  16.786  0.009
55885.07  16.869  0.006
55886.10  16.926  0.006
55887.07  16.948  0.009
55889.03  17.029  0.008
55890.02  17.052  0.008
55890.03  17.052  0.008
55891.04  17.072  0.007
55893.08  17.105  0.008
55894.06  17.131  0.011
55895.08  17.149  0.010
55896.08  17.177  0.007
55897.07  17.187  0.009
55899.10  17.235  0.011
55900.09  17.288  0.009
55901.09  17.328  0.008
55905.07  17.507  0.010
filter u
55865.07  17.457  0.021
55866.05  17.325  0.020
55866.07  17.327  0.019
55867.04  17.197  0.021
55868.11  17.140  0.021
55869.08  17.137  0.020
55870.07  17.116  0.021
55871.09  17.140  0.021
55872.08  17.187  0.020
55873.08  17.248  0.025
55875.08  17.424  0.030
55875.09  17.408  0.029
55878.13  17.610  0.031
55878.14  17.683  0.033
55879.12  17.767  0.027
55879.13  17.809  0.031
55880.12  17.807  0.033
55880.13  17.798  0.023
55881.08  17.957  0.023
55882.06  18.004  0.020
55883.07  18.143  0.020
55884.07  18.360  0.033
55885.08  18.421  0.022
55886.07  18.618  0.041
55887.08  18.744  0.024
55889.04  19.033  0.027
55890.04  19.092  0.027
55891.03  19.349  0.047
55891.03  19.408  0.049
55892.08  19.366  0.074
55892.08  19.579  0.061
55892.09  19.510  0.049
55893.09  19.515  0.047
55894.07  19.767  0.056
55894.08  19.790  0.052
55895.07  19.844  0.059
55896.08  19.952  0.054
55897.07  20.046  0.072
55899.09  20.165  0.108
55900.08  20.349  0.137
55901.08  20.180  0.171
filter V
55865.09  16.812  0.007
55866.03  16.731  0.007
55866.09  16.724  0.007
55867.01  16.641  0.008
55868.09  16.594  0.008
55869.10  16.528  0.009
55870.09  16.493  0.011
55871.12  16.480  0.011
55872.10  16.462  0.009
55873.10  16.470  0.008
55875.10  16.492  0.008
55876.08  16.379  0.048
55876.08  16.488  0.011
55877.13  16.519  0.010
55877.13  16.510  0.007
55877.14  16.521  0.009
55878.11  16.538  0.007
55879.10  16.584  0.006
55880.10  16.608  0.008
55881.10  16.660  0.006
55882.08  16.704  0.006
55883.09  16.759  0.007
55884.09  16.819  0.010
55885.06  16.884  0.006
55886.11  16.955  0.006
55887.05  16.997  0.009
55889.05  17.137  0.006
55890.05  17.193  0.009
55891.02  17.249  0.007
55892.05  17.321  0.009
55893.06  17.379  0.008
55894.09  17.428  0.007
55895.10  17.499  0.009
55896.10  17.549  0.010
55897.09  17.579  0.010
55899.12  17.716  0.016
55900.11  17.740  0.016
55901.10  17.834  0.017
55905.06  18.077  0.017
filter Y
55867.06  16.828  0.021
55868.04  16.835  0.018
55870.02  16.961  0.019
55872.07  17.015  0.023
55874.08  17.165  0.022
55875.04  17.306  0.023
filter Jrc2
55867.07  16.729  0.015
55868.09  16.712  0.015
55870.00  16.743  0.015
55872.08  16.895  0.019
55874.10  16.991  0.019
55875.05  17.038  0.020
