PTF11qnr 0.016217 341.106042 -0.167222
filter V
55894.02  16.813  0.011
55894.03  16.832  0.011
55895.03  16.543  0.010
55896.03  16.335  0.008
55897.02  16.161  0.010
55899.03  15.913  0.009
55900.03  15.836  0.008
55901.03  15.776  0.008
55902.04  15.733  0.009
55903.04  15.748  0.017
55904.06  15.705  0.008
55905.05  15.711  0.009
55906.06  15.705  0.017
55907.06  15.743  0.008
55908.07  15.776  0.010
55909.03  15.812  0.009
55910.03  15.859  0.009
55911.03  15.916  0.009
55912.07  15.990  0.010
55913.03  16.049  0.008
55914.04  16.128  0.008
55916.06  16.272  0.009
55923.04  16.702  0.010
filter B
55894.02  17.193  0.013
55894.03  17.213  0.012
55895.04  16.984  0.012
55896.04  16.646  0.011
55897.03  16.454  0.012
55899.04  16.158  0.011
55900.04  16.048  0.010
55901.04  16.002  0.010
55902.04  15.959  0.011
55903.05  16.037  0.075
55904.06  15.976  0.012
55905.04  16.013  0.012
55906.06  16.045  0.012
55907.07  16.094  0.012
55908.07  16.169  0.034
55909.03  16.290  0.010
55910.04  16.417  0.010
55911.04  16.448  0.011
55912.07  16.650  0.011
55913.04  16.772  0.011
55914.05  16.855  0.011
55923.05  17.848  0.017
filter u
55894.03  17.507  0.035
55895.05  17.160  0.034
55896.05  16.900  0.034
55897.04  16.730  0.034
55899.06  16.524  0.034
55900.06  16.484  0.033
55901.06  16.468  0.034
55902.05  16.459  0.045
55902.05  16.491  0.046
55904.05  16.579  0.048
55905.04  16.703  0.038
55907.05  16.828  0.038
55909.05  16.970  0.038
55910.06  17.104  0.034
55911.06  17.192  0.048
55912.09  17.288  0.040
55913.06  17.470  0.034
55914.06  17.581  0.035
filter g
55894.04  16.867  0.012
55895.06  16.581  0.010
55896.06  16.390  0.009
55897.05  16.204  0.009
55899.07  15.978  0.009
55900.07  15.883  0.009
55901.07  15.841  0.009
55902.06  15.803  0.010
55904.03  15.793  0.010
55904.04  15.795  0.010
55905.03  15.807  0.009
55906.04  15.843  0.009
55907.04  15.880  0.009
55909.06  15.970  0.009
55910.07  16.028  0.009
55911.07  16.088  0.010
55913.07  16.255  0.009
55914.07  16.340  0.009
55924.05  17.380  0.010
filter r
55894.04  16.673  0.012
55895.05  16.398  0.012
55896.05  16.163  0.008
55897.04  16.001  0.009
55899.06  15.768  0.008
55900.05  15.701  0.008
55901.05  15.660  0.008
55902.06  15.621  0.008
55904.04  15.583  0.008
55905.03  15.578  0.008
55906.04  15.591  0.008
55907.04  15.616  0.008
55909.05  15.727  0.008
55910.06  15.793  0.008
55911.05  15.894  0.008
55912.08  15.999  0.008
55913.05  16.079  0.008
55914.06  16.158  0.008
55916.06  16.277  0.009
55924.05  16.433  0.008
filter i
55894.05  16.795  0.011
55895.04  16.486  0.011
55896.04  16.289  0.009
55897.03  16.128  0.011
55899.05  15.963  0.009
55900.04  15.950  0.009
55901.05  15.974  0.009
55902.07  16.013  0.009
55904.05  16.089  0.009
55905.02  16.115  0.010
55906.05  16.143  0.010
55907.05  16.171  0.009
55909.04  16.319  0.009
55910.04  16.418  0.009
55911.05  16.543  0.011
55912.08  16.668  0.010
55913.05  16.779  0.012
55914.05  16.837  0.010
55923.06  16.683  0.016
55924.06  16.636  0.011
filter Yd
55902.03  15.867  0.016
55902.07  15.866  0.016
55906.08  16.244  0.016
55907.04  16.362  0.015
55908.02  16.421  0.014
55909.03  16.501  0.016
55910.03  16.578  0.016
55911.02  16.637  0.016
55912.03  16.688  0.011
55913.04  16.719  0.015
55914.02  16.716  0.015
55915.02  16.686  0.014
filter Hd
55902.04  15.915  0.019
55902.06  15.852  0.016
55906.09  16.043  0.023
55907.05  16.079  0.023
55908.03  16.121  0.022
55909.04  16.213  0.025
55910.04  16.263  0.025
55910.05  16.270  0.028
55911.03  16.353  0.026
55912.04  16.461  0.020
55913.05  16.377  0.028
55914.04  16.362  0.022
55915.03  16.331  0.023
filter Jd
55902.05  15.671  0.014
55906.08  15.996  0.030
55907.06  16.118  0.030
55908.05  16.274  0.030
55909.05  16.452  0.030
55910.05  16.701  0.031
55911.04  16.959  0.033
55912.05  17.088  0.018
55913.07  17.295  0.035
55914.05  17.345  0.033
55915.05  17.435  0.033
