PTF10ops 0.060000 326.889880 5.858417
filter LTg
55392.0  19.837  0.039
55394.0  19.557  0.038
55396.2  19.376  0.080
55398.0  19.338  0.074
55402.0  19.463  0.233
55410.0  19.869  0.067
55411.1  19.965  0.068
55414.1  20.408  0.076
55417.1  20.650  0.142
filter LTi
55392.0  19.713  0.046
55394.0  19.656  0.056
55398.0  19.250  0.070
55402.0  19.008  0.118
55410.0  19.415  0.057
55411.1  19.350  0.047
55414.1  19.433  0.049
55417.1  19.477  0.070
55423.0  19.671  0.065
55468.0  21.186  0.096
filter LTr
55392.0  19.630  0.046
55394.0  19.380  0.035
55396.2  19.267  0.067
55402.0  18.955  0.126
55410.0  19.157  0.041
55411.1  19.191  0.043
55414.1  19.394  0.052
55417.1  19.388  0.075
55423.0  19.650  0.097
55468.0  21.136  0.061
filter PTF48R
55382.5  22.184  0.490
55388.4  20.233  0.081
55388.4  20.229  0.073
55397.5  19.116  0.050
55398.4  19.102  0.035
55410.5  19.231  0.050
55410.5  19.330  0.073
55417.4  19.544  0.079
55423.3  19.751  0.057
55423.3  19.797  0.057
55426.3  19.973  0.094
55426.4  19.905  0.061
55430.2  20.179  0.190
