PTF13ebh 0.013260 35.499917 33.270472
filter B
56610.13  18.441  0.023
56611.12  17.763  0.019
56612.14  17.292  0.014
56613.19  16.885  0.018
56614.10  16.582  0.009
56615.13  16.286  0.009
56617.12  15.821  0.006
56618.12  15.653  0.005
56619.10  15.527  0.006
56620.11  15.418  0.012
56621.11  15.347  0.007
56622.10  15.328  0.006
56623.09  15.319  0.006
56624.07  15.340  0.007
56625.09  15.379  0.006
56630.08  15.906  0.011
56631.09  16.074  0.007
56632.09  16.224  0.008
56633.08  16.376  0.011
56635.08  16.697  0.014
56636.08  16.837  0.014
56637.07  17.019  0.020
56638.10  17.118  0.016
56640.06  17.346  0.023
56641.09  17.441  0.030
56644.05  17.686  0.025
56645.05  17.769  0.018
56646.05  17.883  0.013
56647.05  17.933  0.014
56648.05  18.023  0.015
56649.05  18.051  0.016
56651.07  18.163  0.017
56652.09  18.172  0.024
56653.04  18.198  0.020
56654.04  18.229  0.021
56656.04  18.317  0.027
56657.07  18.359  0.015
56659.06  18.394  0.020
filter g
56610.14  18.273  0.017
56610.15  18.258  0.017
56611.13  17.618  0.012
56612.12  17.199  0.012
56613.18  16.793  0.011
56614.11  16.485  0.008
56615.12  16.193  0.006
56617.11  15.726  0.005
56618.10  15.556  0.005
56619.11  15.424  0.006
56620.10  15.317  0.007
56621.12  15.302  0.006
56622.09  15.216  0.005
56623.08  15.196  0.005
56624.06  15.199  0.005
56625.09  15.232  0.005
56630.08  15.626  0.010
56631.08  15.731  0.005
56632.08  15.851  0.005
56633.07  15.983  0.008
56635.07  16.268  0.006
56636.08  16.405  0.008
56637.07  16.537  0.008
56638.10  16.689  0.010
56640.04  16.883  0.011
56641.08  17.017  0.015
56642.05  17.038  0.072
56642.05  17.184  0.046
56644.06  17.304  0.019
56645.06  17.371  0.014
56646.05  17.458  0.013
56647.06  17.527  0.010
56648.05  17.599  0.014
56649.05  17.646  0.011
56650.07  17.690  0.014
56651.05  17.725  0.011
56652.07  17.780  0.015
56653.05  17.830  0.012
56654.04  17.844  0.011
56656.05  17.943  0.012
56657.07  17.942  0.012
filter i
56610.16  18.496  0.029
56611.14  17.793  0.017
56612.11  17.236  0.013
56613.17  16.775  0.011
56613.19  16.784  0.010
56614.12  16.454  0.007
56615.11  16.169  0.007
56617.11  15.739  0.009
56618.10  15.604  0.005
56619.11  15.496  0.008
56620.10  15.443  0.012
56621.12  15.434  0.017
56622.10  15.421  0.006
56623.09  15.450  0.010
56624.07  15.471  0.009
56625.09  15.501  0.006
56630.09  15.771  0.016
56631.08  15.851  0.011
56632.08  15.883  0.007
56633.07  15.894  0.012
56635.07  15.879  0.009
56636.08  15.857  0.011
56637.08  15.846  0.007
56638.11  15.841  0.010
56640.05  15.850  0.008
56641.08  15.898  0.008
56642.06  15.948  0.048
56642.06  15.896  0.043
56642.06  15.847  0.119
56644.06  16.040  0.009
56645.06  16.130  0.011
56646.06  16.240  0.009
56647.06  16.349  0.008
56648.05  16.436  0.010
56649.05  16.534  0.009
56650.07  16.604  0.011
56651.06  16.651  0.013
56652.07  16.742  0.026
56653.05  16.792  0.021
56654.05  16.855  0.010
56656.05  16.975  0.011
56657.05  17.020  0.011
filter H
56611.16  16.881  0.034
56611.17  16.915  0.039
56613.14  16.234  0.024
56617.12  15.431  0.023
56622.11  15.280  0.022
56623.15  15.327  0.023
56624.09  15.357  0.022
56638.07  15.460  0.022
56648.05  15.998  0.028
56650.05  16.133  0.031
56654.05  16.403  0.041
filter r
56610.15  18.093  0.016
56611.13  17.533  0.011
56612.12  17.077  0.010
56613.18  16.664  0.011
56614.11  16.352  0.007
56615.11  16.062  0.005
56617.11  15.608  0.006
56618.10  15.450  0.005
56619.11  15.312  0.006
56620.10  15.220  0.010
56621.12  15.162  0.005
56622.10  15.109  0.005
56623.08  15.094  0.008
56624.07  15.066  0.005
56625.09  15.065  0.005
56630.09  15.290  0.012
56631.08  15.360  0.005
56632.08  15.432  0.006
56633.07  15.474  0.009
56635.07  15.558  0.006
56636.08  15.613  0.007
56637.07  15.653  0.006
56638.11  15.689  0.008
56640.04  15.795  0.007
56641.07  15.872  0.007
56642.05  15.943  0.026
56642.06  15.932  0.018
56644.06  16.123  0.008
56645.06  16.240  0.008
56646.05  16.343  0.008
56647.06  16.432  0.008
56648.05  16.522  0.007
56649.05  16.593  0.007
56650.07  16.672  0.011
56651.06  16.735  0.008
56652.07  16.772  0.016
56653.05  16.849  0.014
56654.04  16.871  0.009
56656.06  16.981  0.008
56657.05  17.028  0.009
filter u
56610.17  19.948  0.164
56611.15  18.784  0.073
56612.13  18.180  0.060
56614.12  17.212  0.023
56618.11  16.230  0.009
56619.11  16.116  0.009
56620.11  16.078  0.011
56621.13  16.077  0.029
56622.10  16.104  0.009
56623.09  16.151  0.011
56624.07  16.228  0.013
56625.09  16.349  0.014
56630.09  17.120  0.026
56631.09  17.354  0.022
56632.09  17.409  0.015
56633.08  17.624  0.018
56635.08  18.025  0.030
56636.08  18.172  0.036
56637.08  18.181  0.045
56638.10  18.435  0.033
56640.05  18.569  0.047
56641.08  18.851  0.083
56644.07  18.991  0.087
56645.06  18.908  0.048
56646.06  19.041  0.029
56647.07  19.105  0.027
56648.06  19.162  0.033
56649.06  19.217  0.036
56650.08  19.213  0.031
56651.07  19.310  0.036
56652.08  19.247  0.064
56653.05  19.333  0.027
56654.05  19.282  0.030
56656.04  19.351  0.047
56657.06  19.483  0.039
filter V
56610.13  18.118  0.020
56611.12  17.526  0.013
56612.13  17.129  0.013
56613.19  16.733  0.013
56614.11  16.449  0.008
56615.12  16.172  0.007
56617.12  15.717  0.005
56618.11  15.562  0.005
56618.11  15.553  0.005
56619.10  15.424  0.006
56620.11  15.335  0.009
56621.12  15.255  0.006
56622.10  15.198  0.005
56623.09  15.158  0.007
56624.07  15.142  0.006
56625.09  15.152  0.006
56630.08  15.333  0.012
56631.09  15.408  0.005
56632.09  15.493  0.006
56633.08  15.588  0.008
56635.08  15.774  0.006
56636.08  15.848  0.010
56637.07  15.954  0.009
56638.10  16.041  0.009
56640.06  16.201  0.013
56641.09  16.294  0.011
56644.05  16.575  0.010
56645.05  16.678  0.010
56646.05  16.748  0.009
56647.05  16.825  0.009
56648.05  16.896  0.009
56649.05  16.968  0.009
56650.09  17.039  0.014
56651.07  17.077  0.011
56652.08  17.112  0.013
56653.04  17.169  0.010
56654.04  17.220  0.010
56656.03  17.278  0.019
56657.07  17.333  0.011
56659.06  17.384  0.011
filter Y
56611.14  17.190  0.018
56613.12  16.419  0.015
56617.11  15.505  0.014
56622.10  15.256  0.014
56623.14  15.314  0.014
56624.07  15.364  0.014
56638.05  15.406  0.014
56648.03  15.465  0.014
56650.04  15.582  0.014
56653.03  15.810  0.016
56654.04  15.863  0.016
filter Jrc2
56611.19  17.111  0.027
56613.14  16.337  0.021
56622.12  15.153  0.020
56623.15  15.188  0.020
56624.09  15.267  0.020
56638.08  15.980  0.019
56648.06  16.610  0.019
56650.05  16.759  0.026
56653.06  17.124  0.051
56654.07  17.195  0.050
