PTF14yy 0.042970 186.538208 9.978944
filter B
56726.18  19.053  0.020
56727.20  18.884  0.019
56728.26  18.780  0.019
56729.24  18.673  0.022
56730.25  18.581  0.033
56735.21  18.574  0.034
56735.21  18.566  0.036
56735.21  18.668  0.040
56736.28  18.733  0.027
56736.28  18.714  0.032
56741.19  19.127  0.021
56742.15  19.216  0.020
56743.17  19.272  0.113
56745.18  19.608  0.022
56749.20  20.166  0.031
56765.18  21.360  0.148
56765.18  21.477  0.195
56772.12  21.732  0.076
56783.08  21.950  0.135
filter i
56726.20  18.755  0.022
56727.19  18.610  0.018
56728.25  18.503  0.014
56729.26  18.441  0.020
56730.26  18.390  0.024
56731.23  18.392  0.040
56735.22  18.502  0.028
56735.23  18.484  0.025
56736.27  18.496  0.025
56741.19  18.949  0.021
56742.14  19.043  0.024
56743.16  19.073  0.045
56745.17  19.222  0.020
56749.22  19.119  0.020
56751.18  19.075  0.019
56752.20  19.057  0.022
56754.18  18.963  0.018
56755.17  18.953  0.022
56756.12  18.927  0.022
56757.15  18.952  0.021
56758.15  18.979  0.027
56765.16  19.586  0.033
56772.14  19.960  0.031
56783.06  20.446  0.049
filter H
56726.21  17.971  0.040
filter r
56726.19  18.637  0.017
56727.19  18.503  0.016
56728.25  18.370  0.014
56729.25  18.277  0.013
56730.26  18.215  0.017
56731.23  18.135  0.026
56735.22  18.096  0.020
56736.27  18.121  0.017
56741.18  18.404  0.013
56742.14  18.485  0.014
56743.16  18.506  0.016
56745.16  18.646  0.015
56749.21  18.785  0.016
56751.18  18.855  0.015
56752.20  18.857  0.015
56754.18  18.916  0.014
56755.17  18.908  0.020
56756.12  18.997  0.021
56757.15  19.073  0.018
56758.14  19.108  0.027
56765.16  19.674  0.029
56772.14  19.902  0.025
56783.06  20.381  0.038
filter V
56726.19  18.881  0.023
56727.20  18.703  0.022
56728.26  18.572  0.021
56729.25  18.515  0.021
56730.25  18.417  0.027
56731.24  18.349  0.045
56731.24  18.325  0.035
56735.22  18.331  0.028
56736.27  18.414  0.030
56741.19  18.578  0.021
56742.14  18.646  0.021
56743.17  18.681  0.056
56745.17  18.864  0.021
56749.21  19.179  0.021
56765.17  20.395  0.077
56765.17  20.364  0.067
56772.13  20.579  0.034
56783.07  20.956  0.063
56783.08  20.924  0.067
filter Y
56726.19  18.286  0.014
56729.22  18.087  0.017
56732.19  18.227  0.020
filter Jrc2
56726.23  18.151  0.014
56729.24  17.921  0.017
56732.21  18.148  0.019
