PTF14fpg 0.034000 7.050000 7.162083
filter B
56922.15  17.479  0.010
56925.22  17.071  0.011
56926.17  16.985  0.008
56927.17  16.948  0.008
56928.15  16.908  0.008
56929.13  16.878  0.007
56930.15  16.867  0.010
56931.21  16.874  0.009
56932.21  16.889  0.007
56936.22  17.010  0.012
56937.22  17.038  0.016
56940.15  17.221  0.014
56941.16  17.326  0.017
56942.18  17.372  0.010
56943.18  17.462  0.011
56944.16  17.547  0.012
56948.15  17.918  0.012
56949.23  17.997  0.011
56950.18  18.102  0.012
56954.13  18.485  0.013
56955.18  18.586  0.013
56956.18  18.666  0.014
56958.12  18.843  0.013
56961.20  19.099  0.021
56962.23  19.174  0.026
56963.12  19.216  0.032
56971.09  19.681  0.027
56972.15  19.633  0.032
56974.17  19.815  0.025
56978.17  19.913  0.022
56985.10  19.954  0.024
filter g
56922.15  17.395  0.008
56925.23  16.985  0.010
56926.15  16.919  0.006
56927.16  16.848  0.008
56928.15  16.791  0.007
56929.13  16.780  0.008
56930.16  16.761  0.009
56931.21  16.760  0.011
56932.22  16.770  0.008
56936.21  16.874  0.013
56937.22  16.910  0.016
56940.15  17.070  0.012
56941.14  17.129  0.010
56942.18  17.213  0.009
56943.17  17.280  0.009
56944.16  17.351  0.013
56948.16  17.662  0.010
56949.22  17.730  0.011
56950.17  17.837  0.012
56954.14  18.153  0.010
56955.16  18.252  0.011
56956.17  18.335  0.011
56958.12  18.495  0.010
56961.19  18.706  0.016
56962.22  18.747  0.036
56963.10  18.861  0.021
56971.10  19.391  0.023
56972.16  19.389  0.024
56974.15  19.466  0.019
56978.16  19.613  0.021
56985.08  19.749  0.020
filter i
56922.16  17.869  0.013
56925.23  17.559  0.015
56926.16  17.556  0.012
56927.16  17.543  0.017
56928.16  17.514  0.015
56929.14  17.560  0.020
56930.16  17.566  0.018
56931.21  17.567  0.018
56932.21  17.603  0.017
56936.21  17.676  0.022
56937.21  17.755  0.034
56940.16  17.842  0.023
56941.15  17.907  0.022
56942.19  18.009  0.018
56943.17  18.116  0.016
56944.16  18.209  0.023
56948.16  18.427  0.026
56949.22  18.372  0.022
56950.17  18.377  0.020
56954.14  18.307  0.016
56955.17  18.346  0.018
56956.17  18.248  0.016
56958.13  18.222  0.016
56961.18  18.102  0.016
56962.21  18.214  0.035
56963.10  18.120  0.017
56971.11  18.485  0.018
56972.16  18.559  0.017
56974.15  18.714  0.019
56978.16  18.895  0.024
56985.08  19.178  0.026
56996.14  19.648  0.114
filter r
56922.16  17.561  0.011
56925.23  17.140  0.012
56926.15  17.056  0.010
56927.16  17.029  0.012
56928.16  16.945  0.011
56929.13  16.912  0.008
56930.16  16.874  0.009
56931.20  16.850  0.012
56932.22  16.839  0.010
56936.21  16.877  0.014
56937.21  16.898  0.019
56940.15  17.047  0.013
56941.15  17.090  0.010
56942.18  17.189  0.011
56943.17  17.243  0.010
56944.16  17.307  0.014
56948.16  17.541  0.012
56949.21  17.543  0.013
56950.17  17.596  0.013
56954.14  17.675  0.011
56955.17  17.664  0.009
56956.17  17.669  0.010
56958.13  17.707  0.011
56961.18  17.736  0.011
56962.21  17.803  0.013
56963.09  17.817  0.012
56971.10  18.306  0.013
56972.16  18.347  0.014
56974.15  18.456  0.014
56978.15  18.605  0.014
56985.08  18.822  0.016
56996.13  19.076  0.061
filter u
56926.16  17.633  0.014
56927.17  17.596  0.017
56928.16  17.566  0.018
56929.14  17.538  0.016
56930.15  17.556  0.016
56931.21  17.597  0.017
56932.21  17.615  0.017
56936.22  17.854  0.033
56937.22  17.819  0.039
56940.16  18.145  0.036
56941.15  18.217  0.035
56942.19  18.403  0.026
56943.17  18.535  0.021
56944.17  18.646  0.019
56948.16  19.128  0.025
56949.22  19.187  0.028
56950.17  19.356  0.030
56954.15  19.820  0.041
56955.17  19.893  0.035
56956.18  19.890  0.041
56958.13  20.110  0.039
56961.19  20.449  0.073
filter V
56922.14  17.521  0.012
56925.22  17.099  0.011
56926.16  17.010  0.009
56927.17  16.952  0.011
56928.16  16.914  0.011
56929.13  16.870  0.011
56930.15  16.838  0.014
56931.21  16.830  0.015
56932.21  16.851  0.010
56936.22  16.904  0.015
56937.22  16.951  0.023
56940.15  17.059  0.015
56941.15  17.126  0.012
56942.18  17.161  0.010
56943.18  17.221  0.011
56944.16  17.282  0.015
56948.15  17.531  0.015
56949.22  17.559  0.012
56950.17  17.617  0.011
56954.14  17.837  0.012
56955.18  17.853  0.012
56956.18  17.908  0.012
56958.12  18.010  0.011
56961.20  18.148  0.014
56962.23  18.249  0.026
56963.11  18.299  0.017
56971.10  18.821  0.023
56972.15  18.840  0.019
56974.16  18.942  0.018
56978.17  19.088  0.026
56985.09  19.265  0.022
56996.13  19.541  0.118
