PTF13efe 0.074948 130.913750 16.177028
filter B
56632.31  18.804  0.024
56633.29  18.716  0.029
56635.35  18.483  0.012
56636.29  18.364  0.012
56637.33  18.353  0.011
56638.36  18.303  0.017
56639.29  18.293  0.010
56640.28  18.287  0.013
56641.29  18.294  0.019
56643.29  18.348  0.036
56644.27  18.339  0.032
56649.24  18.539  0.022
56650.23  18.570  0.017
56651.29  18.653  0.023
56652.27  18.731  0.044
56655.28  18.948  0.014
56658.26  19.286  0.026
56661.31  19.586  0.018
56664.25  19.838  0.025
56668.19  20.182  0.061
filter i
56632.33  19.086  0.021
56633.32  18.980  0.024
56635.34  18.880  0.019
56636.29  18.842  0.022
56637.32  18.823  0.017
56638.34  18.812  0.017
56639.28  18.821  0.019
56640.29  18.802  0.018
56641.30  18.797  0.017
56643.30  18.851  0.039
56644.26  18.811  0.040
56649.26  19.031  0.030
56650.25  19.024  0.028
56651.31  19.060  0.024
56652.28  19.248  0.042
56655.30  19.499  0.033
56658.25  19.633  0.031
56661.32  19.712  0.031
56664.24  19.602  0.032
56666.36  19.544  0.028
56668.20  19.447  0.030
56670.28  19.451  0.039
56672.21  19.422  0.073
56677.20  19.438  0.033
56678.26  19.513  0.040
56678.26  19.519  0.041
56680.31  19.477  0.041
56681.20  19.602  0.056
56682.24  19.739  0.032
56684.19  19.912  0.030
56686.27  20.024  0.030
56688.21  20.102  0.034
56695.27  20.445  0.049
filter H
56636.28  19.046  0.042
56638.29  19.057  0.037
filter r
56632.32  18.862  0.015
56633.31  18.723  0.018
56635.34  18.518  0.013
56636.28  18.444  0.015
56637.32  18.378  0.010
56638.33  18.313  0.013
56639.28  18.281  0.012
56640.29  18.254  0.011
56641.30  18.224  0.012
56643.29  18.168  0.025
56644.26  18.172  0.022
56649.26  18.287  0.016
56650.24  18.341  0.017
56651.30  18.369  0.015
56652.28  18.466  0.018
56655.29  18.639  0.013
56658.24  18.812  0.018
56661.32  18.928  0.013
56664.24  18.990  0.015
56666.35  19.015  0.015
56668.20  19.083  0.019
56670.29  19.067  0.019
56672.20  19.150  0.052
56677.19  19.424  0.030
56678.26  19.436  0.033
56678.26  19.370  0.033
56680.30  19.555  0.038
56681.20  19.547  0.036
56682.24  19.623  0.026
56684.20  19.742  0.019
56686.25  19.852  0.019
56688.20  19.924  0.020
56695.27  20.173  0.028
filter V
56632.31  18.841  0.026
56633.30  18.726  0.027
56635.34  18.465  0.011
56636.29  18.413  0.016
56637.33  18.346  0.014
56638.35  18.314  0.016
56639.29  18.278  0.012
56640.28  18.265  0.015
56641.29  18.228  0.015
56643.29  18.245  0.028
56644.26  18.252  0.027
56649.25  18.406  0.020
56650.24  18.404  0.017
56651.30  18.498  0.021
56652.26  18.450  0.063
56655.29  18.739  0.017
56658.25  18.895  0.025
56661.31  19.084  0.023
56664.25  19.211  0.022
56668.19  19.449  0.037
filter Y
56636.27  18.736  0.018
56637.30  18.725  0.021
56638.27  18.769  0.018
56643.27  18.881  0.027
56648.28  19.278  0.029
56649.29  19.276  0.026
56651.24  19.427  0.021
filter Jrc2
56636.31  18.755  0.021
56637.31  18.799  0.023
56638.32  18.866  0.022
56643.31  19.095  0.036
56648.30  19.447  0.049
56649.31  19.581  0.045
56651.26  19.908  0.036
