SN1986G 0.001830 201.401900 -43.031570
filter B
46555.090  13.030  0.071
46555.990  12.860  0.022
46556.130  12.780  0.071
46557.060  12.710  0.042
46558.080  12.650  0.042
46559.140  12.530  0.042
46560.100  12.410  0.042
46561.090  12.510  0.014
46562.070  12.570  0.042
46566.020  12.830  0.022
46566.040  12.860  0.042
46567.010  12.970  0.022
46570.030  13.380  0.022
46574.250  13.960  0.028
46575.020  14.090  0.028
46580.190  14.600  0.042
46584.050  14.940  0.042
46585.070  15.060  0.042
46592.070  15.390  0.086
46593.050  15.370  0.050
46610.980  15.720  0.042
46612.980  15.760  0.042
46614.970  15.800  0.042
46623.010  16.020  0.042
46639.050  15.320  0.042
46662.030  16.650  0.042
46677.000  16.970  0.042
filter H
46555.90000  9.960  0.030
46556.90000  9.970  0.030
46561.70000  9.990  0.030
46562.90000  10.100  0.030
46565.30000  10.100  0.030
46566.80000  9.990  0.030
46567.80000  10.020  0.030
46567.90000  10.030  0.030
46568.80000  9.960  0.030
46568.80000  9.950  0.030
46570.20000  9.970  0.030
46570.90000  10.000  0.030
46572.90000  10.000  0.030
46575.00000  10.030  0.030
46575.00000  10.000  0.050
46576.00000  10.030  0.030
46580.00000  10.170  0.050
46580.80000  10.210  0.030
46580.90000  10.230  0.030
46581.00000  10.210  0.050
46582.00000  10.290  0.050
46583.00000  10.390  0.030
46584.00000  10.490  0.030
46585.00000  10.600  0.030
46587.00000  10.850  0.030
46595.90000  11.270  0.030
46606.80000  11.750  0.030
46637.70000  13.100  0.030
46662.00000  13.560  0.070
filter Is
46561.090  10.610  0.022
46574.250  10.940  0.028
46575.020  10.960  0.028
filter J
46555.90000  10.100  0.030
46556.90000  10.060  0.030
46561.70000  10.120  0.030
46562.90000  10.280  0.030
46566.80000  10.730  0.030
46567.80000  10.860  0.030
46567.90000  10.810  0.030
46568.80000  10.880  0.030
46568.80000  10.940  0.030
46570.20000  11.040  0.030
46570.90000  11.010  0.030
46572.90000  11.010  0.030
46575.00000  11.110  0.030
46575.00000  11.150  0.050
46576.00000  11.000  0.030
46580.00000  11.040  0.050
46580.80000  10.990  0.030
46580.90000  10.950  0.030
46581.00000  11.090  0.050
46582.00000  11.160  0.050
46583.00000  11.230  0.030
46584.00000  11.350  0.030
46585.00000  11.500  0.030
46587.00000  11.920  0.080
46595.90000  12.420  0.030
46606.80000  13.150  0.030
46637.70000  14.500  0.100
46662.00000  14.620  0.120
filter K
46555.90000  9.900  0.030
46556.90000  9.870  0.030
46561.70000  9.870  0.030
46562.90000  10.030  0.030
46565.30000  10.020  0.030
46566.80000  10.030  0.030
46567.80000  10.050  0.030
46567.90000  10.080  0.030
46568.80000  10.010  0.030
46568.80000  9.990  0.030
46570.20000  9.980  0.030
46570.90000  9.920  0.030
46572.90000  9.990  0.030
46575.00000  10.080  0.030
46575.00000  9.990  0.050
46576.00000  9.970  0.030
46580.00000  10.150  0.050
46580.80000  10.200  0.030
46580.90000  10.270  0.030
46581.00000  10.210  0.050
46582.00000  10.290  0.050
46583.00000  10.420  0.030
46584.00000  10.530  0.030
46585.00000  10.650  0.030
46587.00000  10.900  0.030
46595.90000  11.390  0.030
46606.80000  11.970  0.030
46637.70000  13.520  0.030
46662.00000  14.100  0.070
filter Rs
46574.250  11.450  0.022
46575.020  11.490  0.022
filter Us
46555.990  13.540  0.037
46561.090  13.280  0.024
46566.020  13.980  0.037
46567.010  14.140  0.037
46570.030  14.570  0.037
46574.250  15.250  0.202
46575.020  15.390  0.202
46593.050  16.460  0.078
filter V
46555.090  11.950  0.050
46555.990  11.890  0.020
46556.130  11.940  0.050
46557.060  11.740  0.030
46558.080  11.670  0.030
46559.140  11.580  0.030
46560.100  11.530  0.030
46561.090  11.480  0.010
46561.130  11.530  0.050
46562.070  11.440  0.030
46566.020  11.520  0.020
46566.040  11.630  0.030
46567.010  11.590  0.020
46570.030  11.820  0.020
46574.250  12.180  0.020
46575.020  12.250  0.020
46580.190  12.660  0.030
46584.050  13.020  0.030
46585.070  13.120  0.030
46592.070  13.470  0.070
46593.050  13.520  0.040
46608.010  14.110  0.030
46609.980  14.100  0.030
46610.980  14.150  0.030
46612.980  14.200  0.030
46614.970  14.260  0.030
46623.010  14.530  0.030
46639.050  14.990  0.030
46662.030  15.630  0.030
46677.000  16.070  0.030
