SN1981D 0.00587 50.66490 -37.23540
filter J2m
44683.0 13.38 0.03
44685.0 13.74 0.02
44686.0 14.05 0.02
44687.0 14.27 0.03
44688.0 14.44 0.03
44693.0 14.58 0.04
44695.0 14.49 0.06
44953.2 19.25 0.21
filter Vs
44674.36 12.69 0.05
44676.35 12.56 0.04
44677.36 12.53 0.04
44683.38 12.41 0.03
44691.33 12.85 0.05
44692.33 12.82 0.05
44698.32 13.34 0.08
44699.32 13.37 0.08
44702.33 13.38 0.08
filter Bs
44674.36 12.91 0.112
44676.35 12.72 0.089
44677.36 12.63 0.089
44683.38 12.71 0.085
44691.33 13.6 0.13
44692.33 13.66 0.13
44698.32 14.29 0.179
44699.32 14.68 0.197
44702.33 14.64 0.197
filter Ks2m
44683.0 13.36 0.04
44685.0 13.43 0.03
44686.0 13.55 0.03
44687.0 13.57 0.03
44688.0 13.58 0.04
44693.0 13.28 0.07
44695.0 13.25 0.06
filter Us
44674.36 12.61 0.187
44676.35 12.43 0.158
44677.36 12.39 0.158
44683.38 12.88 0.181
44691.33 13.55 0.247
44692.33 13.9 0.273
44698.32 14.03 0.307
44699.32 14.67 0.359
44702.33 15.06 0.376
filter H2m
44683.0 13.41 0.03
44685.0 13.45 0.02
44686.0 13.56 0.02
44687.0 13.56 0.02
44688.0 13.59 0.03
44693.0 13.28 0.03
44695.0 13.22 0.03
44953.2 18.76 0.2
