SN1999ee 0.011415 334.041670 -36.844361
filter B
51459.180  15.803  0.014
51460.060  15.570  0.014
51460.060  15.591  0.014
51460.070  15.580  0.014
51460.180  15.566  0.014
51460.180  15.565  0.014
51460.180  15.573  0.014
51461.090  15.360  0.017
51461.100  15.397  0.017
51461.120  15.413  0.014
51461.120  15.425  0.014
51461.120  15.392  0.014
51462.060  15.240  0.017
51462.070  15.245  0.017
51462.090  15.264  0.013
51463.070  15.172  0.014
51464.050  15.092  0.014
51464.110  15.034  0.017
51464.120  15.049  0.017
51466.100  14.985  0.014
51466.100  14.969  0.014
51466.100  14.980  0.014
51466.120  14.935  0.017
51466.130  14.936  0.017
51467.030  14.941  0.014
51468.090  14.939  0.014
51468.090  14.945  0.014
51468.090  14.947  0.014
51468.120  14.897  0.017
51468.130  14.904  0.017
51469.090  14.947  0.014
51469.100  14.932  0.014
51469.100  14.944  0.014
51470.010  14.964  0.014
51470.120  14.915  0.017
51470.130  14.920  0.017
51471.000  14.974  0.014
51472.050  15.007  0.014
51472.130  15.002  0.017
51472.140  15.002  0.017
51475.130  15.120  0.017
51475.140  15.130  0.017
51478.020  15.342  0.014
51478.150  15.335  0.017
51478.160  15.331  0.017
51479.010  15.412  0.014
51480.030  15.493  0.014
51480.140  15.491  0.017
51480.160  15.498  0.017
51481.050  15.585  0.014
51481.050  15.585  0.014
51482.080  15.711  0.014
51482.110  15.717  0.014
51482.120  15.680  0.017
51482.130  15.699  0.017
51484.050  15.887  0.014
51484.080  15.910  0.017
51484.090  15.869  0.017
51485.100  15.992  0.014
51486.040  16.095  0.014
51486.120  16.092  0.017
51486.130  16.094  0.017
51487.030  16.191  0.014
51488.080  16.289  0.014
51488.130  16.287  0.017
51488.140  16.291  0.017
51489.030  16.368  0.014
51490.030  16.464  0.014
51490.130  16.483  0.017
51490.140  16.470  0.017
51492.020  16.637  0.014
51492.120  16.637  0.017
51492.130  16.641  0.017
51493.040  16.717  0.014
51495.070  16.892  0.014
51495.090  16.882  0.017
51495.100  16.892  0.017
51496.060  16.971  0.014
51496.160  16.952  0.013
51497.040  17.043  0.017
51497.050  17.058  0.017
51498.040  17.125  0.017
51498.050  17.176  0.017
51498.060  17.122  0.014
51498.070  17.114  0.014
51499.060  17.176  0.017
51499.070  17.184  0.017
51499.160  17.202  0.014
51500.040  17.261  0.017
51500.050  17.237  0.017
51501.020  17.336  0.017
51501.030  17.326  0.017
51501.070  17.375  0.014
51503.020  17.466  0.017
51503.030  17.436  0.017
51504.030  17.508  0.017
51504.040  17.529  0.017
51505.020  17.614  0.018
51505.030  17.587  0.018
51506.050  17.634  0.014
51507.080  17.669  0.020
51507.090  17.676  0.023
51508.040  17.723  0.017
51508.050  17.718  0.017
51508.080  17.735  0.014
51509.050  17.772  0.014
51511.060  17.805  0.017
51511.070  17.840  0.018
51513.090  17.906  0.031
51513.100  17.955  0.031
51515.090  17.978  0.030
51515.100  17.964  0.022
51517.030  17.956  0.019
51517.040  17.958  0.020
51519.030  18.032  0.022
51519.040  18.048  0.023
51521.080  18.068  0.021
51521.090  18.064  0.021
filter H_K
51461.09000  15.117  0.024
51461.10000  15.150  0.034
51462.06000  15.082  0.024
51462.07000  15.072  0.030
51463.05000  15.016  0.024
51464.06000  14.934  0.024
51464.12000  15.001  0.031
51465.02000  14.993  0.025
51466.14000  15.024  0.030
51467.02000  15.000  0.026
51468.03000  15.121  0.026
51468.13000  15.091  0.028
51470.14000  15.168  0.028
51472.15000  15.264  0.031
51475.14000  15.312  0.033
51477.00000  15.312  0.026
51478.16000  15.363  0.037
51479.02000  15.411  0.028
51480.16000  15.476  0.042
51480.98000  15.391  0.028
51482.07000  15.348  0.030
51482.13000  15.456  0.037
51483.06000  15.349  0.027
51484.04000  15.259  0.027
51484.07000  15.400  0.033
51485.00000  15.179  0.034
51486.03000  15.259  0.026
51486.14000  15.303  0.032
51487.05000  15.128  0.026
51488.05000  15.161  0.025
51488.14000  15.194  0.034
51489.06000  15.176  0.025
51490.15000  15.163  0.033
51492.13000  15.181  0.038
51495.10000  15.119  0.033
51497.05000  15.103  0.034
51498.05000  15.150  0.036
51499.07000  15.081  0.031
51500.05000  15.166  0.030
51501.03000  15.147  0.029
51503.03000  15.311  0.036
51504.04000  15.270  0.033
51505.03000  15.444  0.038
51507.09000  15.531  0.039
51508.05000  15.560  0.045
51511.05000  15.825  0.043
51513.10000  16.004  0.055
51515.10000  16.008  0.042
51517.04000  16.100  0.044
51519.04000  16.161  0.054
51521.09000  16.241  0.070
filter Is
51459.180  15.341  0.015
51460.060  15.154  0.015
51460.060  15.153  0.015
51460.070  15.178  0.015
51460.180  15.136  0.015
51460.180  15.133  0.015
51460.180  15.124  0.015
51461.090  14.942  0.015
51461.100  14.947  0.015
51461.120  14.971  0.015
51461.120  14.963  0.015
51461.120  14.970  0.015
51462.060  14.823  0.015
51462.070  14.815  0.015
51462.090  14.878  0.016
51463.070  14.753  0.015
51464.050  14.697  0.015
51464.080  14.709  0.015
51464.110  14.672  0.015
51464.120  14.679  0.015
51466.120  14.644  0.015
51466.130  14.663  0.015
51467.030  14.667  0.015
51468.120  14.668  0.015
51468.130  14.654  0.015
51470.010  14.733  0.015
51470.120  14.705  0.015
51470.130  14.717  0.015
51471.000  14.764  0.015
51472.050  14.796  0.015
51472.130  14.789  0.015
51472.140  14.790  0.015
51475.130  14.900  0.015
51475.140  14.895  0.015
51478.020  15.114  0.015
51478.150  15.072  0.015
51478.160  15.063  0.015
51479.010  15.173  0.015
51480.030  15.248  0.015
51480.140  15.178  0.015
51480.160  15.209  0.015
51481.050  15.300  0.015
51481.050  15.300  0.015
51482.110  15.371  0.015
51482.120  15.318  0.015
51482.130  15.297  0.015
51483.150  15.377  0.015
51484.050  15.410  0.015
51484.080  15.350  0.015
51484.090  15.350  0.015
51485.100  15.426  0.015
51486.040  15.418  0.015
51486.120  15.361  0.015
51486.130  15.348  0.015
51487.030  15.398  0.015
51488.080  15.369  0.015
51488.130  15.327  0.015
51488.140  15.319  0.015
51489.030  15.370  0.015
51490.030  15.335  0.015
51490.130  15.273  0.015
51490.140  15.288  0.015
51492.020  15.295  0.015
51492.120  15.229  0.015
51492.130  15.235  0.015
51493.040  15.286  0.015
51495.070  15.259  0.015
51495.090  15.197  0.015
51495.100  15.189  0.015
51496.060  15.193  0.015
51497.040  15.152  0.015
51497.050  15.167  0.015
51498.040  15.144  0.015
51498.050  15.143  0.015
51498.060  15.154  0.015
51498.070  15.159  0.015
51499.060  15.139  0.015
51499.070  15.142  0.015
51499.160  15.181  0.015
51500.040  15.157  0.015
51500.050  15.170  0.015
51501.020  15.168  0.015
51501.030  15.163  0.015
51501.070  15.189  0.015
51503.020  15.233  0.015
51503.030  15.235  0.015
51504.030  15.319  0.015
51504.040  15.296  0.015
51505.020  15.384  0.015
51505.030  15.378  0.015
51506.050  15.460  0.015
51507.080  15.531  0.015
51507.090  15.532  0.015
51508.040  15.581  0.015
51508.050  15.588  0.015
51508.080  15.615  0.015
51509.050  15.679  0.015
51511.060  15.786  0.015
51511.070  15.768  0.015
51513.090  15.916  0.015
51513.100  15.924  0.015
51515.090  16.005  0.015
51515.100  15.967  0.015
51517.030  16.067  0.015
51517.040  16.089  0.015
51519.030  16.173  0.015
51519.040  16.167  0.015
51521.080  16.248  0.015
51521.090  16.227  0.015
filter J_P
51461.09000  14.964  0.022
51461.10000  15.048  0.026
51462.06000  14.804  0.022
51462.07000  14.924  0.026
51463.05000  14.797  0.022
51464.06000  14.669  0.022
51464.12000  14.795  0.027
51465.02000  14.676  0.022
51466.14000  14.767  0.026
51467.02000  14.817  0.022
51468.03000  14.797  0.022
51468.13000  14.865  0.025
51470.14000  14.983  0.025
51472.15000  15.120  0.025
51475.14000  15.362  0.029
51478.01000  15.716  0.024
51478.16000  15.737  0.033
51480.16000  16.096  0.030
51482.07000  16.175  0.026
51482.13000  16.342  0.033
51483.06000  16.289  0.030
51484.04000  16.355  0.026
51484.07000  16.430  0.030
51485.00000  16.325  0.033
51486.03000  16.314  0.028
51486.14000  16.458  0.040
51487.05000  16.228  0.026
51488.05000  16.285  0.024
51488.14000  16.438  0.032
51489.06000  16.240  0.026
51490.15000  16.422  0.031
51492.13000  16.323  0.032
51495.10000  16.216  0.031
51497.05000  16.154  0.034
51498.05000  16.100  0.034
51499.07000  15.973  0.029
51500.05000  15.894  0.034
51501.03000  15.876  0.030
51503.03000  15.780  0.030
51504.04000  15.796  0.029
51505.03000  15.815  0.027
51507.09000  16.007  0.028
51508.05000  16.094  0.033
51511.05000  16.335  0.039
51513.10000  16.421  0.048
51515.10000  16.666  0.038
51517.04000  16.756  0.040
51519.04000  16.998  0.047
51521.09000  17.132  0.063
filter K_P
51461.09000  14.859  0.041
51462.06000  14.808  0.041
51464.06000  14.667  0.036
51465.02000  14.572  0.034
51467.02000  14.626  0.043
51468.03000  14.592  0.042
51482.07000  14.748  0.046
51483.06000  14.809  0.060
51484.04000  14.918  0.039
51486.03000  14.853  0.046
51487.05000  14.972  0.046
51488.05000  14.961  0.052
51489.06000  14.934  0.050
filter Rs
51459.180  15.412  0.015
51460.060  15.223  0.015
51460.060  15.232  0.015
51460.070  15.212  0.015
51460.180  15.205  0.015
51460.180  15.199  0.015
51460.180  15.202  0.015
51461.090  14.989  0.011
51461.100  14.972  0.011
51461.120  15.035  0.015
51461.120  15.036  0.015
51461.120  15.046  0.015
51462.060  14.871  0.011
51462.070  14.867  0.011
51462.090  14.907  0.015
51463.070  14.778  0.015
51464.050  14.713  0.015
51464.080  14.704  0.015
51464.110  14.653  0.011
51464.120  14.649  0.011
51466.100  14.600  0.015
51466.100  14.604  0.015
51466.100  14.604  0.015
51466.120  14.543  0.011
51466.130  14.543  0.011
51467.030  14.566  0.015
51468.090  14.541  0.015
51468.090  14.542  0.015
51468.090  14.550  0.015
51468.120  14.475  0.011
51468.130  14.472  0.011
51469.090  14.513  0.015
51469.100  14.519  0.015
51469.100  14.516  0.015
51470.010  14.501  0.015
51470.120  14.427  0.011
51470.130  14.436  0.011
51471.000  14.494  0.015
51472.050  14.509  0.015
51472.130  14.447  0.011
51472.140  14.446  0.011
51475.130  14.510  0.011
51475.140  14.507  0.011
51478.020  14.736  0.015
51478.150  14.670  0.011
51478.160  14.661  0.011
51479.010  14.809  0.015
51480.030  14.877  0.015
51480.140  14.820  0.011
51480.160  14.817  0.011
51481.050  14.933  0.015
51481.050  14.933  0.015
51482.110  15.052  0.015
51482.120  14.952  0.011
51482.130  14.957  0.011
51483.150  15.099  0.015
51484.050  15.138  0.015
51484.080  15.071  0.011
51484.090  15.067  0.011
51485.100  15.193  0.015
51486.040  15.220  0.015
51486.120  15.141  0.011
51486.130  15.137  0.011
51487.030  15.261  0.015
51488.080  15.244  0.015
51488.130  15.171  0.011
51488.140  15.173  0.011
51489.030  15.259  0.018
51490.030  15.265  0.016
51490.130  15.195  0.011
51490.140  15.195  0.011
51492.020  15.287  0.015
51492.120  15.214  0.011
51492.130  15.213  0.011
51493.040  15.304  0.015
51495.070  15.336  0.015
51495.090  15.251  0.011
51495.100  15.253  0.011
51496.060  15.323  0.015
51496.160  15.330  0.015
51497.040  15.288  0.011
51497.050  15.289  0.011
51498.040  15.310  0.011
51498.050  15.316  0.011
51498.060  15.381  0.015
51498.070  15.386  0.015
51499.060  15.362  0.011
51499.070  15.358  0.011
51499.160  15.407  0.015
51500.040  15.384  0.011
51500.050  15.396  0.011
51501.020  15.438  0.011
51501.030  15.441  0.011
51501.070  15.495  0.015
51503.020  15.548  0.011
51503.030  15.562  0.011
51504.030  15.634  0.011
51504.040  15.622  0.011
51505.020  15.707  0.011
51505.030  15.697  0.011
51506.050  15.834  0.017
51507.080  15.853  0.011
51507.090  15.853  0.011
51508.040  15.907  0.011
51508.050  15.911  0.011
51508.080  15.949  0.015
51509.050  16.002  0.015
51511.060  16.067  0.011
51511.070  16.071  0.011
51513.090  16.188  0.011
51513.100  16.181  0.011
51515.090  16.248  0.011
51515.100  16.238  0.011
51517.030  16.326  0.011
51517.040  16.329  0.011
51519.030  16.398  0.011
51519.040  16.403  0.011
51521.080  16.465  0.011
51521.090  16.466  0.011
filter Us
51460.060  15.500  0.017
51460.060  15.522  0.017
51460.070  15.533  0.017
51460.180  15.479  0.017
51460.180  15.497  0.017
51460.180  15.482  0.017
51461.090  15.364  0.016
51461.100  15.327  0.016
51461.120  15.325  0.082
51461.120  15.307  0.017
51461.120  15.316  0.021
51462.060  15.148  0.016
51462.070  15.121  0.016
51462.090  15.195  0.016
51463.070  15.037  0.017
51464.050  14.952  0.017
51464.110  14.873  0.016
51464.120  14.897  0.016
51466.120  14.800  0.016
51466.130  14.779  0.016
51467.030  14.867  0.017
51467.040  14.862  0.017
51467.040  14.864  0.017
51468.120  14.798  0.018
51468.130  14.802  0.016
51470.010  14.959  0.017
51470.120  14.941  0.016
51470.130  14.916  0.032
51471.000  15.022  0.017
51472.050  15.096  0.017
51472.130  15.092  0.016
51472.140  15.103  0.018
51475.130  15.396  0.018
51475.140  15.399  0.017
51478.020  15.596  0.017
51478.150  15.743  0.019
51478.160  15.753  0.021
51479.010  15.706  0.017
51480.030  15.844  0.017
51480.140  16.118  0.027
51480.160  16.058  0.096
51481.050  15.978  0.017
51481.050  15.978  0.017
51482.080  16.107  0.017
51482.110  16.138  0.017
51482.120  16.481  0.051
51482.130  16.492  0.090
51483.150  16.267  0.017
51484.050  16.425  0.017
51484.080  16.732  0.040
51485.100  16.567  0.017
51486.040  16.708  0.017
51486.120  17.017  0.050
51486.130  17.097  0.066
51487.030  16.828  0.017
51488.080  16.951  0.017
51488.130  17.246  0.051
51488.140  17.259  0.056
51489.030  17.066  0.017
51490.030  17.186  0.017
51490.130  17.445  0.054
51490.140  17.459  0.067
51492.020  17.319  0.017
51492.120  17.471  0.058
51492.130  17.542  0.094
51493.040  17.481  0.017
51495.070  17.630  0.021
51495.090  17.896  0.079
51495.100  17.922  0.106
51496.060  17.732  0.017
51497.040  18.123  0.154
51497.050  17.952  0.095
51498.040  17.926  0.017
51498.040  18.069  0.109
51498.050  18.012  0.120
51498.060  17.790  0.024
51499.060  18.204  0.090
51499.070  18.133  0.107
51499.160  17.912  0.023
51500.040  18.064  0.093
51500.050  18.227  0.131
51501.020  18.103  0.134
51501.030  18.218  0.128
51501.050  18.097  0.030
51501.070  18.036  0.031
51503.020  18.230  0.172
51503.030  18.215  0.152
51504.030  18.208  0.147
51505.030  18.476  0.155
51506.050  18.297  0.040
51508.040  18.417  0.113
51508.080  18.391  0.030
51509.050  18.393  0.027
51517.040  19.021  0.181
filter V
51459.180  15.621  0.015
51460.060  15.423  0.015
51460.060  15.411  0.015
51460.070  15.450  0.015
51460.180  15.395  0.015
51460.180  15.404  0.015
51460.180  15.402  0.015
51461.090  15.229  0.015
51461.100  15.214  0.015
51461.120  15.267  0.015
51461.120  15.251  0.015
51461.120  15.241  0.015
51462.060  15.097  0.015
51462.070  15.100  0.015
51462.090  15.106  0.015
51463.070  14.979  0.015
51464.050  14.885  0.015
51464.110  14.877  0.015
51464.120  14.871  0.015
51466.100  14.748  0.015
51466.100  14.748  0.015
51466.100  14.734  0.015
51466.120  14.730  0.015
51466.130  14.726  0.015
51467.030  14.707  0.015
51468.090  14.679  0.015
51468.090  14.678  0.015
51468.090  14.680  0.015
51468.120  14.657  0.015
51468.130  14.650  0.015
51469.090  14.660  0.015
51469.100  14.657  0.015
51469.100  14.662  0.015
51470.010  14.643  0.015
51470.120  14.611  0.015
51470.130  14.627  0.015
51471.000  14.638  0.015
51471.040  14.651  0.015
51471.050  14.667  0.015
51471.050  14.652  0.015
51471.090  14.662  0.015
51472.050  14.662  0.015
51472.130  14.628  0.015
51472.140  14.622  0.015
51475.130  14.694  0.015
51475.140  14.681  0.015
51476.000  14.759  0.015
51476.010  14.753  0.015
51478.020  14.829  0.015
51478.150  14.827  0.015
51478.160  14.813  0.015
51479.010  14.881  0.015
51480.000  14.981  0.015
51480.030  14.940  0.015
51480.140  14.945  0.015
51480.160  14.945  0.015
51481.050  14.986  0.015
51481.050  14.986  0.015
51482.110  15.095  0.015
51482.120  15.074  0.015
51482.130  15.073  0.015
51483.150  15.138  0.015
51483.160  15.140  0.015
51484.050  15.207  0.015
51484.080  15.207  0.015
51484.090  15.200  0.015
51485.100  15.280  0.015
51486.040  15.329  0.015
51486.120  15.319  0.015
51486.130  15.306  0.015
51487.030  15.391  0.015
51488.000  15.456  0.015
51488.030  15.442  0.015
51488.080  15.397  0.015
51488.130  15.404  0.015
51488.140  15.409  0.015
51489.030  15.448  0.015
51490.030  15.480  0.015
51490.130  15.490  0.015
51490.140  15.488  0.015
51492.020  15.578  0.015
51492.120  15.562  0.015
51492.130  15.559  0.015
51493.040  15.625  0.015
51495.070  15.714  0.015
51495.090  15.686  0.015
51495.100  15.689  0.015
51496.060  15.742  0.015
51497.040  15.757  0.015
51497.050  15.766  0.015
51498.040  15.797  0.015
51498.050  15.802  0.015
51498.060  15.830  0.015
51498.070  15.833  0.015
51499.060  15.852  0.015
51499.070  15.848  0.015
51499.160  15.887  0.015
51500.040  15.899  0.015
51500.050  15.915  0.015
51501.020  15.954  0.015
51501.030  15.968  0.015
51501.070  16.007  0.015
51503.020  16.088  0.015
51503.030  16.089  0.015
51504.030  16.172  0.015
51504.040  16.159  0.015
51505.020  16.236  0.015
51505.030  16.217  0.015
51506.050  16.340  0.015
51507.080  16.344  0.015
51507.090  16.378  0.015
51508.040  16.402  0.015
51508.050  16.406  0.015
51508.080  16.443  0.015
51511.060  16.547  0.015
51511.070  16.530  0.015
51513.090  16.633  0.015
51513.100  16.646  0.015
51515.090  16.681  0.015
51515.100  16.675  0.015
51517.030  16.745  0.015
51517.040  16.750  0.015
51519.030  16.785  0.015
51519.040  16.786  0.015
51521.080  16.842  0.015
51521.090  16.841  0.015
filter Y
51462.06000  14.899  0.032
51463.05000  14.788  0.032
51464.06000  14.733  0.032
51465.02000  14.811  0.032
51467.02000  14.880  0.032
51468.03000  14.928  0.032
51482.07000  15.534  0.033
51483.06000  15.588  0.032
51484.04000  15.464  0.032
51486.03000  15.416  0.032
51487.05000  15.419  0.032
51488.05000  15.347  0.032
51489.06000  15.279  0.031
