SN1998dh 0.008969 348.667960 4.537250
filter B
51019.000  15.198  0.016
51020.000  14.961  0.016
51021.441  14.745  0.015
51022.000  14.576  0.023
51023.000  14.439  0.010
51024.000  14.326  0.010
51025.000  14.275  0.010
51026.000  14.191  0.010
51026.391  14.193  0.013
51027.000  14.146  0.010
51028.000  14.126  0.010
51029.000  14.139  0.010
51031.000  14.212  0.010
51031.750  14.245  0.011
51037.000  14.599  0.014
51038.000  14.729  0.010
51040.000  14.919  0.010
51040.750  15.062  0.010
51041.750  15.172  0.010
51043.000  15.310  0.010
51045.000  15.526  0.010
51045.340  15.534  0.036
51046.750  15.768  0.010
51047.340  15.753  0.021
51048.750  15.950  0.011
51050.750  16.173  0.020
51052.750  16.399  0.023
51054.750  16.551  0.026
51055.391  16.574  0.019
51056.750  16.675  0.023
51058.750  16.766  0.028
51068.750  17.256  0.021
51069.371  17.293  0.023
51072.750  17.353  0.048
51074.750  17.380  0.029
51075.750  17.363  0.029
51076.750  17.379  0.024
51077.262  17.407  0.022
51080.750  17.412  0.054
51094.750  17.640  0.058
51098.750  17.674  0.084
51102.750  17.727  0.032
51106.750  17.773  0.023
51110.250  17.855  0.038
51130.750  18.135  0.059
51136.180  18.229  0.017
51142.500  18.296  0.072
51163.500  18.566  0.103
51164.500  18.585  0.044
filter Is
51019.000  14.890  0.026
51021.000  14.429  0.025
51021.441  14.453  0.012
51022.000  14.274  0.022
51023.000  14.188  0.012
51024.000  14.138  0.021
51025.000  14.075  0.022
51026.000  14.066  0.016
51026.391  14.105  0.011
51027.000  14.082  0.022
51028.000  14.079  0.013
51029.000  14.108  0.014
51031.000  14.146  0.018
51031.750  14.158  0.015
51037.000  14.418  0.023
51038.000  14.492  0.026
51040.000  14.587  0.020
51040.750  14.594  0.028
51041.750  14.588  0.026
51043.000  14.617  0.023
51045.000  14.516  0.019
51045.340  14.709  0.047
51046.750  14.543  0.021
51047.340  14.580  0.015
51048.750  14.515  0.019
51050.750  14.497  0.027
51052.750  14.455  0.022
51054.750  14.492  0.017
51055.391  14.472  0.015
51056.750  14.536  0.024
51058.750  14.634  0.026
51068.750  15.299  0.027
51069.371  15.343  0.016
51072.750  15.445  0.040
51074.750  15.607  0.060
51075.750  15.621  0.041
51076.750  15.669  0.052
51077.262  15.739  0.016
51080.750  15.822  0.079
51094.750  16.447  0.095
51098.750  16.594  0.256
51102.750  16.727  0.132
51106.750  16.888  0.168
51110.250  17.058  0.040
51130.750  17.729  0.410
51136.180  17.971  0.032
51142.500  18.075  0.204
51163.500  18.376  0.558
51164.500  18.274  0.369
filter Rs
51019.000  14.899  0.011
51020.000  14.581  0.015
51021.000  14.460  0.010
51021.441  14.475  0.010
51022.000  14.335  0.010
51023.000  14.194  0.010
51024.000  14.115  0.010
51025.000  14.049  0.010
51026.000  14.026  0.017
51026.391  13.987  0.011
51027.000  13.984  0.025
51028.000  13.970  0.010
51029.000  13.952  0.010
51031.000  13.953  0.012
51031.750  13.981  0.010
51037.000  14.198  0.010
51038.000  14.271  0.012
51040.000  14.412  0.010
51040.750  14.474  0.010
51041.750  14.521  0.010
51043.000  14.566  0.011
51045.000  14.628  0.033
51046.750  14.644  0.010
51047.340  14.618  0.014
51048.750  14.679  0.010
51050.750  14.721  0.010
51054.750  14.848  0.014
51055.391  14.790  0.011
51056.750  14.915  0.010
51058.750  15.043  0.017
51068.750  15.668  0.013
51069.371  15.634  0.014
51072.750  15.820  0.017
51074.750  15.890  0.024
51075.750  15.914  0.014
51076.750  15.962  0.020
51077.262  15.922  0.014
51080.750  16.072  0.021
51094.750  16.515  0.017
51098.750  16.602  0.083
51102.750  16.818  0.029
51106.750  16.905  0.032
51110.250  17.049  0.036
51130.750  17.606  0.050
51136.180  17.847  0.015
51142.500  17.962  0.086
51163.500  18.522  0.105
51164.500  18.492  0.091
filter Us
51021.440  14.427  0.039
51026.390  13.929  0.038
51045.340  15.743  0.052
51047.340  15.994  0.045
51055.390  16.804  0.042
51069.370  17.455  0.051
51077.260  17.652  0.042
51110.250  18.467  0.059
51136.180  19.097  0.045
filter V
51019.000  15.125  0.019
51020.000  14.879  0.015
51021.000  14.680  0.011
51021.441  14.718  0.007
51022.000  14.516  0.010
51023.000  14.365  0.010
51024.000  14.270  0.010
51025.000  14.197  0.010
51026.000  14.115  0.010
51026.391  14.138  0.008
51027.000  14.062  0.010
51028.000  14.052  0.010
51029.000  14.016  0.010
51031.000  14.003  0.010
51031.750  14.000  0.010
51037.000  14.156  0.018
51038.000  14.207  0.011
51040.000  14.330  0.010
51040.750  14.379  0.010
51041.750  14.474  0.010
51043.000  14.540  0.010
51045.000  14.650  0.027
51045.340  14.665  0.024
51046.750  14.752  0.010
51047.340  14.782  0.009
51048.750  14.870  0.010
51050.750  14.985  0.010
51052.750  15.091  0.014
51054.750  15.214  0.011
51055.391  15.235  0.007
51056.750  15.324  0.015
51058.750  15.461  0.016
51068.750  16.036  0.014
51069.371  16.045  0.010
51072.750  16.132  0.022
51074.750  16.208  0.017
51075.750  16.238  0.020
51076.750  16.260  0.021
51077.262  16.289  0.010
51080.750  16.366  0.019
51094.750  16.715  0.026
51098.750  16.724  0.055
51102.750  16.972  0.027
51106.750  17.097  0.038
51110.250  17.128  0.025
51130.750  17.668  0.035
51136.180  17.730  0.011
51142.500  17.943  0.125
51163.500  18.332  0.078
51164.500  18.365  0.058
