SN2001el 0.003896 56.127500 -44.639833
filter B
52171.350  14.048  0.013
52174.310  13.380  0.012
52177.340  13.005  0.015
52178.320  12.894  0.023
52179.310  12.849  0.026
52183.340  12.844  0.019
52183.360  12.814  0.013
52184.380  12.832  0.013
52186.300  12.939  0.009
52189.283  13.132  0.004
52189.330  13.166  0.007
52190.291  13.215  0.018
52191.289  13.308  0.011
52192.221  13.384  0.014
52192.330  13.427  0.016
52193.282  13.517  0.012
52194.278  13.613  0.014
52195.250  13.769  0.027
52195.335  13.740  0.014
52197.214  13.947  0.014
52198.213  14.043  0.014
52198.300  14.133  0.008
52201.310  14.483  0.012
52204.280  14.774  0.016
52207.270  15.039  0.012
52210.320  15.292  0.013
52213.180  15.475  0.015
52216.230  15.659  0.011
52222.250  15.932  0.020
52225.220  15.997  0.012
52228.230  16.089  0.016
52231.210  16.140  0.017
52234.230  16.161  0.016
52237.230  16.215  0.017
52240.230  16.238  0.020
52243.210  16.293  0.021
52246.280  16.349  0.038
filter H_K
52171.34000  13.661  0.036
52174.30000  13.161  0.037
52177.32000  13.085  0.037
52183.33000  13.193  0.036
52186.29000  13.253  0.036
52189.32000  13.239  0.036
52192.32000  13.276  0.042
52195.24000  13.245  0.051
52198.29000  13.140  0.099
52201.31000  13.045  0.036
52202.25000  12.978  0.040
52203.24000  12.982  0.019
52204.20000  12.966  0.026
52204.27000  13.084  0.071
52207.34000  13.061  0.038
52210.31000  13.108  0.042
52213.17000  13.132  0.041
52216.22000  13.259  0.039
52222.24000  13.769  0.043
52225.21000  13.812  0.048
52228.22000  13.991  0.044
52231.20000  14.090  0.045
52234.22000  14.213  0.044
52237.23000  14.349  0.053
52238.29000  14.355  0.054
52240.20000  14.514  0.039
52240.22000  14.488  0.055
52241.19000  14.492  0.016
52242.19000  14.562  0.022
52243.18000  14.548  0.080
52243.24000  14.576  0.055
52246.27000  14.824  0.067
52498.00000  18.400  0.120
52522.00000  18.620  0.110
52625.00000  18.890  0.110
52627.00000  18.470  0.120
filter Is
52171.350  13.742  0.015
52174.310  13.120  0.014
52177.340  12.838  0.016
52183.340  12.885  0.016
52186.300  12.954  0.008
52189.283  13.058  0.002
52189.330  13.073  0.008
52190.291  13.148  0.002
52191.289  13.194  0.019
52192.221  13.263  0.015
52192.330  13.259  0.016
52193.282  13.300  0.003
52194.278  13.303  0.015
52195.250  13.358  0.027
52195.335  13.364  0.015
52197.214  13.384  0.015
52198.213  13.288  0.015
52198.300  13.322  0.008
52201.310  13.253  0.012
52204.280  13.226  0.024
52207.270  13.224  0.012
52210.320  13.235  0.010
52213.180  13.306  0.009
52216.230  13.486  0.009
52222.250  13.904  0.017
52225.220  14.038  0.012
52228.230  14.171  0.015
52231.210  14.314  0.014
52234.230  14.447  0.012
52237.230  14.560  0.014
52240.230  14.689  0.015
52243.210  14.801  0.019
52246.280  14.922  0.022
filter J_P
52171.34000  13.607  0.021
52174.30000  13.129  0.020
52177.32000  12.878  0.022
52183.33000  12.986  0.020
52186.29000  13.177  0.020
52189.32000  13.538  0.020
52192.32000  14.139  0.022
52195.24000  14.265  0.032
52198.29000  14.290  0.068
52201.31000  14.380  0.020
52202.25000  14.191  0.023
52203.24000  14.167  0.022
52204.20000  14.174  0.025
52204.27000  14.263  0.043
52207.34000  14.217  0.021
52210.31000  14.199  0.025
52213.17000  13.997  0.023
52216.22000  14.112  0.021
52222.24000  14.774  0.025
52225.21000  14.917  0.028
52228.22000  15.204  0.026
52231.20000  15.354  0.027
52234.22000  15.544  0.026
52237.23000  15.799  0.033
52238.29000  15.713  0.020
52240.20000  15.879  0.020
52240.22000  15.974  0.034
52241.19000  15.964  0.020
52242.19000  16.030  0.025
52243.18000  16.069  0.024
52243.24000  16.238  0.033
52244.21000  16.089  0.046
52246.27000  16.420  0.043
52499.00000  19.150  0.100
52522.00000  19.210  0.110
52625.00000  19.550  0.120
52627.00000  19.230  0.120
filter K_P
52171.34000  13.543  0.044
52174.30000  13.021  0.045
52177.32000  12.831  0.046
52183.33000  12.919  0.043
52186.29000  13.061  0.043
52189.32000  13.116  0.043
52192.32000  13.142  0.051
52195.24000  13.085  0.063
52198.29000  13.036  0.103
52201.31000  12.987  0.043
52202.25000  13.035  0.036
52203.24000  12.957  0.039
52204.20000  12.988  0.036
52204.27000  12.873  0.086
52207.34000  12.941  0.045
52210.31000  13.045  0.053
52213.17000  13.082  0.049
52216.22000  13.317  0.043
52222.24000  13.867  0.058
52225.21000  13.893  0.058
52228.22000  14.112  0.053
52231.20000  14.305  0.056
52234.22000  14.404  0.059
52237.23000  14.537  0.065
52238.29000  14.711  0.038
52240.20000  14.690  0.053
52240.22000  14.711  0.077
52241.19000  14.798  0.048
52242.19000  14.751  0.059
52243.24000  14.780  0.075
52244.21000  14.833  0.044
52246.27000  14.938  0.081
52498.00000  20.070  0.210
52522.00000  19.360  0.420
52565.00000  19.540  0.520
filter Rs
52171.350  13.711  0.016
52174.310  13.111  0.015
52177.340  12.768  0.024
52183.340  12.622  0.045
52186.300  12.624  0.009
52189.282  12.698  0.002
52189.330  12.738  0.010
52190.291  12.749  0.013
52191.289  12.813  0.015
52192.221  12.863  0.015
52192.330  12.909  0.018
52193.282  12.939  0.010
52194.278  12.990  0.015
52195.250  13.040  0.035
52195.335  13.060  0.015
52197.214  13.129  0.015
52198.213  13.108  0.015
52198.300  13.169  0.014
52201.310  13.232  0.014
52204.280  13.303  0.019
52207.270  13.392  0.015
52210.320  13.524  0.011
52213.180  13.697  0.015
52216.230  13.880  0.012
52222.250  14.248  0.018
52225.220  14.331  0.014
52228.230  14.478  0.016
52231.210  14.584  0.016
52234.230  14.675  0.013
52237.230  14.738  0.016
52240.230  14.835  0.019
52243.210  14.917  0.021
52246.280  15.042  0.020
filter Us
52178.320  12.753  0.045
52179.310  12.708  0.043
52183.360  12.765  0.027
52184.380  12.824  0.029
52189.283  13.413  0.011
52190.291  13.526  0.019
52191.289  13.656  0.013
52192.221  13.765  0.019
52193.282  13.897  0.016
52194.278  14.009  0.019
52195.335  14.188  0.019
52197.214  14.450  0.019
52198.213  14.544  0.019
52289.140  17.695  0.037
filter V
52171.350  13.801  0.009
52174.310  13.257  0.008
52177.340  12.932  0.010
52178.320  12.903  0.014
52179.310  12.873  0.015
52183.340  12.704  0.010
52183.360  12.758  0.008
52184.380  12.759  0.007
52186.300  12.744  0.004
52189.280  12.795  0.007
52189.330  12.807  0.004
52190.290  12.823  0.014
52191.290  12.863  0.011
52192.220  12.896  0.013
52192.330  12.932  0.011
52193.280  12.966  0.013
52194.280  13.028  0.013
52195.250  13.096  0.018
52195.340  13.103  0.013
52197.210  13.201  0.013
52198.210  13.237  0.013
52198.300  13.308  0.005
52201.310  13.486  0.008
52204.280  13.625  0.009
52207.270  13.783  0.007
52210.320  13.962  0.006
52213.180  14.149  0.006
52216.230  14.343  0.005
52222.250  14.650  0.010
52225.220  14.751  0.007
52228.230  14.852  0.009
52231.210  14.912  0.009
52234.230  14.987  0.006
52237.230  15.090  0.008
52240.230  15.169  0.009
52243.210  15.226  0.012
52246.280  15.286  0.009
