SN2009aa 0.027290 170.926167 -22.270694
filter Jrc2
54868.27  17.353  0.024
54868.28  17.317  0.026
54875.28  16.720  0.016
54875.28  16.699  0.018
54882.19  17.165  0.029
54882.20  17.242  0.035
54882.22  17.179  0.025
54886.23  17.741  0.040
54886.24  17.698  0.040
54887.23  17.952  0.047
54887.24  17.911  0.050
54889.25  18.198  0.066
54889.26  18.107  0.063
54891.28  18.143  0.100
54891.29  18.407  0.100
54892.26  18.233  0.059
54892.27  18.377  0.064
54894.16  18.113  0.073
54894.17  18.127  0.062
54899.24  18.056  0.053
54899.25  18.087  0.055
54901.15  18.118  0.069
54901.16  17.910  0.057
54907.27  17.811  0.044
54913.23  17.887  0.043
54913.23  17.945  0.054
54921.26  18.668  0.090
54921.27  18.583  0.071
54929.18  18.856  0.106
54929.20  18.792  0.112
54939.24  19.271  0.137
54939.25  19.413  0.189
filter g
54869.17  17.150  0.006
54870.33  16.918  0.007
54871.29  16.757  0.006
54872.30  16.633  0.006
54873.28  16.538  0.007
54874.19  16.471  0.005
54878.25  16.322  0.008
54879.29  16.320  0.004
54883.27  16.450  0.006
54884.23  16.498  0.008
54888.14  16.794  0.006
54898.16  17.814  0.010
54900.17  18.030  0.013
54902.16  18.201  0.018
54908.16  18.680  0.017
54911.24  18.866  0.020
54914.15  19.017  0.032
54915.14  19.069  0.026
54917.24  19.140  0.021
54928.09  19.337  0.029
54931.13  19.427  0.040
54938.14  19.571  0.025
filter i
54869.18  17.371  0.009
54870.34  17.164  0.009
54871.30  17.022  0.009
54872.31  16.945  0.008
54873.29  16.904  0.013
54874.20  16.874  0.009
54878.26  16.931  0.010
54879.30  16.995  0.008
54883.28  17.097  0.007
54884.24  17.148  0.009
54888.15  17.463  0.010
54898.17  17.507  0.009
54900.18  17.521  0.013
54902.16  17.469  0.014
54908.17  17.620  0.012
54911.25  17.821  0.013
54914.16  18.055  0.015
54915.15  18.125  0.016
54917.25  18.237  0.017
54928.10  18.727  0.025
54931.14  18.771  0.031
54938.15  19.076  0.025
filter H
54868.28  17.292  0.045
54868.29  17.375  0.057
54872.28  17.014  0.015
54872.29  17.020  0.015
54873.28  16.960  0.015
54873.29  17.000  0.014
54875.29  16.979  0.043
54875.30  16.972  0.050
54882.23  17.340  0.064
54882.24  17.285  0.060
54886.25  17.400  0.069
54886.26  17.590  0.087
54887.24  17.653  0.075
54887.25  17.456  0.072
54891.29  17.416  0.072
54891.30  17.590  0.062
54892.27  17.682  0.095
54892.29  17.511  0.082
54894.18  17.679  0.135
54894.19  17.362  0.087
54899.25  17.192  0.050
54899.26  17.152  0.053
54901.17  17.079  0.063
54901.18  17.234  0.078
54907.28  17.172  0.052
54907.29  17.061  0.056
54913.24  17.296  0.061
54913.25  17.494  0.066
54921.28  17.833  0.080
54921.29  18.028  0.121
54929.21  18.265  0.168
54956.14  19.354  0.099
filter J
54872.27  16.862  0.011
54872.27  16.817  0.011
54873.26  16.794  0.013
54873.27  16.812  0.012
54956.12  20.185  0.101
filter r
54869.18  17.204  0.007
54870.34  16.979  0.007
54871.29  16.822  0.007
54872.30  16.727  0.006
54873.28  16.624  0.010
54874.20  16.562  0.006
54878.25  16.410  0.009
54879.30  16.403  0.005
54883.28  16.465  0.005
54884.24  16.504  0.007
54888.14  16.744  0.007
54898.17  17.147  0.006
54900.18  17.180  0.010
54902.16  17.273  0.010
54908.16  17.597  0.011
54911.24  17.809  0.011
54914.15  18.004  0.015
54915.14  18.043  0.014
54917.24  18.147  0.017
54928.09  18.516  0.021
54931.13  18.557  0.026
54938.15  18.840  0.020
filter u
54869.19  17.402  0.021
54870.32  17.195  0.011
54871.28  17.051  0.014
54872.29  16.939  0.013
54873.27  16.858  0.012
54874.21  16.819  0.010
54878.26  16.860  0.011
54879.28  16.933  0.009
54883.27  17.345  0.011
54884.23  17.448  0.014
54888.15  17.968  0.015
54898.18  19.413  0.073
54900.19  19.647  0.080
54908.17  20.364  0.068
54911.23  20.436  0.069
54917.23  20.542  0.085
filter V
54869.19  17.266  0.008
54870.31  17.044  0.008
54871.27  16.880  0.008
54872.27  16.748  0.008
54873.25  16.658  0.008
54874.22  16.595  0.007
54878.27  16.428  0.008
54879.27  16.417  0.006
54883.25  16.492  0.006
54884.21  16.513  0.008
54888.16  16.697  0.005
54898.19  17.396  0.010
54900.20  17.523  0.014
54902.18  17.653  0.014
54908.18  18.075  0.013
54911.23  18.282  0.014
54914.17  18.434  0.015
54915.16  18.461  0.015
54917.21  18.583  0.017
54928.11  18.858  0.026
54931.14  18.947  0.031
54938.16  19.125  0.016
filter Y
54868.25  17.393  0.024
54868.26  17.367  0.024
54875.26  16.792  0.015
54875.27  16.824  0.015
54882.18  17.321  0.018
54882.19  17.326  0.021
54886.21  17.513  0.023
54886.22  17.551  0.023
54887.21  17.556  0.033
54887.22  17.607  0.028
54889.24  17.583  0.023
54889.24  17.611  0.029
54891.26  17.491  0.025
54891.27  17.515  0.024
54892.24  17.484  0.026
54892.25  17.497  0.027
54894.14  17.407  0.022
54894.15  17.402  0.026
54899.22  17.121  0.018
54899.23  17.177  0.021
54901.14  17.065  0.024
54901.15  17.084  0.027
54907.24  16.793  0.013
54907.25  16.797  0.018
54907.26  16.814  0.017
54913.21  17.010  0.017
54913.22  16.993  0.019
54921.24  17.487  0.022
54921.25  17.419  0.024
54929.17  17.890  0.030
54929.18  17.806  0.030
54939.22  18.266  0.049
54939.23  18.345  0.058
filter Ydw
54872.30  16.950  0.011
54872.31  16.927  0.011
54873.24  16.897  0.010
54873.25  16.928  0.011
54956.15  19.205  0.036
54956.16  19.176  0.040
filter B
54869.20  17.222  0.010
54870.32  17.007  0.009
54871.28  16.828  0.009
54872.28  16.724  0.009
54873.26  16.611  0.009
54874.22  16.544  0.008
54878.28  16.415  0.009
54879.28  16.423  0.005
54883.26  16.595  0.007
54884.22  16.669  0.012
54888.16  17.021  0.009
54898.19  18.246  0.019
54900.20  18.447  0.025
54902.18  18.643  0.036
54908.18  19.084  0.021
54911.22  19.325  0.025
54914.18  19.405  0.031
54915.17  19.420  0.028
54917.22  19.557  0.034
54928.12  19.764  0.057
54931.15  19.825  0.081
54938.16  20.003  0.048
