SN2005cf 0.006461 230.384210 -7.413194
filter B
53521.243  15.644  0.015
53521.250  15.642  0.022
53521.270  15.615  0.029
53521.400  15.462  0.010
53521.880  15.272  0.015
53522.240  15.194  0.022
53522.241  15.184  0.016
53522.370  15.130  0.022
53522.470  15.012  0.009
53522.650  15.054  0.041
53522.660  14.924  0.017
53523.270  14.814  0.022
53523.273  14.822  0.020
53523.370  14.798  0.022
53523.630  14.600  0.024
53523.630  14.751  0.022
53523.940  14.561  0.011
53524.130  14.620  0.022
53524.180  14.580  0.022
53524.185  14.559  0.013
53524.290  14.546  0.022
53524.350  14.525  0.022
53524.470  14.392  0.010
53524.750  14.339  0.041
53524.920  14.367  0.024
53525.190  14.339  0.022
53525.192  14.313  0.017
53525.260  14.325  0.022
53525.370  14.305  0.022
53525.850  14.131  0.041
53526.180  14.159  0.022
53526.187  14.132  0.017
53526.250  14.132  0.022
53526.940  14.030  0.022
53527.070  13.899  0.015
53527.140  14.042  0.022
53527.190  14.010  0.022
53527.195  13.984  0.020
53527.350  13.978  0.022
53527.450  13.862  0.012
53527.640  13.841  0.012
53527.930  13.886  0.022
53528.250  13.890  0.022
53528.329  13.867  0.015
53528.340  13.871  0.022
53528.740  13.724  0.011
53528.930  13.777  0.025
53529.210  13.785  0.022
53529.880  13.694  0.011
53529.880  13.670  0.018
53529.920  13.737  0.022
53530.090  13.769  0.022
53530.180  13.748  0.022
53530.182  13.715  0.022
53530.620  13.609  0.029
53530.980  13.642  0.011
53531.170  13.707  0.022
53531.177  13.670  0.017
53531.290  13.694  0.022
53531.330  13.691  0.022
53531.690  13.597  0.039
53531.920  13.674  0.022
53532.370  13.670  0.022
53532.630  13.535  0.029
53532.920  13.640  0.021
53533.000  13.587  0.010
53533.160  13.678  0.022
53533.220  13.651  0.022
53533.340  13.646  0.022
53533.490  13.539  0.010
53534.230  13.668  0.022
53534.234  13.628  0.019
53534.340  13.649  0.022
53534.930  13.667  0.022
53535.220  13.668  0.022
53535.240  13.686  0.022
53535.244  13.643  0.015
53535.330  13.658  0.022
53535.940  13.737  0.021
53535.970  13.594  0.010
53536.194  13.692  0.011
53536.200  13.734  0.022
53536.330  13.708  0.022
53536.970  13.734  0.022
53537.860  13.689  0.013
53538.180  13.840  0.022
53538.710  13.720  0.022
53538.870  13.764  0.013
53539.630  13.767  0.019
53539.910  13.855  0.013
53540.870  13.899  0.016
53541.760  13.921  0.024
53542.030  14.115  0.018
53542.110  14.113  0.045
53542.220  14.105  0.022
53542.260  14.064  0.035
53542.640  14.045  0.022
53543.010  14.053  0.009
53543.180  14.195  0.022
53543.182  14.176  0.012
53543.196  14.173  0.010
53543.320  14.195  0.022
53544.270  14.241  0.021
53544.300  14.289  0.023
53544.630  14.191  0.025
53545.320  14.387  0.022
53545.800  14.323  0.017
53545.860  14.358  0.016
53545.930  14.361  0.011
53546.000  14.362  0.009
53546.250  14.474  0.026
53546.950  14.495  0.012
53547.170  14.567  0.022
53547.320  14.579  0.022
53547.900  14.597  0.014
53548.160  14.670  0.022
53548.162  14.655  0.014
53548.290  14.679  0.037
53549.210  14.804  0.022
53549.219  14.789  0.015
53549.240  14.781  0.022
53549.290  14.792  0.022
53549.870  14.844  0.013
53550.160  14.906  0.022
53550.162  14.892  0.016
53550.170  14.923  0.022
53550.290  14.891  0.021
53550.980  14.900  0.009
53550.990  14.928  0.032
53551.230  14.995  0.025
53551.570  15.045  0.032
53552.870  15.184  0.013
53552.940  15.245  0.031
53553.230  15.203  0.021
53553.330  15.256  0.022
53553.870  15.265  0.014
53553.950  15.315  0.021
53554.160  15.320  0.022
53554.970  15.340  0.009
53555.270  15.452  0.025
53557.179  15.647  0.015
53557.180  15.644  0.022
53557.230  15.637  0.026
53557.980  15.616  0.009
53558.690  15.726  0.018
53558.980  15.811  0.022
53558.990  15.797  0.010
53559.090  15.766  0.022
53559.110  15.833  0.022
53559.200  15.803  0.022
53559.230  15.811  0.021
53559.260  15.845  0.022
53561.230  15.951  0.022
53561.920  16.033  0.022
53561.980  15.952  0.010
53562.130  16.094  0.022
53562.220  16.105  0.022
53562.530  16.101  0.025
53562.740  16.053  0.013
53562.870  16.069  0.013
53562.920  16.104  0.023
53563.200  16.156  0.025
53563.230  16.151  0.024
53563.870  16.158  0.013
53564.000  16.095  0.010
53564.890  16.281  0.022
53565.210  16.270  0.025
53565.910  16.317  0.015
53568.900  16.506  0.031
53569.040  16.510  0.022
53569.070  16.496  0.012
53570.200  16.526  0.033
53570.300  16.566  0.054
53571.100  16.587  0.011
53571.710  16.593  0.022
53572.200  16.658  0.037
53573.050  16.656  0.011
53573.100  16.667  0.026
53574.200  16.700  0.023
53574.260  16.748  0.036
53574.700  16.640  0.021
53575.010  16.703  0.011
53575.900  16.737  0.022
53576.110  16.773  0.022
53576.230  16.762  0.025
53578.050  16.797  0.011
53578.190  16.751  0.022
53579.050  16.836  0.022
53580.190  16.818  0.026
53580.500  16.828  0.055
53581.110  16.823  0.012
53582.190  16.866  0.025
53582.910  16.849  0.010
53583.700  16.811  0.027
53584.190  16.866  0.028
53586.190  16.908  0.033
53586.640  16.872  0.020
53587.060  16.913  0.011
53588.190  16.927  0.026
53588.210  16.951  0.033
53590.060  16.984  0.011
53590.190  16.976  0.027
53590.630  16.943  0.013
53592.190  17.030  0.031
53595.000  17.005  0.022
53596.180  17.083  0.055
53597.880  17.088  0.010
53599.180  17.129  0.059
53602.170  17.120  0.051
53603.510  17.225  0.038
53603.650  17.171  0.019
53604.610  17.263  0.078
53605.170  17.272  0.051
53608.170  17.258  0.051
53610.880  17.291  0.013
53611.170  17.168  0.051
53612.870  17.316  0.012
53614.160  17.298  0.051
53616.600  17.341  0.018
53617.160  17.310  0.051
53618.150  17.435  0.051
53620.610  17.421  0.021
53621.160  17.523  0.051
53624.150  17.396  0.064
filter B_UVOT
53525.05  14.292000  0.028000
53526.06  14.156000  0.028000
53527.06  13.925000  0.027000
53529.94  13.690000  0.027000
53530.27  13.668000  0.026000
53531.48  13.639000  0.026000
53547.77  14.645000  0.032000
53550.02  14.893000  0.034000
53563.83  16.108000  0.061000
53574.67  16.636000  0.059000
filter H2m
53522.23828  13442.191  232.135
53523.25000  15784.694  443.764
53524.23828  18947.600  535.445
53532.23047  25996.223  550.180
53534.23047  24299.535  809.415
53535.21875  21979.123  284.918
53536.21094  21672.277  676.176
53539.21094  21307.141  1095.149
53551.16016  25223.377  1476.284
53553.17188  25958.094  1494.917
53554.17188  23289.441  702.267
53555.28125  25062.189  1374.488
53556.17188  23683.803  381.164
53557.14844  24989.850  1855.415
53558.14844  25030.568  2048.004
53560.16016  24336.035  410.597
53563.14844  23014.594  447.312
filter H_K
53522.24219  13442.190  232.140
53523.24609  15784.690  443.760
53524.23828  18947.600  535.450
53539.21094  21307.141  1095.150
53536.21094  21672.279  676.180
53535.21875  21979.119  284.920
53563.14453  23014.590  447.310
53554.16797  23289.439  702.270
53556.16406  23683.801  381.160
53534.22656  24299.529  809.410
53560.15625  24336.039  410.600
53557.15234  24989.850  1855.410
53558.14844  25030.570  2048.000
53555.28125  25062.189  1374.490
53551.16016  25223.381  1476.280
53553.17188  25958.090  1494.920
53532.23047  25996.221  550.180
filter Is
53521.250  15.345  0.041
53521.270  15.332  0.041
53521.400  15.177  0.011
53521.880  14.999  0.024
53522.240  15.044  0.041
53522.370  14.968  0.041
53522.470  14.805  0.009
53522.650  14.896  0.041
53522.660  14.789  0.024
53523.270  14.684  0.041
53523.370  14.662  0.041
53523.630  14.501  0.022
53523.630  14.573  0.041
53523.940  14.438  0.010
53524.130  14.427  0.041
53524.180  14.470  0.041
53524.290  14.405  0.041
53524.350  14.417  0.041
53524.470  14.269  0.009
53524.750  14.242  0.020
53524.920  14.242  0.041
53525.190  14.241  0.041
53525.260  14.202  0.041
53525.370  14.191  0.041
53525.850  14.035  0.023
53526.180  14.088  0.041
53526.940  13.938  0.041
53527.070  13.866  0.023
53527.140  13.930  0.041
53527.190  13.958  0.041
53527.350  13.917  0.041
53527.450  13.802  0.013
53527.640  13.849  0.018
53527.930  13.844  0.041
53528.250  13.850  0.041
53528.340  13.830  0.041
53528.740  13.785  0.019
53528.930  13.781  0.041
53529.210  13.803  0.041
53529.880  13.697  0.009
53529.880  13.745  0.030
53529.920  13.795  0.041
53530.090  13.767  0.041
53530.180  13.810  0.041
53530.620  13.713  0.020
53530.980  13.703  0.010
53531.170  13.823  0.041
53531.290  13.767  0.041
53531.330  13.773  0.041
53531.690  13.714  0.027
53531.920  13.787  0.041
53532.370  13.773  0.041
53532.630  13.720  0.018
53532.920  13.822  0.041
53533.000  13.664  0.010
53533.160  13.792  0.041
53533.220  13.793  0.041
53533.340  13.768  0.041
53533.490  13.727  0.047
53534.230  13.901  0.041
53534.340  13.783  0.041
53534.930  13.865  0.041
53535.220  13.827  0.041
53535.240  13.948  0.041
53535.940  13.889  0.041
53535.970  13.806  0.035
53536.200  13.987  0.041
53536.330  13.852  0.041
53536.970  13.934  0.041
53537.320  13.827  0.041
53537.690  13.862  0.019
53537.860  13.846  0.030
53538.180  13.969  0.041
53538.710  13.897  0.016
53538.870  13.864  0.028
53539.630  13.966  0.023
53539.910  13.952  0.031
53540.870  14.008  0.032
53541.760  14.071  0.024
53542.030  14.074  0.030
53542.110  14.163  0.041
53542.220  14.133  0.041
53542.260  14.116  0.041
53542.560  14.143  0.053
53542.640  14.126  0.018
53543.010  14.179  0.022
53543.180  14.331  0.041
53543.320  14.186  0.041
53544.270  14.217  0.041
53544.300  14.267  0.041
53544.630  14.259  0.033
53545.320  14.317  0.041
53545.800  14.316  0.030
53545.860  14.265  0.030
53545.930  14.307  0.017
53546.250  14.348  0.041
53546.950  14.310  0.029
53547.170  14.444  0.041
53547.320  14.362  0.041
53547.900  14.323  0.031
53548.160  14.594  0.041
53548.290  14.363  0.041
53549.210  14.598  0.041
53549.240  14.316  0.041
53549.290  14.365  0.041
53549.870  14.332  0.028
53550.160  14.567  0.041
53550.170  14.444  0.041
53550.290  14.347  0.041
53550.980  14.403  0.022
53550.990  14.489  0.041
53551.230  14.328  0.041
53551.570  14.316  0.041
53552.870  14.306  0.032
53552.940  14.453  0.041
53553.230  14.282  0.041
53553.330  14.273  0.041
53553.870  14.283  0.032
53553.950  14.437  0.041
53554.160  14.354  0.041
53554.970  14.207  0.021
53555.270  14.304  0.041
53557.180  14.413  0.041
53557.230  14.225  0.041
53557.980  14.197  0.022
53558.690  14.192  0.015
53558.980  14.356  0.041
53558.990  14.188  0.009
53559.090  14.225  0.041
53559.110  14.275  0.041
53559.200  14.203  0.041
53559.230  14.173  0.041
53559.260  14.259  0.041
53561.230  14.189  0.041
53561.920  14.338  0.041
53561.980  14.147  0.022
53562.130  14.266  0.041
53562.530  14.196  0.041
53562.740  14.157  0.029
53562.870  14.255  0.031
53562.920  14.361  0.041
53563.200  14.210  0.041
53563.230  14.215  0.041
53563.870  14.294  0.029
53564.000  14.272  0.021
53564.890  14.411  0.041
53565.210  14.262  0.041
53565.910  14.325  0.026
53568.900  14.676  0.041
53569.040  14.579  0.041
53569.070  14.488  0.018
53570.200  14.620  0.041
53570.300  14.562  0.041
53571.100  14.643  0.018
53571.710  14.721  0.025
53572.200  14.660  0.041
53573.050  14.772  0.017
53573.100  14.865  0.041
53574.200  14.873  0.041
53574.260  14.840  0.041
53574.700  14.885  0.023
53575.010  14.873  0.018
53575.900  15.138  0.041
53576.110  15.034  0.041
53576.230  14.992  0.041
53578.050  15.025  0.017
53578.190  15.089  0.041
53579.050  15.169  0.041
53580.190  15.162  0.041
53580.500  15.236  0.065
53581.110  15.180  0.018
53582.190  15.264  0.041
53582.910  15.281  0.009
53583.700  15.359  0.035
53584.190  15.366  0.041
53586.190  15.412  0.041
53586.640  15.464  0.018
53587.060  15.448  0.018
53588.190  15.582  0.041
53588.210  15.535  0.042
53590.060  15.580  0.018
53590.190  15.599  0.041
53590.630  15.664  0.026
53592.190  15.721  0.041
53595.000  15.743  0.027
53597.880  15.895  0.009
53599.180  15.996  0.041
53599.680  16.088  0.021
53600.510  16.074  0.041
53602.170  16.195  0.041
53603.510  16.297  0.041
53603.650  16.208  0.022
53605.170  16.289  0.041
53608.170  16.437  0.041
53610.880  16.609  0.030
53611.170  16.481  0.041
53612.870  16.500  0.011
53614.160  16.569  0.041
53614.640  16.670  0.030
53616.600  16.707  0.018
53617.160  16.737  0.041
53618.150  16.828  0.041
53620.610  16.870  0.025
53621.160  17.052  0.054
53624.150  17.044  0.047
filter J2m
53522.23828  13076.798  271.022
53523.25000  16147.679  225.998
53524.23828  20151.064  515.710
53532.23047  29384.912  1065.614
53534.23047  24538.521  991.009
53535.21875  25401.225  309.894
53536.21094  23591.184  304.768
53539.21094  18361.766  386.795
53551.16016  7291.901  170.174
53553.17188  7487.200  196.028
53554.17188  7540.932  161.444
53555.28125  7833.081  130.293
53556.17188  8083.604  174.195
53557.14844  8778.408  186.251
53558.14844  8669.614  286.969
53560.16016  10433.897  250.799
53563.14844  11965.687  264.474
filter J_P
53551.16016  7291.900  170.170
53553.17188  7487.200  196.030
53554.16797  7540.930  161.440
53555.28125  7833.080  130.290
53556.16406  8083.600  174.190
53558.14844  8669.610  286.970
53557.15234  8778.410  186.250
53560.15625  10433.900  250.800
53563.14453  11965.690  264.470
53522.24219  13076.800  271.020
53523.24609  16147.680  226.000
53539.21094  18361.760  386.800
53524.23828  20151.070  515.710
53536.21094  23591.180  304.770
53534.22656  24538.520  991.010
53535.21875  25401.221  309.890
53532.23047  29384.910  1065.610
filter Ks2m
53522.23828  11924.276  234.045
53524.23828  18517.689  352.082
53532.23047  25680.123  545.373
53534.23047  25937.242  361.387
53535.21875  23601.115  747.756
53536.21094  23869.461  420.422
53539.21094  22115.248  599.840
53551.16016  19928.648  356.256
53553.17188  21600.844  346.431
53555.28125  21770.949  335.564
53556.17188  21998.635  419.918
53557.14844  23283.902  232.855
53558.14844  23135.775  489.371
53560.16016  22600.324  427.172
53563.14844  20619.512  366.969
filter K_P
53522.24219  11924.280  234.050
53524.23828  18517.689  352.080
53551.16016  19928.650  356.260
53563.14453  20619.510  366.970
53553.17188  21600.840  346.430
53555.28125  21770.949  335.560
53556.16406  21998.631  419.920
53539.21094  22115.250  599.840
53560.15625  22600.320  427.170
53558.14844  23135.779  489.370
53557.15234  23283.900  232.850
53535.21875  23601.109  747.760
53536.21094  23869.461  420.420
53532.23047  25680.119  545.370
53534.22656  25937.240  361.390
filter Rs
53521.250  15.211  0.032
53521.270  15.206  0.041
53521.400  15.138  0.009
53521.880  14.976  0.011
53522.240  14.863  0.032
53522.370  14.845  0.032
53522.470  14.780  0.008
53522.650  14.793  0.032
53522.660  14.771  0.013
53523.270  14.501  0.032
53523.370  14.534  0.032
53523.630  14.467  0.016
53523.630  14.488  0.032
53523.940  14.383  0.009
53524.130  14.386  0.032
53524.180  14.320  0.032
53524.290  14.324  0.032
53524.350  14.295  0.032
53524.470  14.236  0.008
53524.750  14.224  0.011
53524.920  14.164  0.032
53525.190  14.109  0.032
53525.260  14.122  0.032
53525.370  14.088  0.032
53525.850  14.007  0.012
53526.180  13.943  0.032
53526.940  13.843  0.032
53527.070  13.822  0.010
53527.140  13.864  0.032
53527.190  13.811  0.032
53527.350  13.789  0.032
53527.450  13.730  0.011
53527.640  13.788  0.017
53527.930  13.745  0.032
53528.250  13.696  0.032
53528.340  13.688  0.032
53528.740  13.675  0.011
53528.930  13.666  0.032
53529.210  13.680  0.032
53529.880  13.556  0.009
53529.880  13.610  0.014
53529.920  13.588  0.032
53530.090  13.627  0.032
53530.180  13.580  0.032
53530.620  13.590  0.014
53531.020  13.514  0.013
53531.170  13.544  0.032
53531.290  13.534  0.032
53531.330  13.563  0.032
53531.690  13.545  0.013
53531.920  13.505  0.032
53532.370  13.532  0.032
53532.630  13.533  0.019
53532.920  13.505  0.032
53533.000  13.447  0.011
53533.160  13.567  0.032
53533.220  13.496  0.032
53533.340  13.501  0.032
53533.490  13.455  0.012
53534.230  13.491  0.032
53534.340  13.505  0.032
53534.930  13.473  0.032
53535.220  13.483  0.032
53535.240  13.491  0.032
53535.330  13.485  0.032
53535.940  13.469  0.032
53535.970  13.445  0.015
53536.200  13.512  0.032
53536.330  13.521  0.032
53536.970  13.480  0.032
53537.320  13.502  0.032
53537.690  13.551  0.016
53537.860  13.566  0.015
53538.180  13.619  0.032
53538.710  13.577  0.016
53538.870  13.571  0.010
53539.630  13.620  0.015
53539.910  13.611  0.012
53540.870  13.657  0.012
53541.760  13.739  0.032
53542.030  13.700  0.013
53542.110  13.789  0.032
53542.220  13.768  0.032
53542.260  13.720  0.032
53542.560  13.795  0.032
53542.640  13.813  0.014
53543.010  13.736  0.015
53543.180  13.799  0.032
53543.320  13.847  0.032
53544.270  13.865  0.032
53544.300  13.923  0.035
53544.630  13.907  0.016
53545.320  13.997  0.032
53545.800  14.033  0.026
53545.860  13.978  0.015
53545.930  13.972  0.010
53546.000  13.968  0.015
53546.250  14.039  0.034
53546.950  14.064  0.010
53547.170  14.115  0.032
53547.320  14.088  0.032
53547.900  14.110  0.012
53548.160  14.102  0.032
53548.290  14.140  0.032
53549.210  14.149  0.032
53549.240  14.147  0.032
53549.290  14.187  0.039
53549.870  14.175  0.008
53550.160  14.151  0.032
53550.170  14.208  0.032
53550.290  14.184  0.032
53550.980  14.139  0.015
53550.990  14.173  0.032
53551.230  14.203  0.032
53551.570  14.206  0.032
53552.870  14.246  0.015
53552.940  14.191  0.032
53553.230  14.229  0.032
53553.330  14.232  0.032
53553.870  14.226  0.016
53553.950  14.203  0.032
53554.160  14.237  0.032
53554.970  14.201  0.015
53555.270  14.276  0.031
53557.180  14.241  0.032
53557.230  14.290  0.032
53557.980  14.291  0.015
53558.690  14.320  0.011
53558.980  14.301  0.032
53558.990  14.287  0.010
53559.090  14.377  0.032
53559.110  14.378  0.032
53559.200  14.333  0.032
53559.230  14.346  0.032
53559.260  14.368  0.032
53561.230  14.406  0.032
53561.920  14.389  0.032
53561.980  14.401  0.015
53562.130  14.487  0.032
53562.220  14.477  0.032
53562.530  14.482  0.032
53562.740  14.477  0.018
53562.870  14.469  0.011
53562.920  14.417  0.032
53563.200  14.504  0.032
53563.230  14.504  0.032
53563.870  14.525  0.009
53564.000  14.488  0.015
53564.890  14.553  0.032
53565.210  14.599  0.032
53565.910  14.614  0.021
53568.900  14.837  0.032
53569.040  14.902  0.032
53569.070  14.836  0.009
53570.200  14.975  0.035
53570.300  14.970  0.032
53571.100  14.948  0.009
53571.710  15.048  0.019
53572.200  15.040  0.032
53573.050  15.065  0.008
53573.100  15.171  0.032
53574.200  15.183  0.032
53574.260  15.151  0.032
53574.700  15.181  0.021
53575.010  15.159  0.009
53576.110  15.295  0.032
53576.230  15.279  0.032
53578.050  15.289  0.009
53578.190  15.333  0.032
53579.050  15.400  0.032
53580.190  15.398  0.032
53580.500  15.451  0.032
53581.110  15.376  0.009
53582.190  15.449  0.032
53582.910  15.454  0.009
53583.700  15.523  0.011
53584.190  15.534  0.032
53586.190  15.575  0.032
53586.640  15.642  0.027
53587.060  15.575  0.009
53588.190  15.718  0.032
53588.210  15.666  0.032
53590.060  15.689  0.009
53590.190  15.729  0.032
53590.630  15.747  0.013
53592.190  15.803  0.032
53595.000  15.825  0.020
53596.180  15.894  0.032
53596.600  15.966  0.018
53597.880  15.961  0.010
53599.180  16.030  0.032
53600.510  16.094  0.025
53602.170  16.134  0.032
53603.510  16.201  0.027
53603.650  16.165  0.011
53605.170  16.202  0.032
53608.170  16.292  0.032
53610.880  16.371  0.009
53611.170  16.369  0.032
53612.870  16.405  0.011
53614.160  16.473  0.032
53614.640  16.526  0.014
53616.600  16.555  0.015
53617.160  16.609  0.032
53618.150  16.557  0.032
53620.610  16.702  0.015
53621.160  16.727  0.034
53624.150  16.746  0.032
filter Us
53521.246  15.890  0.014
53521.249  15.894  0.013
53521.250  15.824  0.038
53521.270  15.775  0.038
53521.880  15.725  0.043
53522.240  15.328  0.035
53522.247  15.302  0.011
53522.370  15.183  0.035
53522.660  15.281  0.055
53523.266  14.782  0.019
53523.270  14.830  0.035
53523.270  14.826  0.015
53523.370  14.705  0.035
53523.630  14.847  0.053
53523.940  14.641  0.044
53524.179  14.424  0.011
53524.182  14.423  0.012
53524.350  14.333  0.035
53525.186  14.106  0.014
53525.189  14.125  0.013
53525.190  14.147  0.035
53526.180  13.871  0.012
53526.183  13.862  0.013
53526.250  13.841  0.035
53527.070  13.681  0.045
53527.189  13.679  0.013
53527.190  13.731  0.035
53527.192  13.681  0.013
53527.350  13.637  0.035
53528.332  13.505  0.012
53528.336  13.520  0.012
53528.340  13.552  0.035
53528.740  13.596  0.048
53529.210  13.505  0.035
53529.880  13.449  0.044
53529.880  13.533  0.062
53530.176  13.384  0.015
53530.179  13.387  0.017
53530.180  13.444  0.035
53531.170  13.407  0.035
53531.171  13.335  0.013
53531.173  13.344  0.012
53531.330  13.427  0.035
53532.370  13.403  0.035
53532.630  13.487  0.047
53533.000  13.386  0.044
53533.340  13.393  0.035
53533.490  13.467  0.029
53534.230  13.455  0.035
53534.236  13.395  0.017
53534.239  13.380  0.016
53534.340  13.407  0.035
53535.240  13.498  0.035
53535.246  13.428  0.014
53535.249  13.463  0.016
53535.330  13.472  0.035
53535.970  13.571  0.065
53536.196  13.516  0.010
53536.199  13.514  0.011
53536.200  13.568  0.035
53536.330  13.546  0.035
53537.690  13.757  0.056
53537.860  13.695  0.049
53538.870  13.794  0.049
53539.910  13.892  0.049
53540.870  13.979  0.049
53541.760  14.067  0.057
53542.030  14.032  0.050
53542.220  14.082  0.054
53542.640  14.178  0.060
53543.010  14.304  0.065
53543.176  14.181  0.012
53543.179  14.161  0.011
53543.180  14.200  0.035
53543.190  14.203  0.014
53543.193  14.193  0.012
53543.320  14.179  0.035
53544.300  14.254  0.035
53544.630  14.423  0.053
53545.320  14.379  0.035
53545.800  14.475  0.052
53545.860  14.513  0.049
53545.930  14.583  0.044
53546.000  14.682  0.065
53546.250  14.481  0.035
53546.950  14.628  0.049
53547.320  14.620  0.035
53547.900  14.731  0.050
53548.156  14.766  0.010
53548.159  14.767  0.010
53548.160  14.812  0.037
53548.290  14.764  0.036
53549.210  14.962  0.035
53549.213  14.936  0.013
53549.215  14.937  0.011
53549.290  14.916  0.035
53549.870  15.076  0.049
53550.156  15.063  0.012
53550.159  15.090  0.011
53550.160  15.110  0.035
53550.290  15.014  0.035
53550.980  15.398  0.065
53551.230  15.182  0.035
53552.870  15.493  0.050
53553.230  15.441  0.039
53553.870  15.601  0.050
53554.970  15.890  0.065
53555.270  15.686  0.038
53557.180  15.944  0.035
53557.181  15.924  0.012
53557.230  15.931  0.034
53557.980  16.111  0.066
53558.690  16.140  0.050
53558.990  16.225  0.044
53559.200  16.076  0.044
53561.230  16.213  0.035
53561.980  16.411  0.065
53562.220  16.295  0.035
53562.740  16.404  0.059
53562.870  16.469  0.051
53563.230  16.370  0.045
53563.870  16.539  0.049
53564.000  16.596  0.066
53565.210  16.486  0.071
53569.070  16.766  0.032
53570.200  16.879  0.141
53571.100  16.879  0.030
53572.200  16.772  0.138
53573.050  16.899  0.030
53574.200  16.801  0.059
53574.700  16.943  0.063
53575.010  16.937  0.029
53576.230  16.901  0.088
53578.050  17.021  0.030
53578.190  16.828  0.086
53580.190  17.095  0.123
53581.110  17.088  0.030
53582.190  16.963  0.095
53582.910  17.178  0.044
53584.190  16.965  0.088
53586.190  17.006  0.084
53586.640  17.198  0.052
53587.060  17.196  0.030
53588.190  17.197  0.132
53590.060  17.239  0.029
53590.190  17.273  0.094
53592.190  17.241  0.142
53595.000  17.308  0.109
53597.880  17.462  0.045
53610.880  17.645  0.051
53612.870  17.759  0.045
53620.610  17.924  0.053
filter U_UVOT
53525.05  14.451000  0.036000
53526.06  14.069000  0.031000
53527.06  13.812000  0.029000
53529.94  13.415000  0.027000
53530.27  13.453000  0.027000
53531.48  13.390000  0.027000
53547.77  15.056000  0.044000
53550.02  15.374000  0.055000
53563.83  16.659000  0.090000
53574.67  17.243000  0.079000
filter V
53521.239  15.342  0.013
53521.250  15.358  0.022
53521.270  15.284  0.024
53521.400  15.238  0.008
53521.880  15.097  0.010
53522.236  15.004  0.014
53522.237  15.008  0.013
53522.240  15.014  0.022
53522.370  14.950  0.022
53522.470  14.898  0.008
53522.650  14.954  0.032
53522.660  14.902  0.020
53523.265  14.717  0.017
53523.270  14.736  0.022
53523.370  14.667  0.022
53523.630  14.649  0.024
53523.630  14.654  0.022
53523.940  14.507  0.009
53524.130  14.525  0.022
53524.177  14.500  0.013
53524.180  14.517  0.022
53524.290  14.487  0.022
53524.350  14.438  0.022
53524.470  14.379  0.007
53524.750  14.367  0.015
53524.920  14.357  0.022
53525.184  14.287  0.015
53525.190  14.309  0.022
53525.260  14.302  0.022
53525.370  14.256  0.022
53525.850  14.185  0.034
53526.179  14.117  0.014
53526.180  14.139  0.022
53526.250  14.122  0.022
53526.940  14.018  0.022
53527.070  13.909  0.013
53527.140  14.013  0.022
53527.187  13.972  0.016
53527.190  13.999  0.022
53527.350  13.946  0.022
53527.450  13.894  0.010
53527.640  13.943  0.021
53527.930  13.912  0.022
53528.250  13.860  0.022
53528.323  13.846  0.015
53528.340  13.847  0.022
53528.740  13.824  0.020
53528.930  13.811  0.022
53529.210  13.776  0.022
53529.880  13.698  0.008
53529.880  13.756  0.021
53529.920  13.753  0.022
53530.090  13.732  0.022
53530.174  13.708  0.019
53530.180  13.732  0.022
53530.620  13.699  0.024
53530.980  13.617  0.011
53531.169  13.651  0.017
53531.170  13.674  0.022
53531.290  13.637  0.022
53531.330  13.643  0.025
53531.690  13.632  0.020
53531.920  13.655  0.022
53532.370  13.604  0.022
53532.630  13.622  0.028
53532.920  13.612  0.022
53533.000  13.580  0.009
53533.160  13.610  0.022
53533.220  13.577  0.022
53533.340  13.572  0.022
53533.490  13.523  0.011
53534.229  13.575  0.020
53534.230  13.594  0.022
53534.340  13.553  0.022
53534.930  13.598  0.022
53535.220  13.572  0.022
53535.239  13.568  0.013
53535.240  13.594  0.022
53535.330  13.560  0.032
53535.940  13.608  0.022
53535.970  13.523  0.008
53536.189  13.574  0.010
53536.200  13.601  0.022
53536.330  13.562  0.022
53536.970  13.632  0.022
53537.320  13.558  0.022
53537.690  13.601  0.022
53537.860  13.558  0.013
53538.180  13.641  0.022
53538.710  13.633  0.027
53538.870  13.594  0.008
53539.630  13.654  0.026
53539.910  13.635  0.011
53540.870  13.693  0.015
53541.760  13.727  0.015
53542.030  13.705  0.015
53542.110  13.748  0.022
53542.220  13.744  0.022
53542.260  13.722  0.033
53542.560  13.717  0.031
53542.640  13.763  0.025
53543.010  13.727  0.009
53543.174  13.798  0.012
53543.180  13.815  0.022
53543.188  13.805  0.013
53543.320  13.812  0.022
53544.270  13.881  0.027
53544.300  13.870  0.032
53544.630  13.892  0.024
53545.320  13.898  0.029
53545.800  13.949  0.022
53545.860  13.909  0.011
53545.930  13.940  0.012
53546.000  13.915  0.008
53546.250  13.950  0.034
53546.950  13.986  0.009
53547.170  14.027  0.022
53547.320  14.006  0.022
53547.900  13.981  0.009
53548.154  14.074  0.010
53548.160  14.087  0.022
53548.290  14.058  0.027
53549.210  14.150  0.022
53549.211  14.142  0.013
53549.240  14.131  0.023
53549.290  14.124  0.029
53549.870  14.159  0.009
53550.154  14.192  0.014
53550.160  14.193  0.022
53550.170  14.206  0.022
53550.290  14.167  0.022
53550.980  14.205  0.007
53550.990  14.222  0.022
53551.230  14.215  0.026
53551.570  14.279  0.022
53552.870  14.334  0.013
53552.940  14.321  0.022
53553.230  14.313  0.022
53553.330  14.361  0.022
53553.870  14.359  0.013
53553.950  14.402  0.022
53554.160  14.375  0.022
53554.970  14.419  0.008
53555.270  14.433  0.026
53557.174  14.564  0.015
53557.180  14.546  0.022
53557.230  14.509  0.024
53557.980  14.590  0.008
53558.690  14.660  0.023
53558.980  14.628  0.022
53558.990  14.614  0.008
53559.090  14.679  0.022
53559.110  14.642  0.022
53559.200  14.625  0.021
53559.230  14.612  0.027
53559.260  14.652  0.022
53561.230  14.734  0.024
53561.920  14.819  0.022
53561.980  14.794  0.008
53562.130  14.809  0.022
53562.220  14.808  0.022
53562.530  14.811  0.026
53562.740  14.874  0.026
53562.870  14.861  0.010
53562.920  14.894  0.022
53563.200  14.856  0.022
53563.230  14.850  0.023
53563.870  14.934  0.010
53564.000  14.933  0.008
53564.890  14.995  0.022
53565.210  14.942  0.022
53565.910  15.042  0.017
53568.900  15.296  0.022
53569.040  15.241  0.022
53569.070  15.235  0.009
53570.200  15.320  0.027
53570.300  15.282  0.027
53571.100  15.351  0.009
53571.710  15.421  0.031
53572.200  15.365  0.022
53573.050  15.435  0.009
53573.100  15.471  0.022
53574.200  15.478  0.022
53574.260  15.478  0.024
53574.700  15.538  0.028
53575.010  15.519  0.009
53575.900  15.574  0.022
53576.110  15.553  0.022
53576.230  15.570  0.022
53578.050  15.617  0.009
53578.190  15.596  0.022
53579.050  15.661  0.022
53580.190  15.645  0.022
53580.500  15.691  0.022
53581.110  15.698  0.009
53582.190  15.680  0.032
53582.910  15.771  0.008
53583.700  15.813  0.028
53584.190  15.773  0.032
53586.190  15.818  0.032
53586.640  15.869  0.020
53587.060  15.906  0.009
53588.190  15.924  0.032
53588.210  15.888  0.032
53590.060  15.960  0.009
53590.190  15.901  0.032
53590.630  15.991  0.022
53592.190  15.964  0.032
53595.000  16.103  0.040
53596.180  16.142  0.037
53597.880  16.186  0.009
53599.180  16.166  0.032
53600.510  16.240  0.032
53602.170  16.262  0.032
53603.510  16.309  0.032
53603.650  16.348  0.031
53604.610  16.350  0.064
53605.170  16.314  0.032
53608.170  16.424  0.032
53610.880  16.467  0.011
53611.170  16.432  0.032
53612.870  16.527  0.011
53614.160  16.576  0.032
53614.640  16.598  0.019
53616.600  16.654  0.028
53617.160  16.666  0.034
53618.150  16.649  0.032
53620.610  16.778  0.025
53621.160  16.707  0.031
53624.150  16.844  0.039
filter V_UVOT
53525.04  14.327000  0.041000
53526.05  14.121000  0.037000
53527.05  13.992000  0.036000
53529.93  13.663000  0.032000
53530.27  13.666000  0.032000
53531.47  13.625000  0.031000
53532.55  13.580000  0.031000
53537.76  13.557000  0.031000
53538.24  13.598000  0.031000
53541.65  13.665000  0.031000
53543.20  13.734000  0.033000
53547.76  14.036000  0.035000
53550.01  14.180000  0.039000
53563.82  14.898000  0.056000
53574.66  15.549000  0.059000
filter UVM2
53527.05  19.479000  0.315000
53529.94  18.716000  0.207000
53530.27  19.206000  0.257000
53531.47  18.346000  0.169000
53532.55  18.491000  0.164000
53537.76  18.324000  0.159000
53538.24  18.299000  0.154000
53541.65  18.446000  0.158000
53543.20  18.614000  0.212000
53547.76  18.666000  0.188000
53550.01  18.894000  0.243000
filter UVW1
53525.05  16.300000  0.087000
53526.05  15.853000  0.081000
53527.06  15.536000  0.080000
53529.94  15.127000  0.067000
53530.27  15.063000  0.063000
53531.47  15.061000  0.063000
53532.55  15.084000  0.063000
53537.76  15.337000  0.076000
53538.24  15.401000  0.078000
53541.65  15.787000  0.080000
53543.27  15.979000  0.101000
53547.77  16.578000  0.086000
53550.02  16.887000  0.100000
53563.83  18.087000  0.161000
53575.47  18.491000  0.117000
filter UVW2
53525.04  17.794000  0.115000
53526.05  17.523000  0.106000
53527.05  17.338000  0.102000
53529.93  16.923000  0.097000
53530.26  16.941000  0.096000
53531.47  16.874000  0.096000
53532.54  16.844000  0.095000
53537.75  17.151000  0.097000
53538.24  17.079000  0.096000
53541.64  17.385000  0.098000
53543.20  17.511000  0.105000
53547.76  18.293000  0.123000
53550.01  18.215000  0.131000
53563.82  19.484000  0.230000
53575.46  19.786000  0.201000
