SN2005al 0.012393 207.501375 -30.576167
filter B
53429.25  15.082  0.006
53430.29  15.081  0.005
53431.32  15.089  0.006
53432.30  15.120  0.007
53436.30  15.346  0.005
53444.32  16.180  0.010
53445.32  16.312  0.010
53446.33  16.429  0.005
53452.27  17.137  0.010
53453.22  17.241  0.009
53454.26  17.346  0.015
53455.30  17.449  0.019
53456.30  17.539  0.013
53457.27  17.597  0.016
53458.26  17.707  0.014
53459.29  17.781  0.014
53460.22  17.845  0.014
53461.19  17.884  0.014
53464.31  18.034  0.014
53465.31  18.088  0.009
53466.32  18.107  0.010
53467.30  18.131  0.008
53468.26  18.168  0.009
53473.21  18.304  0.008
53474.33  18.322  0.009
53475.22  18.331  0.009
53476.31  18.361  0.010
53477.34  18.398  0.009
53478.29  18.410  0.010
53479.26  18.446  0.012
53480.27  18.440  0.011
53483.24  18.492  0.025
53490.24  18.616  0.012
53491.25  18.628  0.012
53512.27  18.878  0.047
filter g
53429.27  15.028  0.006
53430.30  15.017  0.006
53431.32  15.030  0.005
53432.31  15.049  0.006
53436.28  15.233  0.005
53444.31  15.891  0.008
53445.31  15.983  0.009
53446.32  16.094  0.007
53452.26  16.723  0.010
53453.19  16.820  0.010
53454.24  16.937  0.011
53455.28  17.042  0.014
53456.28  17.133  0.013
53457.26  17.226  0.013
53458.27  17.314  0.013
53459.29  17.383  0.011
53460.22  17.461  0.012
53461.20  17.516  0.013
53464.29  17.655  0.011
53465.29  17.719  0.010
53466.30  17.791  0.011
53467.27  17.770  0.011
53468.24  17.815  0.013
53473.23  17.936  0.012
53474.35  17.983  0.009
53475.22  17.987  0.009
53476.33  18.016  0.009
53477.36  18.034  0.009
53478.26  18.037  0.011
53479.23  18.047  0.014
53480.24  18.072  0.011
53483.26  18.185  0.016
53490.22  18.290  0.012
53491.22  18.274  0.014
53512.30  18.640  0.030
filter i
53429.28  15.725  0.011
53430.31  15.767  0.011
53431.33  15.798  0.008
53432.31  15.819  0.010
53436.29  16.004  0.008
53444.31  16.597  0.012
53445.31  16.558  0.013
53446.32  16.550  0.011
53452.26  16.287  0.010
53453.20  16.264  0.008
53454.24  16.271  0.009
53455.29  16.294  0.007
53456.29  16.348  0.010
53457.27  16.415  0.009
53458.27  16.498  0.009
53459.30  16.599  0.009
53460.23  16.674  0.010
53461.21  16.756  0.011
53464.30  16.956  0.011
53465.29  17.035  0.008
53466.30  17.084  0.009
53467.28  17.148  0.008
53468.25  17.207  0.011
53473.23  17.451  0.011
53474.36  17.504  0.009
53475.23  17.556  0.009
53476.34  17.587  0.009
53477.37  17.651  0.010
53478.27  17.676  0.012
53479.24  17.732  0.016
53480.25  17.785  0.019
53483.27  17.872  0.013
53490.22  18.186  0.014
53491.23  18.230  0.015
53512.31  18.918  0.050
filter H
53433.38  16.078  0.020
53433.38  16.100  0.020
53454.38  15.922  0.022
53454.39  15.920  0.023
53455.34  15.972  0.021
53455.35  15.978  0.020
53456.34  15.995  0.021
53456.35  15.995  0.018
53462.26  16.417  0.019
53462.27  16.427  0.019
filter K
53433.39  15.872  0.026
53433.40  15.893  0.026
53455.36  16.041  0.026
53455.36  15.976  0.025
53456.36  16.118  0.024
53456.36  16.047  0.024
53462.27  16.560  0.028
53462.28  16.527  0.028
filter J
53433.36  15.963  0.018
53433.37  15.943  0.020
53454.34  16.604  0.019
53454.34  16.594  0.019
53455.33  16.547  0.020
53455.34  16.573  0.020
53456.33  16.593  0.019
53456.34  16.563  0.020
53462.25  17.109  0.019
53462.25  17.101  0.019
filter r
53429.27  15.155  0.033
53430.30  15.094  0.008
53431.32  15.094  0.007
53432.31  15.092  0.007
53436.29  15.257  0.005
53444.31  15.881  0.011
53445.31  15.920  0.012
53446.32  15.934  0.010
53452.26  15.994  0.009
53453.20  16.034  0.007
53454.24  16.095  0.008
53455.28  16.171  0.007
53456.29  16.246  0.009
53457.26  16.325  0.009
53458.27  16.434  0.011
53459.29  16.497  0.009
53460.23  16.562  0.009
53461.20  16.645  0.011
53464.29  16.825  0.011
53465.29  16.864  0.009
53466.30  16.898  0.009
53467.28  16.946  0.009
53468.24  17.037  0.016
53473.22  17.208  0.009
53474.36  17.230  0.007
53475.23  17.318  0.013
53476.33  17.327  0.010
53477.37  17.365  0.009
53478.26  17.405  0.011
53479.24  17.445  0.013
53480.24  17.480  0.015
53483.26  17.569  0.014
53490.22  17.853  0.016
53491.22  17.904  0.024
53512.30  18.575  0.039
filter u
53429.26  15.688  0.013
53430.29  15.674  0.010
53431.33  15.729  0.009
53432.32  15.787  0.010
53436.29  16.125  0.008
53444.31  17.220  0.016
53445.32  17.373  0.016
53446.32  17.535  0.016
53452.26  18.375  0.027
53453.20  18.407  0.026
53454.25  18.488  0.034
53455.29  18.630  0.045
53456.29  18.667  0.036
53457.26  18.737  0.032
53458.28  18.796  0.026
53459.30  18.896  0.024
53460.24  18.959  0.023
53461.21  18.974  0.023
53464.30  19.159  0.020
53465.30  19.138  0.020
53466.31  19.204  0.022
53467.29  19.233  0.021
53468.25  19.263  0.016
53473.22  19.379  0.018
53474.34  19.398  0.028
53475.24  19.423  0.018
53476.32  19.430  0.022
53477.35  19.448  0.027
53478.28  19.543  0.026
53479.25  19.492  0.027
53480.25  19.506  0.029
53483.25  19.661  0.067
53490.23  19.741  0.029
53491.24  19.756  0.032
53512.29  20.047  0.184
filter V
53429.25  15.099  0.015
53429.25  15.098  0.007
53430.29  15.080  0.008
53431.31  15.082  0.007
53432.30  15.089  0.008
53436.29  15.227  0.005
53444.32  15.751  0.010
53445.32  15.820  0.009
53446.33  15.876  0.007
53452.27  16.226  0.010
53453.21  16.306  0.009
53454.25  16.382  0.009
53455.30  16.501  0.011
53456.30  16.569  0.010
53457.27  16.667  0.012
53458.25  16.729  0.011
53459.28  16.796  0.010
53460.22  16.885  0.011
53461.19  16.947  0.012
53464.31  17.106  0.011
53465.31  17.157  0.010
53466.32  17.200  0.010
53467.29  17.217  0.010
53468.26  17.258  0.010
53473.20  17.438  0.009
53474.33  17.479  0.012
53475.21  17.512  0.011
53476.31  17.534  0.011
53477.34  17.574  0.011
53478.29  17.597  0.012
53479.25  17.619  0.014
53480.26  17.643  0.014
53483.23  17.699  0.038
53490.24  17.912  0.014
53491.24  17.951  0.015
53512.28  18.450  0.034
filter Ydw
53433.35  16.263  0.023
53433.36  16.195  0.021
53455.37  15.606  0.020
53455.38  15.612  0.020
53456.37  15.594  0.020
53456.38  15.593  0.020
53462.29  15.912  0.020
53462.29  15.919  0.021
