SN2013cs 0.009243 198.811710 -17.965444
filter B
56428.17  14.710  0.010
56428.82  14.530  0.040
56430.01  14.360  0.040
56430.84  14.230  0.040
56436.13  14.030  0.010
56436.48  14.000  0.040
56437.16  14.020  0.010
56438.20  14.060  0.010
56439.03  14.090  0.010
56439.32  14.040  0.040
56442.29  14.170  0.040
56444.12  14.380  0.010
56445.11  14.460  0.010
56445.59  14.440  0.040
56446.07  14.540  0.010
56447.04  14.620  0.010
56448.20  14.750  0.010
56448.40  14.750  0.050
56451.78  15.120  0.050
56457.26  15.710  0.060
56459.47  16.010  0.070
56463.92  16.400  0.070
filter WHIRCH
56436.16016  14976.373  215.456
56441.15625  12955.205  187.283
56457.16016  14803.486  213.237
56461.15234  15775.294  227.289
filter WHIRCJ
56436.15234  19285.873  283.725
56441.16406  14072.208  208.957
56457.16797  4644.003  71.268
56461.16406  5634.700  86.373
filter u_s
56428.18  15.540  0.010
56436.14  14.850  0.010
56437.16  14.880  0.010
56438.21  14.950  0.010
56439.04  15.000  0.010
56444.12  15.480  0.010
56445.12  15.550  0.010
56446.08  15.640  0.010
56447.05  15.750  0.010
56448.21  15.890  0.010
filter V
56428.18  14.680  0.010
56428.83  14.520  0.060
56430.03  14.330  0.050
56430.85  14.160  0.050
56436.13  13.940  0.010
56436.79  13.870  0.050
56437.16  13.930  0.010
56438.20  13.920  0.010
56439.02  13.920  0.010
56439.02  13.910  0.010
56439.32  13.830  0.050
56442.29  13.840  0.050
56444.12  14.040  0.010
56445.11  14.090  0.000
56445.60  13.970  0.050
56446.07  14.140  0.010
56447.05  14.190  0.010
56448.20  14.260  0.010
56448.40  14.110  0.050
56451.78  14.380  0.050
56457.26  14.730  0.060
56459.47  14.800  0.060
56463.92  15.140  0.060
filter g_s
56428.17  14.800  0.010
56436.14  14.070  0.010
56437.16  14.080  0.010
56438.21  14.100  0.010
56439.03  14.110  0.010
56444.11  14.320  0.010
56445.11  14.380  0.010
56446.07  14.430  0.010
56447.05  14.500  0.010
56448.20  14.600  0.010
filter i_s
56428.18  15.050  0.010
56436.14  14.620  0.010
56437.15  14.670  0.010
56438.21  14.690  0.010
56439.04  14.720  0.010
56444.12  14.970  0.010
56445.12  15.030  0.010
56446.08  15.120  0.010
56447.05  15.230  0.010
56448.20  15.340  0.010
filter r_s
56428.17  14.660  0.010
56436.14  13.990  0.010
56437.15  13.980  0.010
56438.21  13.960  0.010
56439.03  13.960  0.010
56444.11  14.130  0.010
56445.11  14.200  0.010
56446.08  14.260  0.010
56447.05  14.340  0.010
56448.20  14.440  0.010
filter UVM2
56428.83  19.870  0.100
56430.03  19.000  0.100
56430.85  18.970  0.220
56436.79  18.500  0.160
56439.33  18.260  0.130
56442.30  18.330  0.150
56445.60  18.730  0.180
56448.41  19.270  0.260
56451.78  19.870  0.360
56457.27  19.490  0.290
56459.48  19.910  0.100
56463.93  19.990  0.100
filter UVW1
56428.82  16.020  0.080
56429.98  15.810  0.070
56430.87  15.730  0.070
56436.48  15.650  0.070
56439.31  15.860  0.070
56442.29  16.160  0.080
56445.59  16.620  0.090
56448.40  16.940  0.100
56451.77  17.450  0.110
56457.26  17.900  0.140
56459.47  17.890  0.130
56463.92  18.270  0.140
filter UVW2
56428.83  17.820  0.120
56430.01  17.610  0.110
56430.85  17.560  0.110
56436.49  17.300  0.100
56439.32  17.310  0.100
56442.29  17.780  0.120
56445.60  17.960  0.120
56448.40  18.320  0.150
56451.78  18.590  0.160
56457.26  19.030  0.210
56459.47  19.100  0.220
56463.92  19.730  0.300
