SN2010ae 0.003660 108.977708 -57.343581
filter Jrc2
55268.06  16.487  0.022
55268.07  16.427  0.019
55269.13  16.528  0.021
55269.14  16.511  0.020
55272.19  16.689  0.026
55273.07  16.755  0.027
55273.08  16.815  0.028
55276.01  16.959  0.033
55276.02  16.836  0.052
filter g
55271.03  19.515  0.064
55305.04  20.171  0.077
filter i
55271.04  17.493  0.034
55305.05  18.640  0.058
filter H
55258.10  15.618  0.023
55258.10  15.691  0.024
55259.07  15.641  0.024
55259.07  15.649  0.023
55260.13  15.616  0.024
55260.13  15.588  0.024
55261.05  15.615  0.024
55261.05  15.624  0.024
55268.08  15.702  0.036
55268.09  15.647  0.037
55269.14  15.717  0.036
55269.15  15.832  0.034
55273.05  15.785  0.058
55273.06  15.938  0.048
filter J
55258.08  16.156  0.015
55258.09  16.112  0.014
55259.06  16.120  0.014
55259.06  16.118  0.014
55260.12  16.128  0.015
55260.13  16.163  0.015
55261.04  16.189  0.016
55261.04  16.171  0.016
filter r
55271.03  17.961  0.031
55305.04  19.267  0.047
filter V
55271.02  18.717  0.066
55305.02  19.936  0.076
filter Y
55268.04  16.336  0.021
55268.05  16.377  0.019
55269.11  16.406  0.022
55269.12  16.404  0.020
55272.12  16.606  0.022
55273.01  16.657  0.029
55273.02  16.646  0.026
55275.99  16.796  0.026
55276.00  16.811  0.030
filter Ydw
55258.09  16.233  0.017
55258.09  16.206  0.015
55259.07  16.105  0.015
55259.08  16.126  0.017
55260.11  16.094  0.018
55260.12  16.078  0.018
55261.03  16.088  0.018
55261.03  16.086  0.018
filter B
55305.03  20.442  0.108
