SN2006ot 0.052903 33.770167 -20.766167
filter B
54065.17  18.118  0.017
54066.21  18.153  0.012
54069.07  18.266  0.018
54071.13  18.434  0.019
54073.18  18.569  0.029
54079.18  19.107  0.025
54084.10  19.608  0.028
54091.14  20.230  0.049
54096.06  20.485  0.076
54099.07  20.777  0.141
54106.10  20.848  0.079
54112.16  20.991  0.078
54119.08  20.998  0.051
filter g
54065.18  17.923  0.012
54066.22  17.938  0.010
54069.09  18.094  0.012
54071.14  18.248  0.014
54073.19  18.383  0.019
54075.16  18.486  0.017
54079.20  18.847  0.018
54084.08  19.231  0.023
54091.15  19.904  0.031
54096.03  20.213  0.053
54099.09  20.478  0.079
filter i
54065.19  18.200  0.017
54066.23  18.179  0.016
54069.10  18.139  0.017
54071.15  18.242  0.020
54073.20  18.276  0.021
54075.17  18.383  0.022
54079.21  18.511  0.021
54084.09  18.480  0.022
54091.16  18.626  0.023
54096.04  18.754  0.025
54099.10  18.957  0.031
54106.08  19.210  0.033
54112.18  19.446  0.049
54119.07  19.750  0.031
54123.09  19.732  0.036
54127.11  19.987  0.053
filter H
54066.25  18.328  0.057
54066.26  18.261  0.067
54073.16  18.368  0.060
54073.17  18.380  0.063
filter J
54063.23  17.978  0.110
54063.24  17.897  0.103
54066.24  18.043  0.028
54066.25  18.005  0.026
54067.24  18.123  0.111
54067.25  18.176  0.096
54070.17  18.322  0.133
54072.18  18.136  0.105
54072.19  18.084  0.091
54073.15  18.227  0.030
54073.16  18.254  0.029
filter r
54065.19  17.911  0.013
54066.23  17.867  0.013
54069.09  17.859  0.014
54071.15  17.950  0.014
54073.20  18.016  0.014
54075.17  18.058  0.015
54079.20  18.247  0.013
54084.09  18.404  0.016
54091.16  18.696  0.019
54096.04  18.923  0.021
54099.09  19.086  0.029
54106.08  19.310  0.028
54112.17  19.465  0.030
54119.06  19.595  0.025
54123.08  19.668  0.025
54127.10  19.748  0.032
54131.13  19.786  0.056
filter u
54065.18  18.766  0.031
54066.22  18.836  0.027
54069.08  19.109  0.041
54071.14  19.241  0.060
54073.19  19.433  0.078
filter V
54065.16  17.890  0.014
54066.21  17.913  0.013
54069.06  18.001  0.015
54071.13  18.070  0.016
54073.18  18.142  0.017
54075.18  18.247  0.017
54079.18  18.457  0.017
54084.10  18.739  0.023
54091.13  19.256  0.025
54096.05  19.587  0.047
54099.07  19.689  0.057
54106.09  19.934  0.047
54112.15  20.025  0.049
54119.08  20.122  0.035
filter Y
54063.21  18.046  0.055
54067.22  18.159  0.059
54067.23  18.054  0.081
54070.15  18.008  0.056
54070.16  18.011  0.060
54072.16  18.165  0.051
54072.17  18.029  0.055
54077.18  18.025  0.060
54077.19  18.033  0.060
54082.16  18.025  0.041
54082.17  18.061  0.043
54086.09  18.027  0.061
54086.10  17.914  0.050
54093.10  17.949  0.033
54093.12  17.901  0.036
54098.11  17.858  0.047
54098.12  17.956  0.050
54103.13  18.145  0.047
54103.14  18.100  0.053
54107.06  18.189  0.052
54107.07  18.213  0.045
54122.09  18.825  0.087
54122.10  18.558  0.071
filter Ydw
54066.22  18.101  0.025
54066.23  18.087  0.030
54073.13  18.232  0.026
54073.14  18.282  0.031
