SN2008ia 0.021983 132.646458 -61.277944
filter B
54809.28  16.791  0.008
54810.34  16.713  0.008
54813.21  16.705  0.008
54814.30  16.710  0.008
54818.25  16.895  0.009
54821.28  17.155  0.008
54830.22  18.274  0.013
54831.26  18.381  0.015
54834.24  18.673  0.021
54838.28  19.091  0.023
54839.23  19.174  0.030
54840.22  19.291  0.036
54841.23  19.352  0.044
54855.32  19.894  0.045
54856.24  19.885  0.047
54858.26  19.830  0.046
54889.13  20.450  0.044
54894.13  20.643  0.044
filter g
54809.26  16.662  0.006
54810.35  16.603  0.006
54814.28  16.497  0.021
54818.23  16.732  0.008
54821.30  16.938  0.009
54830.20  17.809  0.010
54831.23  17.941  0.011
54834.26  18.245  0.012
54838.26  18.684  0.018
54839.21  18.764  0.018
54858.24  19.376  0.034
54889.13  20.031  0.022
54894.13  20.096  0.021
filter i
54809.26  16.835  0.012
54810.36  16.840  0.011
54813.23  16.919  0.010
54814.29  16.971  0.016
54818.24  17.102  0.013
54821.31  17.392  0.023
54830.20  17.530  0.018
54831.24  17.542  0.014
54834.27  17.452  0.017
54838.27  17.450  0.019
54839.21  17.547  0.014
54840.21  17.616  0.017
54841.21  17.743  0.017
54856.22  18.506  0.044
filter H
54811.25  16.501  0.085
54812.36  16.556  0.049
54812.37  16.522  0.062
54815.31  16.793  0.054
54815.31  16.748  0.078
54816.28  16.719  0.053
54816.30  16.709  0.065
54823.26  17.004  0.088
54828.26  17.034  0.069
54828.27  16.948  0.075
54833.24  16.704  0.040
54833.25  16.661  0.044
54840.23  16.992  0.015
54840.24  17.012  0.015
54841.16  17.078  0.016
54841.17  17.088  0.015
54843.18  17.223  0.020
54843.19  17.236  0.021
54847.27  17.061  0.088
54847.28  16.912  0.097
54854.37  17.531  0.105
54854.38  17.605  0.107
54857.26  17.735  0.120
54857.27  17.780  0.131
54872.23  18.552  0.078
54872.24  18.566  0.097
54874.17  18.666  0.109
54874.18  18.533  0.080
filter J
54811.24  16.246  0.042
54811.24  16.338  0.072
54812.34  16.352  0.038
54812.35  16.227  0.045
54815.29  16.944  0.034
54815.30  16.939  0.030
54816.27  16.977  0.030
54816.27  16.956  0.032
54833.22  18.070  0.100
54833.23  17.801  0.100
54840.21  17.621  0.012
54840.22  17.656  0.014
54841.20  17.758  0.016
54841.20  17.738  0.013
54843.22  17.931  0.013
54843.23  17.940  0.014
54872.22  20.277  0.175
54874.16  20.095  0.142
filter r
54809.26  16.552  0.009
54810.36  16.519  0.010
54813.23  16.412  0.006
54814.29  16.417  0.009
54818.23  16.532  0.010
54821.30  16.837  0.022
54830.20  17.198  0.009
54831.24  17.215  0.010
54834.26  17.265  0.010
54838.27  17.623  0.048
54839.21  17.584  0.012
54840.20  17.667  0.011
54841.21  17.729  0.014
54856.22  18.476  0.018
54858.24  18.459  0.027
filter u
54809.27  17.482  0.015
54810.34  17.418  0.012
54813.21  17.395  0.018
54814.29  17.514  0.016
54818.24  17.823  0.017
54821.29  18.153  0.016
54830.21  19.564  0.043
54831.25  19.659  0.041
54834.25  20.119  0.060
54838.28  20.502  0.082
54839.22  20.530  0.116
54840.21  20.344  0.148
54855.33  21.090  0.120
54856.23  21.260  0.154
54858.25  21.126  0.134
filter V
54809.27  16.688  0.008
54813.20  16.542  0.009
54814.30  16.542  0.008
54818.25  16.659  0.008
54821.28  16.807  0.009
54830.21  17.417  0.011
54831.25  17.480  0.010
54834.24  17.642  0.012
54838.28  17.986  0.016
54839.22  18.083  0.013
54840.22  18.138  0.014
54841.22  18.245  0.017
54845.36  18.523  0.020
54856.24  18.918  0.023
54858.29  18.916  0.027
54889.13  19.791  0.028
54890.25  19.779  0.036
54894.08  19.937  0.027
filter Y
54811.22  16.648  0.022
54811.23  16.637  0.031
54812.32  16.781  0.018
54812.33  16.769  0.016
54815.27  17.064  0.019
54815.28  17.061  0.026
54816.25  17.052  0.026
54816.26  17.143  0.020
54823.21  17.527  0.028
54823.22  17.496  0.031
54828.23  17.339  0.027
54828.24  17.348  0.028
54833.20  16.825  0.024
54833.21  16.875  0.023
54847.24  17.081  0.022
54847.25  17.108  0.024
54854.34  17.514  0.027
54857.22  17.594  0.038
54857.23  17.654  0.028
filter Ydw
54840.25  16.649  0.010
54840.25  16.617  0.011
54841.18  16.695  0.009
54841.19  16.724  0.009
54843.20  16.836  0.009
54843.21  16.837  0.008
54872.21  18.535  0.032
54872.21  18.586  0.035
54874.18  18.660  0.034
54874.20  18.760  0.036
filter Jrc2
54847.26  18.217  0.085
54847.27  18.333  0.100
54854.34  18.703  0.075
54854.36  18.878  0.088
54857.24  19.084  0.124
