SN2012aq 0.051963 223.521375 22.094611
filter B
55988.36  17.947  0.015
55989.35  17.986  0.013
55990.34  18.076  0.014
55991.39  18.174  0.016
55992.36  18.281  0.017
55993.29  18.322  0.033
55994.32  18.448  0.034
55995.32  18.551  0.033
55996.33  18.718  0.041
55997.32  18.783  0.031
55999.27  18.956  0.026
56000.33  19.130  0.024
56001.28  19.178  0.026
56002.27  19.373  0.031
56003.33  19.377  0.031
56004.29  19.497  0.022
56005.36  19.630  0.024
56006.32  19.716  0.026
56008.29  19.883  0.023
56013.37  20.262  0.036
56033.33  20.886  0.063
56035.32  21.060  0.059
filter g
55988.34  17.722  0.011
55989.33  17.789  0.011
55990.36  17.837  0.013
55991.36  17.919  0.012
55992.32  18.005  0.014
55993.30  18.053  0.019
55994.33  18.132  0.022
55995.32  18.264  0.023
55996.34  18.367  0.023
55997.32  18.447  0.022
55999.28  18.650  0.019
56000.32  18.725  0.018
56001.30  18.795  0.016
56002.25  18.878  0.017
56003.35  19.015  0.017
56004.31  19.121  0.014
56005.34  19.163  0.014
56006.34  19.260  0.016
56008.27  19.445  0.014
56013.36  19.872  0.021
56033.36  20.552  0.037
56035.30  20.545  0.024
filter i
55988.36  18.302  0.016
55989.35  18.385  0.013
55990.34  18.481  0.017
55991.38  18.597  0.018
55992.33  18.679  0.023
55993.31  18.768  0.028
55994.34  18.886  0.031
55995.33  18.972  0.037
55996.35  18.990  0.031
55997.33  18.951  0.027
55999.29  18.941  0.025
56000.33  18.981  0.025
56001.29  18.929  0.021
56002.26  18.893  0.024
56003.34  18.902  0.032
56004.30  18.852  0.023
56005.35  18.771  0.018
56006.33  18.820  0.018
56008.25  18.626  0.120
56008.25  18.776  0.016
56013.37  18.864  0.018
56024.22  19.606  0.068
56033.34  19.989  0.053
56035.31  20.044  0.044
filter H
55993.31  18.962  0.058
55996.34  18.981  0.079
filter r
55988.35  17.768  0.010
55989.34  17.814  0.010
55990.35  17.877  0.011
55991.37  17.939  0.012
55992.33  18.013  0.012
55993.30  18.028  0.015
55994.34  18.089  0.017
55995.33  18.210  0.018
55996.34  18.240  0.017
55997.33  18.275  0.016
55999.28  18.356  0.014
56000.32  18.356  0.015
56001.29  18.371  0.013
56002.26  18.381  0.013
56003.35  18.414  0.013
56004.30  18.450  0.012
56005.35  18.470  0.012
56006.33  18.510  0.017
56008.26  18.551  0.011
56013.36  18.858  0.016
56024.23  19.443  0.060
56033.35  19.720  0.032
56035.30  19.754  0.022
filter u
55988.35  18.856  0.024
55989.33  19.013  0.027
55990.35  19.088  0.028
55991.37  19.295  0.031
55992.34  19.432  0.034
55993.32  19.538  0.081
55994.35  19.576  0.085
55995.34  19.904  0.124
55997.34  19.930  0.120
55999.30  20.291  0.106
filter V
55988.37  17.756  0.011
55989.36  17.780  0.010
55990.33  17.844  0.012
55991.39  17.879  0.013
55992.35  17.941  0.015
55993.29  17.962  0.019
55994.33  18.053  0.021
55995.31  18.142  0.023
55996.33  18.161  0.021
55997.31  18.207  0.020
55999.27  18.376  0.018
56000.34  18.434  0.016
56001.28  18.484  0.015
56002.27  18.563  0.021
56003.33  18.624  0.017
56004.28  18.699  0.014
56005.36  18.753  0.015
56006.32  18.857  0.015
56008.28  18.979  0.013
56013.38  19.346  0.023
56033.32  20.123  0.030
56035.33  20.148  0.032
filter Y
55993.26  18.759  0.020
55997.34  18.760  0.019
filter Jrc2
55993.29  19.385  0.040
55996.32  19.529  0.052
