SN2005dm 0.016838 34.663542 -6.903000
filter B
53609.000  18.573  0.058
53610.000  18.529  0.053
53612.000  18.639  0.055
53614.000  18.861  0.032
53615.000  19.079  0.051
53616.000  19.208  0.033
53617.000  19.201  0.075
53618.000  19.743  0.128
53620.000  19.862  0.152
53622.000  20.026  0.105
53624.000  20.357  0.190
53626.000  20.065  0.214
53628.000  20.387  0.236
filter Is
53609.000  17.109  0.033
53610.000  17.041  0.023
53611.000  16.884  0.040
53612.000  16.844  0.041
53613.000  16.773  0.044
53614.000  16.846  0.020
53614.000  16.854  0.027
53615.000  16.795  0.033
53616.000  16.865  0.022
53617.000  16.927  0.046
53618.000  16.882  0.034
53620.000  17.028  0.038
53622.000  17.163  0.023
53624.000  17.300  0.041
53626.000  17.462  0.058
53628.000  17.613  0.055
53630.000  17.669  0.133
53641.750  18.496  0.088
filter Rs
53609.000  17.169  0.022
53610.000  17.017  0.033
53611.000  16.967  0.028
53613.000  16.928  0.022
53614.000  16.955  0.016
53614.000  16.922  0.017
53616.000  17.049  0.011
53617.000  17.102  0.016
53618.000  17.219  0.024
53620.000  17.328  0.025
53622.000  17.526  0.026
53624.000  17.662  0.044
53626.000  18.001  0.054
53628.000  18.180  0.055
filter V
53609.000  17.465  0.039
53610.000  17.359  0.033
53611.000  17.319  0.028
53612.000  17.240  0.053
53613.000  17.333  0.030
53614.000  17.445  0.012
53614.000  17.353  0.023
53615.000  17.420  0.029
53616.000  17.576  0.014
53617.000  17.639  0.038
53618.000  17.688  0.041
53620.000  17.965  0.039
53622.000  18.177  0.034
53624.000  18.449  0.059
53626.000  18.567  0.049
53628.000  18.812  0.075
53630.000  18.901  0.190
53641.750  19.263  0.120
