SN2011iy 0.004263 197.243250 -15.517778
filter B
55909.35  13.337  0.006
55910.36  13.439  0.008
55916.36  14.037  0.009
55917.35  14.124  0.006
55922.37  14.546  0.011
55923.36  14.632  0.006
55924.35  14.692  0.006
55925.37  14.777  0.006
55926.34  14.832  0.007
55927.34  14.893  0.006
55929.36  15.027  0.009
55931.34  15.237  0.013
55932.36  15.148  0.009
55933.37  15.148  0.009
55935.35  15.210  0.011
55937.34  15.248  0.006
55938.36  15.258  0.006
55939.34  15.288  0.007
55940.32  15.293  0.007
55941.34  15.312  0.008
55942.34  15.328  0.006
55944.29  15.334  0.008
55949.30  15.398  0.006
55955.38  15.470  0.009
55958.36  15.506  0.009
55961.33  15.557  0.009
55962.23  15.555  0.005
55964.31  15.580  0.007
55966.34  15.606  0.007
55967.37  15.641  0.010
55971.26  15.695  0.009
55974.35  15.742  0.010
55979.37  15.807  0.008
55985.32  15.906  0.007
55987.36  15.934  0.009
55988.38  15.947  0.009
55991.30  15.998  0.008
55994.25  16.060  0.009
55996.32  16.080  0.011
55999.34  16.143  0.011
56001.26  16.172  0.009
56003.31  16.207  0.006
56006.30  16.251  0.008
56008.21  16.284  0.007
56012.33  16.372  0.009
56019.29  16.479  0.008
56023.14  16.536  0.011
56032.19  16.692  0.009
56037.19  16.787  0.011
56047.21  16.944  0.008
56056.27  17.084  0.011
filter g
55909.36  12.939  0.006
55910.35  13.015  0.008
55916.36  13.492  0.009
55917.36  13.590  0.007
55923.35  14.083  0.006
55924.33  14.136  0.008
55925.35  14.228  0.008
55926.33  14.321  0.006
55927.35  14.355  0.008
55929.37  14.519  0.009
55931.34  14.638  0.009
55932.37  14.655  0.008
55933.36  14.686  0.006
55935.34  14.743  0.009
55937.35  14.776  0.007
55938.37  14.797  0.009
55939.36  14.821  0.008
55940.34  14.845  0.010
55941.36  14.868  0.009
55942.35  14.870  0.007
55944.28  14.912  0.007
55949.28  14.981  0.006
55962.20  15.174  0.006
55964.28  15.212  0.009
55966.32  15.260  0.007
55971.24  15.331  0.009
55974.35  15.383  0.009
55979.39  15.460  0.009
55985.33  15.549  0.007
55987.38  15.577  0.010
55988.40  15.606  0.010
55991.28  15.653  0.011
55994.22  15.698  0.010
55996.29  15.759  0.011
55999.31  15.778  0.011
56001.23  15.810  0.011
56003.29  15.849  0.007
56006.28  15.879  0.012
56008.22  15.931  0.007
56012.37  16.001  0.010
56019.26  16.117  0.010
56023.17  16.190  0.011
56032.22  16.314  0.011
56037.21  16.398  0.010
56047.19  16.555  0.009
56056.26  16.717  0.011
filter i
55909.35  13.623  0.010
55910.36  13.602  0.010
55916.35  13.409  0.011
55917.36  13.363  0.006
55923.36  13.230  0.011
55924.35  13.210  0.010
55925.36  13.259  0.007
55926.34  13.332  0.008
55927.36  13.399  0.008
55929.37  13.576  0.013
55931.35  13.731  0.010
55932.37  13.784  0.013
55933.37  13.850  0.006
55935.34  13.959  0.009
55937.34  14.059  0.007
55938.36  14.071  0.010
55939.34  14.135  0.011
55940.33  14.151  0.011
55941.35  14.240  0.010
55942.34  14.276  0.007
55944.27  14.340  0.011
55949.28  14.538  0.009
55955.37  14.773  0.010
55958.37  14.890  0.011
55961.36  15.012  0.009
55962.22  15.031  0.007
55964.29  15.095  0.008
55966.34  15.183  0.008
55967.37  15.217  0.011
55971.25  15.379  0.012
55974.36  15.467  0.013
55979.37  15.640  0.009
55985.33  15.832  0.010
55987.37  15.901  0.009
55988.39  15.927  0.010
55991.30  16.014  0.011
55994.22  16.119  0.010
55996.30  16.196  0.015
55999.32  16.267  0.010
56001.25  16.305  0.014
56003.31  16.384  0.009
56006.29  16.454  0.013
56008.21  16.520  0.011
56012.34  16.638  0.013
56019.27  16.805  0.013
56023.15  16.915  0.013
56032.20  17.115  0.013
56037.19  17.209  0.013
56047.21  17.425  0.013
56056.25  17.587  0.014
filter H
55909.35  13.130  0.008
55910.34  13.098  0.008
56029.19  17.045  0.029
filter r
55909.35  12.799  0.006
55916.35  12.880  0.007
55917.36  12.861  0.006
55923.35  12.980  0.008
55924.35  13.043  0.010
55925.36  13.127  0.008
55926.34  13.195  0.007
55927.35  13.297  0.009
55929.37  13.469  0.010
55931.35  13.585  0.008
55932.37  13.620  0.008
55933.36  13.669  0.006
55935.33  13.768  0.009
55937.34  13.829  0.007
55938.36  13.886  0.008
55939.35  13.894  0.009
55940.33  13.933  0.010
55941.35  13.999  0.010
55942.34  14.021  0.008
55944.28  14.061  0.008
55949.28  14.243  0.007
55955.37  14.444  0.011
55961.36  14.653  0.009
55962.22  14.692  0.005
55964.29  14.767  0.009
55966.33  14.828  0.008
55971.25  14.992  0.010
55974.36  15.089  0.013
55979.38  15.246  0.009
55985.33  15.424  0.010
55987.37  15.492  0.009
55988.39  15.522  0.010
55991.29  15.635  0.011
55994.22  15.729  0.009
55996.29  15.807  0.011
55999.32  15.873  0.010
56001.25  15.931  0.012
56003.30  15.997  0.009
56006.29  16.083  0.014
56008.22  16.154  0.010
56012.35  16.270  0.011
56019.27  16.468  0.012
56023.16  16.597  0.010
56032.21  16.838  0.013
56037.20  16.972  0.012
56047.20  17.225  0.011
56056.25  17.445  0.012
filter u
55909.36  14.586  0.013
55910.36  14.720  0.013
55912.33  14.943  0.011
55916.36  15.405  0.014
55917.36  15.475  0.013
55922.35  15.972  0.011
55923.34  16.035  0.012
55924.34  16.135  0.011
55925.36  16.202  0.010
55926.33  16.275  0.010
55927.36  16.335  0.013
55931.35  16.531  0.025
55933.36  16.594  0.013
55935.34  16.620  0.023
55937.35  16.685  0.011
55938.37  16.733  0.013
55939.35  16.736  0.011
55940.33  16.746  0.012
55941.35  16.774  0.013
55942.35  16.772  0.010
55944.28  16.782  0.011
55949.29  16.871  0.011
55955.36  16.947  0.014
55958.38  16.993  0.013
55961.35  17.037  0.011
55962.21  17.030  0.014
55962.24  17.031  0.013
55964.30  17.072  0.013
55966.32  17.105  0.014
55967.36  17.120  0.014
55971.25  17.183  0.015
55974.36  17.239  0.017
55985.34  17.438  0.013
55987.38  17.470  0.012
55988.40  17.444  0.017
55991.29  17.537  0.015
55994.23  17.581  0.017
55996.30  17.627  0.018
55999.33  17.706  0.015
56001.24  17.766  0.015
56003.30  17.808  0.014
56006.28  17.874  0.017
56008.22  17.900  0.014
56012.36  17.975  0.017
56019.28  18.130  0.017
56023.16  18.181  0.026
56032.21  18.418  0.029
56037.21  18.508  0.021
56047.19  18.737  0.019
56056.26  18.962  0.043
filter V
55909.35  12.659  0.008
55910.36  12.716  0.009
55916.36  13.017  0.009
55917.35  13.027  0.006
55924.36  13.424  0.010
55925.37  13.506  0.008
55927.34  13.649  0.009
55929.37  13.814  0.010
55931.35  13.945  0.008
55932.36  13.965  0.009
55933.37  14.020  0.007
55935.35  14.064  0.008
55937.33  14.152  0.009
55937.33  14.150  0.006
55938.35  14.159  0.009
55939.34  14.182  0.008
55940.32  14.236  0.009
55941.34  14.271  0.008
55942.33  14.296  0.006
55944.29  14.328  0.006
55949.30  14.484  0.006
55955.38  14.649  0.009
55962.23  14.820  0.005
55964.30  14.877  0.007
55966.35  14.922  0.004
55967.38  14.964  0.011
55971.26  15.058  0.009
55974.34  15.128  0.009
55979.36  15.242  0.009
55985.32  15.386  0.007
55987.35  15.453  0.016
55987.35  15.421  0.010
55988.38  15.447  0.010
55991.31  15.514  0.010
55994.24  15.598  0.009
55996.31  15.638  0.011
55999.34  15.692  0.010
56001.27  15.736  0.011
56003.32  15.794  0.006
56006.31  15.834  0.010
56008.21  15.889  0.009
56012.32  15.976  0.010
56019.29  16.113  0.009
56023.14  16.191  0.011
56032.19  16.339  0.012
56037.18  16.449  0.011
56047.22  16.628  0.007
56056.28  16.794  0.009
filter Y
55909.35  13.542  0.020
55910.34  13.456  0.020
55933.33  12.769  0.020
56029.18  16.863  0.022
filter Jrc2
55909.36  14.301  0.014
55909.36  14.301  0.014
55910.34  14.313  0.014
55933.34  14.070  0.014
56029.19  18.414  0.045
