SN2011jt 0.027780 223.345875 2.961972
filter B
55934.36  17.012  0.012
55936.37  17.093  0.019
55940.37  17.504  0.013
55942.38  17.751  0.022
55944.36  17.999  0.011
55954.36  19.095  0.017
filter g
55936.36  16.944  0.013
55936.37  16.929  0.014
55937.36  17.040  0.035
55937.37  16.994  0.010
55939.36  17.137  0.009
55940.35  17.237  0.010
55941.36  17.340  0.039
55941.37  17.323  0.009
55942.36  17.419  0.009
55944.35  17.626  0.010
55954.32  18.626  0.012
filter i
55934.37  17.281  0.017
55939.37  17.749  0.020
55940.37  17.808  0.013
55942.37  17.971  0.015
55944.34  18.004  0.013
55954.36  17.659  0.010
filter r
55939.37  16.938  0.008
55940.36  17.057  0.011
55941.38  17.110  0.010
55944.35  17.271  0.008
55954.35  17.424  0.007
filter u
55940.35  18.620  0.037
55941.37  18.696  0.038
55954.33  20.391  0.049
filter V
55934.37  16.720  0.014
55936.37  16.775  0.015
55940.37  17.023  0.012
55944.36  17.311  0.011
55954.37  17.916  0.012
