SN2006E 0.002722 208.369370 5.206333
filter B_UVOT
53755.11  15.440  0.060
53763.13  15.570  0.050
53816.11  16.330  0.060
53816.51  16.390  0.060
53881.59  17.410  0.070
53900.06  17.680  0.070
54097.05  19.870  0.100
54098.26  20.470  0.100
filter H2m
53753.39844  23397.480  251.339
53754.46094  22176.598  390.409
53755.39844  22871.930  258.697
53757.55078  20024.621  406.266
53758.48828  18591.992  357.352
53762.48047  16037.530  316.463
53763.42188  15591.916  258.061
53764.42188  14643.397  371.235
53765.42188  14157.716  347.446
53766.42969  14236.180  364.474
53767.42969  13274.207  302.400
53768.42188  12950.447  418.063
53770.51953  12207.900  308.731
53771.42188  11688.719  441.106
53772.42969  10637.496  304.311
53773.55078  10149.795  238.547
53776.46094  10534.900  377.400
53778.35938  8514.541  381.305
53779.35156  7874.199  235.689
53781.33984  7798.471  289.688
53788.37891  5593.608  391.420
53791.37109  4941.879  273.013
53794.33984  4492.987  303.564
53797.35156  3418.679  363.505
53800.30859  2652.459  200.696
53803.30859  2759.788  289.412
53807.32031  2096.358  290.639
53810.28906  2111.332  312.779
53817.35156  1337.219  247.373
filter J2m
53753.39844  10889.747  50.199
53754.46094  9910.008  108.642
53755.39844  10391.009  53.537
53757.55078  8489.644  123.658
53758.48828  7472.892  100.215
53762.48047  6048.743  90.119
53763.42188  5795.217  28.615
53764.42188  5230.518  124.243
53765.42188  5107.863  80.329
53766.42969  4496.111  65.397
53767.42969  4285.673  76.327
53768.42188  4143.130  109.388
53770.51953  3465.655  47.276
53771.42188  3276.684  81.374
53772.42969  3228.235  38.733
53773.55078  2981.492  78.014
53776.46094  3055.035  66.120
53777.39062  2653.829  51.782
53778.35938  2828.905  42.071
53779.35156  2253.448  70.275
53781.33984  1934.636  53.628
53788.37891  1268.036  58.488
53791.37109  1073.331  55.882
53794.33984  825.568  55.392
53797.35156  669.779  47.434
53800.30859  619.712  50.674
53803.30859  495.013  50.646
53807.32031  335.615  28.319
53810.28906  351.830  52.215
53817.35156  196.071  52.201
filter Ks2m
53753.39844  20575.584  1084.231
53754.46094  19334.314  663.679
53757.55078  17097.029  880.397
53758.48828  15897.285  807.176
53762.48047  13619.285  884.481
53763.42188  13928.463  821.400
53764.42188  12785.614  851.908
53765.42188  12706.362  979.321
53766.42969  11800.704  1215.532
53767.42969  11347.053  734.050
53768.42188  11359.170  1011.108
53770.51953  9310.999  877.993
53771.42188  9406.958  496.418
53772.42969  9762.396  688.342
53773.55078  8156.263  873.065
53776.46094  9523.087  908.834
53778.35938  6918.441  859.822
53781.33984  8598.711  875.828
53788.37891  5158.053  887.499
53791.37109  4200.985  463.332
53794.33984  4590.876  809.228
53800.30859  3528.583  722.024
53803.30859  3076.516  807.163
53807.32031  2067.638  682.603
53810.28906  2091.172  687.235
filter U_UVOT
53755.11  15.740  0.060
53763.13  15.940  0.060
53816.11  16.970  0.080
53816.51  17.110  0.070
53881.59  18.340  0.120
53900.06  18.660  0.130
54097.04  19.550  0.100
54098.26  20.110  0.100
filter V_UVOT
53755.11  14.420  0.050
53763.13  14.700  0.050
53816.10  16.010  0.060
53816.51  16.060  0.060
53881.59  17.360  0.100
53900.05  17.680  0.100
54097.05  18.860  0.100
54098.26  19.400  0.100
filter UVM2
53755.11  18.620  0.110
53763.13  18.950  0.130
53816.10  20.130  0.270
53816.51  20.290  0.280
54097.05  20.080  0.100
54098.26  20.690  0.100
filter UVW1
53748.85  17.020  0.070
53755.11  17.220  0.080
53763.13  17.360  0.080
53816.11  18.560  0.130
53816.50  18.570  0.120
53881.59  19.880  0.290
53888.25  20.200  0.370
53900.46  20.110  0.230
54097.04  19.800  0.100
54098.25  20.390  0.100
filter UVW2
53748.83  18.100  0.090
53755.10  18.320  0.090
53763.12  18.670  0.100
53816.10  20.110  0.210
53816.51  19.950  0.170
53881.62  21.050  0.100
53888.25  20.590  0.100
53900.46  21.260  0.100
54097.05  20.540  0.100
54098.26  21.080  0.100
