SN2010ko 0.010441 83.206000 -14.096083
filter B
55538.235  16.375  0.018
55539.122  16.221  0.017
55541.126  15.934  0.013
55542.115  15.845  0.014
55544.190  15.701  0.015
55546.147  15.745  0.013
55547.139  15.781  0.013
55548.150  15.841  0.014
55549.220  16.009  0.013
55557.127  17.286  0.026
55561.106  17.823  0.032
55563.155  17.946  0.033
55566.157  18.170  0.050
55570.107  18.344  0.040
55572.132  18.608  0.046
55577.099  18.799  0.055
55591.109  19.054  0.064
55595.133  19.052  0.057
55617.114  19.325  0.046
55632.086  19.497  0.100
55649.041  19.594  0.063
55652.058  19.724  0.080
filter B_UVOT
55537.9287  16.566  0.059
55539.3425  16.266  0.059
55541.5324  15.947  0.057
55543.3383  15.776  0.053
55545.1174  15.725  0.052
55547.8577  15.913  0.059
55549.2701  16.061  0.059
55551.3684  16.362  0.058
55564.6610  18.197  0.084
55566.8336  18.354  0.089
55569.2008  18.618  0.102
55572.1441  18.746  0.120
55575.5579  19.067  0.134
55578.3700  18.748  0.104
filter Is
55538.235  15.931  0.016
55539.122  15.765  0.015
55542.115  15.424  0.018
55544.190  15.380  0.017
55546.147  15.410  0.013
55547.139  15.449  0.015
55548.150  15.467  0.014
55553.109  15.607  0.014
55561.106  15.723  0.015
55566.157  15.911  0.016
55570.107  16.237  0.015
55572.132  16.406  0.015
55577.099  16.723  0.021
55591.109  17.348  0.019
55595.133  17.514  0.035
55613.056  18.335  0.050
55657.030  19.394  0.110
filter Rs
55538.235  16.037  0.014
55539.122  15.863  0.014
55542.115  15.477  0.015
55544.190  15.338  0.017
55546.147  15.325  0.014
55547.139  15.323  0.013
55548.150  15.318  0.014
55549.220  15.350  0.014
55553.109  15.593  0.013
55561.106  16.037  0.015
55566.157  16.337  0.017
55570.107  16.707  0.015
55572.132  16.884  0.016
55577.099  17.151  0.022
55591.109  17.721  0.017
55595.133  17.886  0.021
55614.103  18.640  0.039
55656.009  20.026  0.087
filter u_s
55537.9277  16.466  0.068
55539.3420  16.280  0.068
55541.5314  16.051  0.064
55543.3375  16.008  0.065
55545.1164  16.067  0.065
55547.8570  16.512  0.074
55549.2694  16.728  0.076
55551.3674  17.102  0.077
55564.6601  19.233  0.209
55566.8325  19.115  0.189
55569.2000  19.291  0.220
55572.1435  19.633  0.321
55578.3691  19.569  0.254
filter V
55538.235  16.323  0.022
55539.122  16.160  0.016
55541.126  15.845  0.020
55542.115  15.742  0.016
55544.190  15.591  0.015
55546.147  15.547  0.014
55547.139  15.561  0.015
55548.150  15.555  0.013
55549.220  15.562  0.013
55553.109  15.799  0.013
55561.106  16.548  0.014
55566.157  16.900  0.021
55570.107  17.228  0.017
55572.132  17.358  0.022
55577.099  17.645  0.028
55591.109  18.140  0.028
55595.133  18.209  0.038
55616.110  18.874  0.106
55652.998  20.038  0.107
filter V_UVOT
55537.8984  16.459  0.076
55539.3449  16.255  0.069
55541.5382  15.814  0.061
55543.3427  15.714  0.061
55545.1230  15.574  0.059
55547.8618  15.530  0.063
55549.2738  15.625  0.063
55551.3738  15.665  0.060
55564.6659  16.892  0.076
55566.8399  17.073  0.081
55569.2053  17.133  0.083
55572.1475  17.459  0.104
55575.5622  17.703  0.109
55578.3752  17.610  0.098
filter g_s
55545.205  15.614  0.015
55546.147  15.614  0.012
55550.093  15.783  0.013
55557.148  16.595  0.014
55561.096  17.052  0.016
55563.165  17.230  0.018
55566.124  17.449  0.019
55570.089  17.760  0.017
55577.074  18.150  0.028
55591.114  18.602  0.028
55595.099  18.641  0.038
55625.019  19.246  0.057
55676.012  20.176  0.065
filter i_s
55545.205  15.795  0.016
55546.147  15.833  0.015
55547.208  15.845  0.017
55548.151  15.883  0.015
55549.216  15.922  0.016
55553.109  16.169  0.014
55568.053  16.632  0.016
55570.089  16.806  0.017
55573.075  17.069  0.018
55578.134  17.391  0.022
55583.110  17.631  0.023
55599.097  18.382  0.031
55617.061  19.076  0.038
55655.020  20.130  0.072
filter r_s
55545.205  15.488  0.015
55546.147  15.492  0.013
55547.208  15.480  0.014
55549.216  15.511  0.013
55553.109  15.720  0.012
55568.053  16.683  0.015
55570.089  16.876  0.015
55573.075  17.102  0.028
55578.134  17.412  0.018
55583.110  17.613  0.019
55599.097  18.247  0.027
55617.061  18.830  0.030
55646.040  20.009  0.072
55653.043  20.327  0.089
filter UVW1
55537.9263  18.555  0.139
55539.3622  18.266  0.113
55541.5293  17.975  0.095
55543.3357  17.852  0.093
55545.1145  18.049  0.097
55547.8558  18.189  0.113
55549.2684  18.575  0.122
55551.3656  18.678  0.130
filter UVW2
55539.3641  20.428  0.358
55541.5351  20.468  0.344
55543.3400  19.669  0.200
55545.1203  19.824  0.216
55547.8602  19.862  0.265
filter z_s
55545.205  15.784  0.018
55546.147  15.756  0.018
55547.208  15.824  0.019
55548.151  15.815  0.017
55549.216  15.845  0.019
55553.109  15.946  0.018
55568.053  16.349  0.020
55570.089  16.502  0.018
55573.075  16.732  0.067
55578.134  17.084  0.032
55583.110  17.364  0.039
55599.097  18.150  0.057
55621.039  18.960  0.066
