SN2017fzw 0.005400 95.394875 -27.214864
filter B
57978.797  15.335  0.003
57980.156  14.970  0.002
57981.797  14.612  0.002
57981.797  14.612  0.002
57984.141  14.255  0.003
57985.141  14.180  0.002
57986.148  14.131  0.003
57987.797  14.146  0.002
57987.797  14.143  0.002
57988.797  14.168  0.002
57988.797  14.167  0.002
57990.789  14.326  0.002
57991.125  14.332  0.002
57993.375  14.617  0.002
57994.758  14.800  0.002
57996.109  15.005  0.003
57997.789  15.252  0.002
57998.781  15.404  0.003
57999.742  15.541  0.003
58001.094  15.740  0.004
58001.758  15.827  0.005
58003.090  15.944  0.004
58004.109  16.084  0.005
58005.125  16.228  0.006
58010.688  16.653  0.007
58012.719  16.824  0.007
58018.723  17.104  0.014
58024.672  17.220  0.009
58030.297  17.277  0.010
58033.086  17.334  0.008
58039.654  17.402  0.010
58041.265  17.437  0.008
58047.007  17.527  0.011
58053.343  17.619  0.008
58062.062  17.735  0.010
58066.943  17.796  0.010
58079.266  18.005  0.010
58089.914  18.183  0.012
58100.639  18.335  0.015
58112.176  18.488  0.013
58122.631  18.717  0.014
58134.127  18.882  0.015
58145.055  19.063  0.016
58156.597  19.258  0.016
58167.531  19.410  0.016
58178.023  19.489  0.015
58189.118  19.649  0.020
58193.496  19.723  0.017
58204.465  19.825  0.016
58215.052  20.012  0.017
58226.384  20.186  0.023
58237.367  20.286  0.153
58250.345  20.369  0.196
filter B_UVOT
57978.02  15.60  0.05
57980.76  14.81  0.05
57982.45  14.48  0.04
57988.65  14.18  0.04
57990.75  14.31  0.04
57994.80  14.78  0.04
57997.09  15.13  0.04
58000.84  15.75  0.05
58003.70  16.07  0.06
58006.12  16.32  0.06
58010.58  16.62  0.06
58013.66  16.89  0.06
58016.75  16.98  0.06
filter H2m
57985.400  14.029  0.424
57988.430  14.036  0.326
57995.425  14.041  0.340
58017.350  14.730  0.426
58027.300  15.356  0.341
58037.350  15.783  0.382
58056.170  16.756  0.394
58067.245  17.053  0.461
filter J2m
57985.400  13.788  0.456
57988.430  13.951  0.314
57995.425  14.759  0.397
58017.350  15.314  0.433
58027.300  16.408  0.399
58037.350  17.120  0.339
58056.170  18.315  0.363
58067.245  18.683  0.393
filter Ks2m
57985.400  13.832  0.405
57988.430  13.741  0.211
57995.425  14.182  0.335
58017.350  15.173  0.364
58027.300  15.589  0.328
58037.350  15.953  0.321
58056.170  16.795  0.337
58067.245  17.422  0.282
filter u_s
57978.793  15.364  0.019
57980.148  15.103  0.016
57981.786  14.701  0.016
57984.134  14.357  0.021
57985.131  14.344  0.015
57986.139  14.299  0.015
57987.786  14.271  0.015
57988.786  14.286  0.016
57990.780  14.603  0.016
57991.116  14.564  0.015
57992.766  14.742  0.018
57993.365  14.865  0.015
57994.749  15.004  0.017
57996.101  15.305  0.016
57997.780  15.525  0.017
57998.775  15.666  0.017
57999.735  15.872  0.020
58001.088  16.062  0.052
58001.750  16.142  0.026
58003.082  16.287  0.041
58004.103  16.420  0.026
58005.116  16.546  0.027
58010.679  16.879  0.041
58012.712  16.977  0.035
58018.715  17.238  0.051
58024.667  17.589  0.101
58033.077  17.688  0.047
58041.254  17.928  0.028
58046.995  18.095  0.035
58053.333  18.292  0.052
58062.052  18.555  0.093
filter U_UVOT
57978.02  16.47  0.08
57980.76  15.46  0.09
57982.45  14.87  0.06
57984.74  14.55  0.04
57988.65  14.63  0.05
57990.75  14.81  0.05
57994.80  15.44  0.06
57997.09  15.87  0.06
58000.84  16.42  0.06
58003.70  16.68  0.07
58006.12  16.92  0.07
58010.58  17.29  0.07
58013.66  17.44  0.08
58016.75  17.63  0.08
filter V
57974.802  16.733  0.023
57978.805  15.142  0.003
57980.160  14.787  0.003
57981.797  14.464  0.002
57984.148  14.107  0.002
57985.145  14.021  0.002
57986.152  13.947  0.004
57987.797  13.860  0.002
57988.797  13.837  0.002
57991.129  13.824  0.002
57993.375  13.912  0.002
57994.762  13.969  0.002
57996.117  14.070  0.002
57997.793  14.196  0.002
57998.789  14.274  0.002
57999.750  14.346  0.002
58001.102  14.428  0.003
58001.762  14.520  0.007
58003.094  14.573  0.002
58004.117  14.676  0.003
58005.125  14.756  0.003
58010.688  15.212  0.004
58012.723  15.385  0.004
58018.727  15.675  0.019
58024.680  15.920  0.005
58030.301  16.104  0.005
58033.094  16.196  0.006
58039.656  16.343  0.006
58041.267  16.432  0.006
58047.009  16.600  0.008
58053.347  16.766  0.005
58061.710  17.024  0.018
58066.948  17.173  0.009
58079.270  17.451  0.007
58089.918  17.678  0.011
58100.643  17.977  0.014
58112.180  18.233  0.013
58122.635  18.445  0.015
58134.131  18.638  0.013
58145.057  18.839  0.017
58156.603  19.012  0.017
58167.537  19.167  0.018
58178.025  19.350  0.019
58189.124  19.501  0.025
58193.507  19.574  0.019
58204.476  19.709  0.018
58215.056  19.858  0.017
58226.393  20.063  0.025
filter V_UVOT
57978.02  15.37  0.07
57980.76  14.52  0.07
57982.45  14.22  0.05
57988.66  13.70  0.04
57990.76  13.67  0.04
57994.81  13.77  0.04
57997.09  13.91  0.04
58000.85  14.20  0.05
58003.74  14.52  0.05
58006.13  14.73  0.05
58010.59  15.11  0.05
58013.67  15.37  0.06
58016.76  15.58  0.06
filter g_s
57978.812  15.393  0.012
57980.164  14.836  0.002
57981.805  14.521  0.001
57984.148  14.148  0.001
57985.148  14.066  0.001
57986.156  14.007  0.001
57987.805  13.981  0.001
57988.805  13.983  0.001
57991.133  14.059  0.001
57993.383  14.252  0.001
57994.766  14.358  0.001
57996.117  14.502  0.002
57997.797  14.691  0.001
57998.789  14.815  0.002
57999.750  14.915  0.002
58001.105  15.079  0.002
58003.102  15.335  0.002
58004.117  15.468  0.003
58005.133  15.581  0.003
58010.695  16.124  0.004
58012.727  16.255  0.004
58018.730  16.578  0.006
58024.680  16.742  0.005
58030.305  16.854  0.005
58033.094  16.904  0.006
58041.270  16.997  0.005
58047.012  17.078  0.007
58053.350  17.166  0.005
58062.069  17.250  0.007
58066.950  17.295  0.017
58079.273  17.413  0.011
58089.924  17.560  0.026
58100.646  17.746  0.018
58112.184  17.961  0.016
58122.640  18.053  0.040
58134.136  18.292  0.019
58145.062  18.413  0.036
58156.609  18.589  0.030
58167.543  18.774  0.026
58178.032  18.956  0.012
58189.130  19.083  0.037
58193.512  19.135  0.032
58204.482  19.220  0.108
58215.064  19.405  0.025
58226.398  19.615  0.051
58237.381  19.790  0.149
58250.359  20.001  0.111
filter i_s
57980.176  15.165  0.003
57981.812  14.616  0.002
57984.160  14.269  0.002
57985.156  14.219  0.002
57986.164  14.194  0.002
57987.812  14.203  0.002
57988.812  14.214  0.002
57991.141  14.238  0.002
57993.391  14.370  0.002
57994.773  14.477  0.002
57996.129  14.572  0.003
57997.805  14.637  0.002
57998.801  14.650  0.002
57999.762  14.647  0.002
58001.117  14.610  0.003
58003.109  14.582  0.002
58004.129  14.574  0.003
58005.137  14.586  0.003
58010.699  14.820  0.003
58012.734  15.041  0.004
58018.734  15.488  0.005
58024.688  15.803  0.005
58030.312  16.061  0.005
58066.958  17.372  0.009
58079.280  17.746  0.009
58089.930  18.009  0.013
58100.652  18.286  0.017
58112.190  18.460  0.016
58122.647  18.699  0.018
58134.141  18.913  0.018
58145.068  19.033  0.016
58156.618  19.276  0.021
58167.550  19.450  0.023
58178.041  19.625  0.022
58189.139  19.759  0.026
58193.527  19.836  0.023
58204.436  20.007  0.221
58215.078  20.175  0.096
58226.411  20.319  0.210
58237.394  20.449  0.287
filter r_s
57980.172  14.638  0.002
57981.809  14.315  0.002
57984.156  13.969  0.002
57985.156  13.903  0.002
57986.164  13.843  0.002
57987.809  13.778  0.001
57988.809  13.759  0.001
57991.141  13.736  0.001
57993.387  13.864  0.001
57994.773  13.937  0.002
57996.125  14.071  0.002
57997.805  14.185  0.002
57998.797  14.246  0.002
57999.758  14.279  0.002
58001.109  14.302  0.002
58003.105  14.353  0.002
58004.125  14.411  0.002
58005.133  14.447  0.003
58010.695  14.847  0.003
58012.730  15.057  0.003
58018.734  15.463  0.004
58024.688  15.761  0.004
58030.309  15.944  0.004
58033.098  16.049  0.004
58041.275  16.347  0.005
58047.016  16.574  0.007
58053.354  16.807  0.005
58062.073  17.090  0.008
58066.955  17.287  0.008
58079.277  17.695  0.008
58089.928  18.059  0.011
58100.650  18.473  0.015
58112.187  18.738  0.016
58122.643  19.029  0.084
58134.139  19.466  0.039
58145.066  19.713  0.103
58156.614  19.898  0.105
58167.548  20.082  0.070
58178.037  20.408  0.205
58189.135  20.573  0.191
58193.520  20.787  0.168
58204.489  20.935  0.425
58215.072  21.157  0.121
filter r_dlt40
57974.2500  17.1687  0.0502
57982.2500  14.3718  0.0043
57983.2500  14.2218  0.0036
57985.2500  14.0382  0.0034
57986.2500  13.9801  0.0032
57987.2500  13.9719  0.0040
57990.2500  13.9600  0.0030
57991.2500  14.0013  0.0058
57992.2500  14.0408  0.0031
57993.2500  14.0909  0.0031
57995.5000  14.2074  0.0051
57996.2500  14.3025  0.0089
57998.2500  14.3919  0.0184
58000.2500  14.4509  0.0058
58002.2500  14.5885  0.0113
58003.2500  14.6303  0.0063
58004.2500  14.6538  0.0083
58007.2500  14.7698  0.0092
58008.2500  14.8428  0.0067
58009.2500  14.9096  0.0073
58010.2500  15.0148  0.0055
58011.2500  15.1033  0.0081
58012.2500  15.2178  0.0088
58013.2500  15.2707  0.0086
58014.2500  15.3474  0.0089
58016.2500  15.5100  0.0125
58017.2500  15.6108  0.0107
58018.2500  15.6490  0.0130
58019.2500  15.6428  0.0103
58020.2500  15.7184  0.0162
58021.2500  15.7729  0.0357
58022.2500  15.8809  0.0387
58023.2500  15.9141  0.0131
58028.2500  16.0984  0.0311
58029.2500  16.1573  0.0269
58031.2500  16.1991  0.0276
58032.2500  16.1662  0.0363
58033.2500  16.2508  0.0331
58034.2500  16.3231  0.0294
58035.2500  16.3372  0.0221
58036.2500  16.3639  0.0184
58037.2500  16.3337  0.0226
58038.2500  16.4025  0.0224
58039.2500  16.4405  0.0190
58040.2500  16.4902  0.0192
58043.2500  16.6035  0.0147
58044.2500  16.5697  0.0188
58045.2500  16.6678  0.0217
58046.2500  16.6456  0.0239
58047.2500  16.7377  0.0284
58047.2500  16.7485  0.0215
58048.2500  16.7603  0.0266
58051.2500  16.8384  0.0274
58052.2500  16.8966  0.0313
58053.2500  16.9073  0.0227
58054.2500  16.9765  0.0747
58055.2500  16.9776  0.0255
58056.2500  17.0246  0.0405
58057.2500  17.0813  0.0228
58058.2500  17.1129  0.0270
58064.0000  17.5186  0.0667
58066.0000  17.3326  0.0459
58067.0000  17.6974  0.0563
58068.0000  17.3311  0.0466
58069.0000  17.5814  0.0570
58070.0000  17.4402  0.0563
58071.0000  17.5426  0.0586
58072.0000  17.5385  0.0503
58073.0000  17.5083  0.0521
58074.0000  17.4823  0.0553
58075.0000  17.5365  0.0338
58076.0000  17.5604  0.0564
58076.5000  17.4951  0.0573
58077.0000  17.5000  0.0506
58078.0000  17.6311  0.0321
58079.0000  17.5202  0.0527
58081.0000  17.5891  0.0599
58082.0000  17.8377  0.0733
58089.2500  17.6814  0.0633
58093.0000  18.0921  0.0593
58112.5000  18.5300  0.0702
58113.5000  18.2850  0.0515
58128.5000  18.7380  0.0853
58130.5000  18.9214  0.0793
58137.5000  18.9854  0.0965
58141.5000  19.1588  0.0935
58159.0000  19.0003  0.0726
filter UVM2
57978.03  20.49  0.28
57980.76  19.60  0.29
57982.45  19.55  0.25
57986.20  18.96  0.08
57988.66  18.91  0.10
57990.76  18.76  0.10
57994.81  18.84  0.11
57997.10  19.03  0.12
58000.85  19.31  0.13
58003.74  19.23  0.12
58006.13  19.50  0.13
58010.59  19.57  0.14
58013.67  19.80  0.15
58016.76  19.63  0.14
filter UVW1
57978.01  18.31  0.18
57980.76  17.25  0.16
57982.45  16.58  0.08
57988.65  16.09  0.06
57990.75  16.21  0.06
57994.80  16.59  0.07
57997.09  16.91  0.07
58000.84  17.37  0.07
58003.70  17.62  0.07
58006.12  17.75  0.08
58010.58  18.09  0.09
58013.66  18.17  0.09
58016.75  18.35  0.10
filter UVW2
57978.02  18.79  0.18
57980.76  18.18  0.20
57982.45  17.64  0.11
57988.65  17.45  0.07
57990.75  17.44  0.07
57994.80  17.80  0.09
57997.09  18.05  0.08
58000.85  18.41  0.09
58003.70  18.54  0.09
58006.12  18.77  0.10
58010.58  18.84  0.10
58013.66  19.02  0.11
58016.75  18.97  0.11
