SN2006ej 0.020437 9.749042 -9.015722
filter B
53981.22  16.087  0.008
53986.19  16.569  0.011
53998.17  18.060  0.013
54001.11  18.339  0.014
54003.10  18.510  0.016
54008.08  18.823  0.019
54012.08  18.931  0.044
54017.23  19.038  0.054
54018.19  19.159  0.034
54025.15  19.161  0.019
54040.11  19.425  0.037
54046.24  19.551  0.083
filter g
53979.23  15.828  0.007
53981.20  15.930  0.008
53986.17  16.332  0.010
53998.15  17.630  0.008
54001.09  17.939  0.011
54003.11  18.123  0.010
54008.10  18.424  0.011
54012.09  18.576  0.023
54017.24  18.673  0.032
54018.21  18.712  0.018
54025.13  18.826  0.013
54040.13  19.028  0.021
54046.25  19.186  0.040
filter i
53986.18  17.057  0.011
54001.10  16.976  0.012
54008.12  17.549  0.010
54012.10  17.797  0.016
54017.26  18.012  0.036
54018.22  18.122  0.013
filter H
53980.23  16.883  0.074
53999.19  16.673  0.047
filter J
53980.21  16.634  0.035
53980.22  16.653  0.033
53999.17  17.244  0.038
53999.18  17.158  0.036
54000.17  17.050  0.051
filter r
53986.17  16.266  0.009
54008.11  17.386  0.010
54012.10  17.563  0.012
54017.25  17.762  0.024
54018.21  17.827  0.010
filter u
53979.25  16.659  0.019
53981.21  16.889  0.019
53986.18  17.582  0.031
54001.10  19.410  0.051
54008.09  19.920  0.088
filter V
53979.25  15.838  0.007
53981.22  15.904  0.009
53986.19  16.186  0.011
53998.17  17.024  0.009
54001.11  17.271  0.012
54003.10  17.456  0.010
54008.07  17.778  0.012
54012.07  17.938  0.016
54017.22  18.150  0.029
54018.18  18.146  0.015
54025.14  18.362  0.014
54040.10  18.720  0.021
54046.24  18.855  0.039
filter Y
53999.16  16.245  0.023
53999.17  16.280  0.027
54000.16  16.179  0.026
