SN2009Y 0.009347 220.602292 -17.246194
filter B
54869.36  14.669  0.006
54871.36  14.469  0.004
54872.37  14.393  0.004
54873.35  14.357  0.007
54874.31  14.341  0.007
54878.37  14.379  0.008
54879.36  14.413  0.004
54884.35  14.705  0.007
54885.31  14.797  0.008
54888.28  15.087  0.004
54896.36  15.930  0.005
54898.33  16.131  0.007
54900.32  16.297  0.009
54902.27  16.468  0.009
54908.31  16.873  0.009
54911.37  17.018  0.009
54914.32  17.112  0.009
54915.34  17.142  0.009
54920.34  17.204  0.010
54927.28  17.287  0.009
54928.32  17.280  0.009
54930.24  17.320  0.013
54933.24  17.315  0.017
54937.34  17.373  0.010
54938.34  17.384  0.009
54947.21  17.494  0.010
54964.17  17.740  0.010
54966.17  17.781  0.011
54968.26  17.806  0.010
54976.16  17.929  0.009
filter g
54871.37  14.421  0.006
54872.38  14.334  0.005
54873.36  14.284  0.007
54879.37  14.260  0.004
54884.36  14.470  0.007
54888.27  14.746  0.007
54896.37  15.405  0.008
54898.31  15.568  0.007
54900.31  15.741  0.008
54902.26  15.915  0.008
54908.29  16.379  0.008
54911.39  16.547  0.009
54914.29  16.654  0.006
54915.31  16.679  0.007
54920.32  16.789  0.009
54927.29  16.892  0.008
54928.29  16.900  0.007
54930.21  16.917  0.009
54933.21  16.945  0.010
54937.32  17.012  0.009
54938.30  17.031  0.009
54947.19  17.152  0.008
54963.17  17.392  0.011
54964.15  17.401  0.009
54966.14  17.450  0.008
54968.28  17.466  0.009
54976.14  17.595  0.009
filter i
54869.34  14.936  0.008
54871.38  14.790  0.007
54872.38  14.739  0.006
54873.36  14.723  0.009
54874.30  14.724  0.008
54878.36  14.803  0.009
54879.38  14.827  0.006
54884.36  15.025  0.009
54885.30  15.117  0.009
54888.27  15.391  0.008
54896.37  15.335  0.008
54898.32  15.261  0.009
54900.31  15.212  0.009
54902.26  15.141  0.009
54908.30  15.337  0.009
54911.40  15.580  0.010
54914.30  15.788  0.007
54915.32  15.832  0.009
54920.32  16.083  0.010
54927.30  16.360  0.009
54928.30  16.405  0.008
54930.22  16.462  0.011
54933.22  16.583  0.019
54937.31  16.733  0.011
54938.31  16.794  0.011
54947.20  17.091  0.010
54963.18  17.547  0.042
54964.16  17.637  0.012
54966.15  17.710  0.013
54968.29  17.776  0.013
54976.15  18.022  0.015
filter H
54872.34  14.725  0.028
54872.35  14.706  0.028
54875.35  14.839  0.011
54875.37  14.807  0.011
54887.35  15.237  0.012
54887.36  15.210  0.015
54891.40  15.177  0.016
54891.41  15.136  0.014
54901.34  14.796  0.012
54901.34  14.796  0.010
54913.44  15.178  0.016
54919.44  15.519  0.022
54919.45  15.469  0.020
54921.41  15.619  0.032
54929.42  15.911  0.031
54929.43  15.859  0.027
54934.38  16.059  0.030
54934.39  16.056  0.030
54937.29  16.196  0.029
54937.29  16.222  0.029
54956.30  17.040  0.035
54956.31  17.018  0.036
54962.21  17.193  0.074
54962.22  17.314  0.080
54965.19  17.441  0.094
54965.20  17.416  0.091
filter J
54872.33  14.525  0.016
54872.34  14.510  0.016
54934.40  17.385  0.025
54934.41  17.336  0.023
54937.27  17.539  0.019
54937.28  17.543  0.020
filter Jrc2
54868.35  14.751  0.011
54868.36  14.805  0.014
54875.34  14.574  0.011
54875.35  14.603  0.010
54886.39  15.805  0.011
54886.40  15.871  0.013
54887.33  16.051  0.018
54887.34  16.060  0.018
54890.39  16.264  0.016
54890.40  16.261  0.014
54899.40  15.862  0.016
54901.32  15.744  0.011
54901.33  15.753  0.012
54913.43  15.824  0.013
54913.43  15.819  0.012
54919.42  16.360  0.020
54919.43  16.303  0.016
54921.44  16.466  0.022
54921.45  16.440  0.018
54929.40  17.037  0.028
54929.41  17.035  0.025
54965.18  19.151  0.150
filter u
54869.34  15.257  0.008
54871.37  15.077  0.006
54872.37  15.016  0.008
54873.35  15.003  0.009
54874.31  15.009  0.008
54878.37  15.183  0.009
54879.37  15.253  0.007
54884.35  15.661  0.009
54885.31  15.747  0.010
54888.28  16.099  0.009
54896.38  17.078  0.011
54898.32  17.306  0.012
54900.32  17.470  0.020
54902.27  17.671  0.024
54908.30  18.070  0.016
54911.38  18.229  0.016
54914.31  18.346  0.018
54915.33  18.388  0.019
54920.33  18.491  0.019
54927.29  18.606  0.024
54928.31  18.587  0.029
54933.23  18.628  0.048
54937.33  18.701  0.025
54938.31  18.710  0.022
54947.20  18.861  0.023
54963.18  19.124  0.150
54964.16  19.138  0.035
54966.16  19.235  0.033
54968.27  19.268  0.032
filter V
54869.34  14.599  0.006
54871.35  14.399  0.005
54872.37  14.288  0.006
54873.34  14.224  0.009
54874.31  14.181  0.007
54879.36  14.096  0.004
54884.34  14.209  0.007
54885.31  14.284  0.009
54888.28  14.472  0.005
54896.36  14.897  0.008
54898.32  14.989  0.006
54900.32  15.098  0.009
54902.27  15.194  0.009
54908.31  15.627  0.009
54911.38  15.827  0.009
54914.32  15.964  0.007
54915.33  16.014  0.009
54920.34  16.166  0.010
54927.28  16.347  0.008
54928.32  16.378  0.008
54930.23  16.432  0.009
54933.24  16.482  0.015
54937.33  16.604  0.010
54938.33  16.634  0.008
54947.21  16.855  0.011
54959.17  17.119  0.032
54964.17  17.260  0.009
54966.17  17.278  0.009
54968.25  17.336  0.009
54976.16  17.496  0.009
filter Y
54868.33  14.851  0.013
54875.32  14.825  0.010
54875.33  14.829  0.012
54886.37  15.520  0.012
54886.38  15.489  0.013
54887.32  15.524  0.013
54887.33  15.525  0.012
54890.37  15.452  0.012
54890.38  15.463  0.010
54891.38  15.419  0.009
54891.39  15.415  0.011
54894.33  15.185  0.008
54894.34  15.213  0.008
54899.39  14.834  0.012
54899.40  14.814  0.013
54901.30  14.661  0.009
54901.31  14.682  0.010
54913.41  14.637  0.012
54913.42  14.662  0.011
54919.40  15.001  0.014
54919.40  14.987  0.015
54919.41  15.001  0.018
54921.42  15.081  0.009
54921.43  15.129  0.009
54929.39  15.529  0.009
54929.40  15.563  0.013
54962.17  17.270  0.025
54962.17  17.214  0.024
54965.15  17.387  0.030
54965.15  17.286  0.024
filter Ydw
54872.32  14.703  0.018
54872.32  14.710  0.018
54937.26  15.959  0.018
54937.27  15.988  0.018
54956.31  16.959  0.019
54956.32  16.993  0.020
filter r
54871.38  14.371  0.005
54872.38  14.275  0.006
54873.36  14.218  0.008
54878.36  14.079  0.009
54879.37  14.079  0.004
54884.36  14.264  0.008
54888.27  14.576  0.005
54896.37  14.769  0.007
54898.31  14.779  0.005
54900.31  14.792  0.009
54902.26  14.852  0.008
54908.29  15.206  0.009
54911.39  15.412  0.010
54914.30  15.583  0.006
54915.32  15.635  0.008
54920.32  15.818  0.009
54927.30  16.056  0.007
54928.30  16.100  0.005
54930.22  16.161  0.008
54933.22  16.261  0.011
54937.32  16.373  0.010
54938.30  16.400  0.009
54947.19  16.700  0.009
54963.17  17.188  0.018
54964.15  17.226  0.008
54966.15  17.291  0.009
54968.28  17.345  0.009
54976.15  17.601  0.010
