SN2007ca 0.014057 202.774208 -15.101833
filter B
54218.17  16.820  0.007
54224.22  16.174  0.010
54227.22  16.117  0.007
54229.18  16.143  0.005
54231.24  16.220  0.006
54232.19  16.271  0.006
54235.17  16.422  0.008
54239.18  16.729  0.006
54243.19  17.130  0.007
54246.15  17.406  0.010
54255.19  18.310  0.021
54259.14  18.563  0.022
filter g
54218.19  16.661  0.006
54224.21  16.026  0.008
54227.23  15.944  0.005
54229.19  15.967  0.004
54231.24  16.033  0.004
54232.20  16.068  0.005
54235.15  16.200  0.008
54239.16  16.422  0.005
54243.21  16.721  0.005
54246.13  16.944  0.007
54255.21  17.714  0.010
54259.11  18.038  0.009
filter i
54218.20  16.464  0.005
54224.20  16.028  0.015
54227.24  16.085  0.005
54229.20  16.164  0.004
54231.26  16.244  0.006
54232.21  16.271  0.005
54235.16  16.436  0.009
54239.16  16.789  0.007
54243.22  17.000  0.006
54246.14  16.979  0.008
54255.22  16.752  0.007
54259.12  16.767  0.008
filter H
54217.18  16.069  0.030
54217.19  16.069  0.035
54224.24  15.712  0.031
54224.24  15.733  0.031
54228.13  15.928  0.036
54228.14  15.998  0.036
54233.16  16.044  0.067
54233.16  15.955  0.086
54238.15  16.146  0.050
54238.15  16.189  0.042
54254.21  15.912  0.022
54254.22  15.866  0.019
54258.19  15.849  0.038
54258.19  15.860  0.036
filter J
54217.14  16.157  0.025
54217.17  16.125  0.020
54224.22  15.717  0.019
54224.23  15.730  0.018
54228.11  15.756  0.016
54228.13  15.810  0.018
54233.14  16.226  0.030
54233.15  16.218  0.026
54237.23  16.732  0.161
54238.13  16.924  0.048
54238.14  16.993  0.046
54254.20  17.140  0.022
54254.21  17.144  0.022
54258.17  16.882  0.032
54258.18  16.869  0.041
filter r
54218.19  16.402  0.006
54224.21  15.796  0.009
54227.23  15.700  0.004
54229.20  15.692  0.004
54231.25  15.739  0.004
54232.20  15.760  0.004
54235.15  15.893  0.007
54239.16  16.174  0.007
54243.21  16.417  0.004
54246.13  16.484  0.004
54255.21  16.636  0.006
54259.11  16.781  0.006
filter u
54218.18  17.573  0.021
54224.22  16.892  0.025
54235.16  17.445  0.017
54239.17  17.901  0.021
54243.20  18.369  0.023
54246.14  18.644  0.038
54255.20  19.686  0.102
54259.13  19.907  0.108
filter V
54218.17  16.575  0.007
54224.22  15.902  0.007
54227.22  15.819  0.006
54229.18  15.829  0.006
54231.23  15.861  0.006
54232.19  15.888  0.006
54235.17  15.995  0.008
54239.17  16.203  0.006
54243.19  16.426  0.006
54246.15  16.579  0.007
54255.19  17.065  0.008
54259.14  17.290  0.010
filter Y
54217.12  16.275  0.018
54217.13  16.269  0.021
54228.10  16.084  0.015
54228.11  16.088  0.020
54233.12  16.547  0.037
54233.13  16.578  0.031
54237.21  16.718  0.049
54237.22  16.650  0.096
54238.11  16.813  0.028
54238.12  16.809  0.024
54258.15  15.819  0.011
54258.16  15.849  0.015
filter Ydw
54224.20  15.864  0.020
54224.21  15.866  0.020
54254.23  16.079  0.013
54254.24  16.102  0.020
54274.15  16.318  0.011
54274.15  16.356  0.013
54275.14  16.387  0.013
54275.15  16.431  0.014
