SN2013hh 0.012980 172.268208 17.235972
filter B
56639.33  17.335  0.009
56640.32  17.335  0.009
56643.35  17.369  0.020
56646.36  17.534  0.021
56648.34  17.734  0.023
56650.34  17.914  0.026
56652.34  18.104  0.040
56653.33  18.194  0.018
56653.33  18.158  0.015
56654.34  18.282  0.016
56657.32  18.727  0.018
56660.31  19.017  0.017
56663.34  19.287  0.021
56665.35  19.433  0.019
56670.36  19.733  0.024
56672.30  19.895  0.081
56681.36  20.244  0.062
56681.36  20.067  0.056
56685.28  20.292  0.033
filter g
56639.33  17.043  0.005
56640.33  17.045  0.005
56643.34  17.103  0.013
56646.35  17.215  0.015
56648.33  17.316  0.013
56650.32  17.443  0.013
56652.33  17.605  0.014
56653.32  17.684  0.009
56654.34  17.798  0.007
56657.34  18.113  0.010
56660.29  18.395  0.009
56663.35  18.642  0.013
56664.35  18.748  0.014
56670.35  19.158  0.022
56672.31  19.299  0.041
56679.26  19.434  0.033
56679.26  19.530  0.056
56681.37  19.526  0.027
56681.37  19.564  0.028
56685.29  19.651  0.019
56694.36  19.823  0.027
56699.38  19.902  0.033
56707.23  19.928  0.057
56708.23  20.105  0.068
56710.24  20.095  0.033
56711.30  20.024  0.035
56712.25  20.096  0.029
56713.29  20.089  0.028
filter i
56639.34  16.563  0.008
56640.33  16.591  0.007
56643.35  16.634  0.009
56646.35  16.809  0.018
56648.33  16.921  0.014
56650.32  17.056  0.017
56652.33  17.112  0.015
56653.32  17.129  0.009
56654.35  17.139  0.010
56657.34  17.058  0.011
56660.30  17.022  0.010
56663.35  17.026  0.009
56664.35  17.033  0.009
56670.35  17.113  0.014
56672.32  17.161  0.010
56679.27  17.518  0.012
56679.27  17.545  0.015
56681.37  17.650  0.015
56681.38  17.658  0.015
56685.29  17.837  0.016
56694.36  18.189  0.018
56699.38  18.369  0.018
56707.22  18.672  0.029
56708.23  18.664  0.028
56710.24  18.790  0.024
56711.30  18.788  0.025
56712.25  18.845  0.026
56713.28  18.870  0.026
filter r
56639.33  16.470  0.005
56640.33  16.470  0.005
56643.34  16.452  0.008
56646.35  16.549  0.011
56648.33  16.631  0.011
56650.31  16.738  0.011
56652.33  16.859  0.011
56653.32  16.904  0.008
56654.34  16.966  0.007
56657.34  17.037  0.010
56660.29  17.102  0.008
56663.35  17.198  0.008
56664.35  17.237  0.007
56670.35  17.454  0.011
56672.32  17.568  0.010
56679.26  17.934  0.012
56679.26  17.931  0.016
56681.37  18.010  0.015
56681.37  17.999  0.013
56685.29  18.145  0.014
56694.36  18.442  0.018
56699.38  18.605  0.017
56707.22  18.899  0.031
56708.23  18.850  0.027
56710.24  18.930  0.026
56711.30  18.931  0.022
56712.25  18.943  0.021
56713.28  19.044  0.026
filter u
56639.34  18.294  0.022
56640.33  18.309  0.025
56643.36  18.516  0.048
56643.36  18.516  0.048
56646.35  18.822  0.048
56648.34  19.109  0.074
56650.33  19.301  0.059
56652.33  19.460  0.070
56653.33  19.697  0.043
56654.35  19.796  0.041
56657.33  20.347  0.065
56660.28  20.816  0.079
56663.36  21.082  0.127
filter V
56639.32  16.758  0.008
56640.32  16.760  0.009
56643.35  16.749  0.013
56646.36  16.830  0.015
56648.34  16.893  0.014
56650.34  17.006  0.014
56652.34  17.143  0.020
56653.34  17.193  0.010
56654.34  17.290  0.011
56657.33  17.503  0.014
56660.30  17.706  0.017
56663.35  17.857  0.018
56665.35  17.946  0.021
56670.36  18.212  0.025
56672.31  18.317  0.027
56681.36  18.670  0.032
56681.36  18.747  0.034
56685.28  18.844  0.025
