SN2009jr 0.016548 306.608460 2.908917
filter Bk
55117.08203  16.836  0.024
55119.11719  16.785  0.026
55120.10156  16.812  0.035
55122.10156  16.823  0.032
55126.08984  16.966  0.032
55127.08984  17.003  0.034
55128.11719  17.081  0.035
55131.07812  17.288  0.050
55136.08203  17.812  0.109
55141.09766  18.278  0.072
55143.09375  18.250  0.097
55145.07031  18.364  0.062
55151.10547  19.131  0.128
55153.07422  19.174  0.161
55158.08203  19.438  0.219
55159.07812  19.399  0.210
filter B_UVOT
55117.08  16.280  0.020
55119.11  16.270  0.030
55119.75  16.370  0.130
55120.10  16.250  0.030
55120.48  16.160  0.110
55122.10  16.250  0.020
55122.14  16.340  0.120
55124.33  16.230  0.120
55126.09  16.340  0.020
55126.19  16.310  0.120
55127.09  16.380  0.030
55128.11  16.460  0.020
55128.33  16.510  0.140
55129.47  16.530  0.150
55131.07  16.500  0.030
55136.08  16.960  0.030
55141.09  17.130  0.030
55143.09  17.200  0.030
55145.07  17.260  0.030
55151.10  17.720  0.080
55153.07  17.700  0.040
55158.07  18.010  0.080
55159.07  18.050  0.080
filter H2m
55120.12109  1207.445  273.213
55122.10938  1574.511  356.270
55125.14844  1841.285  416.634
55126.19922  1873.399  299.368
55128.07031  1857.679  296.856
55132.14062  2041.127  326.171
55133.08984  1432.967  324.243
55134.08984  1331.669  212.800
55136.10156  859.245  194.424
55137.14062  710.052  113.466
55147.07031  964.805  154.175
55153.07031  2158.592  344.942
55155.07812  2010.474  420.401
55156.08984  1544.611  246.828
filter J2m
55120.12109  2161.394  489.067
55122.10938  2838.478  453.587
55125.14844  2305.729  521.726
55126.19922  1901.912  303.925
55128.07031  1374.719  311.063
55131.16016  811.031  183.515
55133.08984  465.153  105.252
55134.08984  445.265  71.153
55135.12109  524.868  118.764
55137.14062  583.336  126.569
55147.07031  397.846  63.576
filter Ks2m
55120.12109  2734.109  618.657
55122.10938  2898.280  655.804
55125.14844  1864.030  421.781
55128.07031  2331.735  527.610
55131.16016  2420.744  547.750
55133.08984  1561.420  471.334
55135.12109  1972.285  446.276
55137.14062  1788.487  404.688
55153.07031  1163.890  379.486
55155.07812  1322.409  299.226
55156.08984  1579.827  357.473
filter U_UVOT
55119.77  17.070  0.140
55120.48  17.030  0.140
55122.14  17.240  0.160
55124.32  17.460  0.180
55126.19  17.800  0.230
55128.33  17.870  0.260
55129.55  17.920  0.260
filter Vk
55117.08203  16.299  0.019
55119.11328  16.282  0.026
55120.09766  16.261  0.028
55122.09766  16.263  0.025
55126.08594  16.361  0.017
55127.08594  16.399  0.029
55128.11328  16.476  0.022
55131.07422  16.524  0.031
55136.08203  16.985  0.033
55141.09375  17.156  0.027
55143.08984  17.223  0.033
55145.06641  17.288  0.032
55151.10156  17.760  0.077
55153.07031  17.737  0.037
55158.07422  18.052  0.082
55159.06641  18.084  0.083
filter V_UVOT
55117.08  16.280  0.020
55119.11  16.270  0.030
55119.75  16.370  0.130
55120.10  16.250  0.030
55120.48  16.160  0.110
55122.10  16.250  0.020
55122.14  16.340  0.120
55124.33  16.230  0.120
55126.09  16.340  0.020
55126.19  16.310  0.120
55127.09  16.380  0.030
55128.11  16.460  0.020
55128.33  16.510  0.140
55129.47  16.530  0.150
55131.07  16.500  0.030
55136.08  16.960  0.030
55141.09  17.130  0.030
55143.09  17.200  0.030
55145.07  17.260  0.030
55151.10  17.720  0.080
55153.07  17.700  0.040
55158.07  18.010  0.080
55159.07  18.050  0.080
filter ik
55117.07422  16.424  0.028
55119.10938  16.437  0.030
55120.09375  16.435  0.029
55122.09375  16.551  0.030
55126.08203  16.656  0.030
55127.08203  16.749  0.043
55128.10938  16.845  0.041
55131.06641  16.950  0.059
55136.07422  17.466  0.086
55141.08594  17.328  0.068
55143.08203  17.266  0.073
55145.05859  17.272  0.029
55151.09375  17.032  0.055
55153.06250  17.081  0.069
55158.06641  17.458  0.180
55159.05859  17.628  0.131
filter rk
55117.07812  16.158  0.021
55119.10938  16.103  0.020
55120.09766  16.100  0.017
55122.09766  16.088  0.019
55126.08203  16.199  0.021
55127.08203  16.235  0.018
55128.10938  16.288  0.017
55136.07422  16.879  0.034
55141.08984  16.912  0.019
55143.08594  16.912  0.037
55145.06250  16.943  0.025
55151.09766  17.130  0.043
55153.06641  17.238  0.084
55158.07031  17.509  0.180
55159.06250  17.449  0.126
filter UVM2
55119.75  19.360  0.100
55120.48  19.150  0.100
55122.15  19.430  0.100
55124.33  19.470  0.100
55126.19  19.530  0.100
55128.33  19.370  0.100
55129.48  19.280  0.100
filter UVW1
55119.77  18.880  0.330
55120.47  18.710  0.340
55122.14  18.900  0.380
55124.32  19.050  0.100
55126.19  19.090  0.100
55128.33  19.000  0.100
55129.55  19.040  0.100
filter UVW2
55119.75  19.390  0.100
55120.48  19.440  0.100
55122.14  19.470  0.100
55124.33  19.490  0.100
55126.19  19.550  0.100
55128.33  19.450  0.100
55129.55  19.350  0.100
