SN2012bl 0.018693 305.980333 -48.354806
filter B
56014.39  15.412  0.005
56015.39  15.369  0.009
56016.38  15.343  0.008
56017.36  15.330  0.006
56018.39  15.332  0.010
56019.37  15.344  0.006
56020.38  15.362  0.007
56021.41  15.377  0.007
56022.41  15.411  0.006
56023.40  15.457  0.008
56024.38  15.509  0.008
56025.39  15.551  0.006
56028.40  15.736  0.006
56029.41  15.804  0.006
56031.40  15.976  0.006
56032.40  16.058  0.006
56033.40  16.144  0.006
56034.43  16.229  0.012
56035.35  16.309  0.009
56036.37  16.412  0.009
56037.38  16.502  0.008
56048.43  17.398  0.013
56049.38  17.445  0.011
56050.42  17.505  0.008
56052.34  17.616  0.012
56053.30  17.682  0.016
56054.39  17.755  0.014
56055.37  17.793  0.014
56056.35  17.850  0.014
56058.41  17.972  0.011
56059.35  17.998  0.011
filter g
56014.42  15.358  0.005
56015.41  15.277  0.009
56016.41  15.265  0.005
56017.39  15.253  0.006
56018.37  15.251  0.006
56018.37  15.250  0.007
56018.38  15.239  0.006
56019.38  15.239  0.005
56020.37  15.249  0.006
56021.39  15.283  0.007
56022.38  15.309  0.005
56023.37  15.330  0.009
56024.35  15.373  0.007
56025.36  15.427  0.005
56028.38  15.587  0.006
56029.40  15.644  0.006
56031.37  15.802  0.005
56032.37  15.857  0.006
56033.37  15.928  0.005
56034.41  15.997  0.006
56035.37  16.066  0.006
56036.40  16.137  0.006
56037.35  16.210  0.005
56048.40  17.011  0.006
56049.41  17.058  0.008
56050.39  17.148  0.006
56052.35  17.278  0.009
56053.31  17.341  0.011
56054.35  17.422  0.011
56055.38  17.484  0.010
56056.35  17.534  0.009
56058.39  17.642  0.009
56059.33  17.685  0.008
filter i
56014.40  16.020  0.006
56015.39  15.996  0.009
56016.39  16.009  0.008
56017.37  16.016  0.009
56018.38  16.052  0.008
56019.38  16.067  0.007
56020.35  16.081  0.007
56021.40  16.131  0.009
56022.40  16.166  0.006
56023.39  16.183  0.009
56024.37  16.240  0.006
56025.38  16.283  0.006
56028.38  16.493  0.009
56029.41  16.589  0.008
56031.39  16.796  0.007
56032.39  16.889  0.007
56033.39  16.955  0.007
56034.43  16.997  0.011
56035.35  17.029  0.009
56036.38  17.023  0.011
56037.37  17.019  0.009
56048.42  16.721  0.007
56049.39  16.694  0.009
56050.41  16.680  0.009
56052.36  16.694  0.009
56053.32  16.701  0.009
56054.37  16.764  0.012
56055.39  16.828  0.011
56056.36  16.888  0.011
56058.38  17.023  0.009
56059.33  17.098  0.008
filter H
56021.39  16.555  0.014
56022.39  16.604  0.014
56028.41  16.821  0.020
56028.41  16.765  0.021
56050.38  16.469  0.018
56050.39  16.451  0.016
56054.41  16.414  0.019
56054.42  16.403  0.019
56058.38  16.629  0.018
56118.24  19.011  0.045
filter r
56014.41  15.470  0.005
56015.40  15.392  0.007
56016.39  15.364  0.006
56017.38  15.327  0.009
56018.38  15.312  0.005
56019.38  15.303  0.006
56020.37  15.283  0.007
56021.40  15.311  0.006
56022.40  15.317  0.005
56023.39  15.340  0.008
56024.37  15.375  0.007
56025.38  15.432  0.005
56028.39  15.601  0.006
56029.40  15.669  0.006
56031.38  15.828  0.005
56032.38  15.900  0.005
56033.39  15.963  0.005
56034.42  16.013  0.007
56035.36  16.053  0.008
56036.38  16.077  0.007
56037.37  16.102  0.006
56048.42  16.202  0.006
56049.39  16.218  0.008
56050.40  16.256  0.006
56052.36  16.346  0.006
56053.32  16.393  0.009
56054.36  16.466  0.010
56055.38  16.529  0.009
56056.36  16.587  0.009
56058.39  16.720  0.008
56059.33  16.780  0.008
filter u
56014.41  15.921  0.009
56015.41  15.892  0.009
56016.40  15.897  0.009
56017.38  15.923  0.010
56018.39  15.956  0.011
56019.37  15.985  0.010
56020.36  16.024  0.044
56021.40  16.072  0.010
56022.39  16.130  0.009
56023.38  16.194  0.011
56024.36  16.264  0.011
56025.37  16.356  0.010
56028.39  16.585  0.012
56029.40  16.671  0.011
56031.37  16.895  0.011
56032.38  16.997  0.010
56033.38  17.119  0.011
56034.42  17.237  0.011
56035.37  17.332  0.012
56036.39  17.442  0.012
56037.36  17.559  0.012
56048.41  18.500  0.017
56049.40  18.562  0.017
56050.40  18.628  0.018
56052.37  18.752  0.027
56053.33  18.798  0.048
56053.33  18.718  0.048
56053.34  18.840  0.057
56054.38  18.858  0.031
56055.40  18.877  0.026
56056.37  18.916  0.030
56058.40  19.056  0.026
56059.34  19.072  0.026
filter V
56014.39  15.413  0.007
56015.38  15.359  0.008
56016.38  15.330  0.008
56017.36  15.290  0.007
56018.40  15.270  0.008
56019.36  15.250  0.008
56020.38  15.248  0.009
56021.41  15.271  0.009
56022.41  15.290  0.007
56023.40  15.310  0.008
56024.38  15.354  0.007
56025.40  15.381  0.007
56028.40  15.538  0.008
56029.41  15.592  0.007
56031.41  15.726  0.007
56032.40  15.785  0.007
56033.41  15.844  0.007
56035.34  15.944  0.007
56036.37  15.995  0.008
56037.39  16.043  0.007
56048.44  16.483  0.012
56049.38  16.547  0.008
56050.42  16.608  0.008
56052.35  16.729  0.009
56053.30  16.776  0.011
56053.31  16.767  0.011
56054.39  16.861  0.010
56055.37  16.916  0.010
56056.35  16.971  0.009
56058.40  17.110  0.009
56059.35  17.167  0.010
filter Y
56021.37  16.539  0.009
56022.41  16.628  0.013
56028.42  17.023  0.011
56050.36  16.029  0.009
56050.37  16.034  0.009
56054.40  15.889  0.014
56058.37  16.020  0.008
56118.20  18.844  0.016
56168.08  19.862  0.079
filter Jrc2
56021.41  16.218  0.016
56022.38  16.317  0.016
56028.39  17.098  0.018
56028.40  17.046  0.018
56050.35  17.176  0.016
56050.36  17.165  0.016
56058.40  17.130  0.013
56118.27  20.130  0.065
