SN2008fu 0.052370 45.618750 -24.455972
filter B
54740.26  18.172  0.016
54744.23  18.669  0.024
54747.26  19.046  0.025
54749.24  19.314  0.035
54752.28  19.620  0.074
54753.29  19.831  0.092
54756.33  20.104  0.093
54759.30  20.496  0.071
filter g
54740.24  18.046  0.011
54744.25  18.417  0.013
54747.24  18.771  0.014
54749.22  19.015  0.016
54751.25  19.295  0.144
54752.29  19.384  0.039
54753.31  19.433  0.056
54756.35  19.812  0.036
54759.28  20.050  0.030
54760.27  20.189  0.036
54765.30  20.547  0.051
54766.30  20.599  0.058
54770.18  20.676  0.053
54772.30  20.787  0.059
filter i
54740.25  18.720  0.026
54744.26  18.990  0.029
54747.25  19.012  0.038
54749.23  18.929  0.030
54752.30  18.822  0.030
54753.33  18.782  0.035
54756.36  18.785  0.020
54759.29  18.953  0.028
54760.28  19.017  0.039
54765.31  19.482  0.042
54766.31  19.574  0.042
54770.19  19.658  0.043
54772.31  19.637  0.055
54776.29  19.869  0.043
54783.27  20.283  0.088
54790.31  20.557  0.072
54793.28  20.961  0.110
filter H
54745.30  19.052  0.073
54745.30  19.228  0.077
54751.33  18.768  0.188
54757.25  18.668  0.058
filter J
54745.29  20.046  0.176
54757.23  18.897  0.043
54757.24  18.957  0.063
filter r
54740.24  17.987  0.011
54744.25  18.273  0.017
54747.24  18.399  0.018
54749.22  18.460  0.018
54751.26  18.504  0.102
54752.30  18.493  0.017
54753.32  18.559  0.028
54753.32  18.514  0.022
54756.36  18.826  0.023
54759.28  19.033  0.021
54760.27  19.113  0.023
54765.31  19.392  0.026
54770.19  19.558  0.025
54772.31  19.640  0.036
54776.28  19.768  0.034
54779.29  19.881  0.034
54783.26  20.074  0.062
54793.27  20.361  0.040
54797.32  20.562  0.055
54817.16  21.240  0.102
filter u
54744.24  19.832  0.034
54747.25  19.968  0.082
54749.23  20.547  0.106
filter V
54740.26  17.956  0.013
54744.23  18.248  0.015
54747.26  18.443  0.016
54749.24  18.632  0.018
54752.27  18.809  0.031
54753.28  19.045  0.049
54753.29  18.881  0.040
54756.32  19.252  0.033
54756.37  19.258  0.028
54759.30  19.559  0.029
54760.29  19.612  0.031
54765.27  19.824  0.058
54765.28  20.038  0.056
54766.27  20.045  0.043
54770.20  19.913  0.057
54772.32  20.235  0.054
54776.25  20.311  0.050
54779.31  20.410  0.049
54783.28  20.620  0.140
54790.27  20.710  0.061
54793.30  20.735  0.064
54797.30  20.707  0.060
54817.18  20.918  0.074
filter Y
54737.34  18.661  0.122
54737.34  18.413  0.108
54741.33  18.703  0.074
54743.32  18.796  0.117
54743.33  18.692  0.090
54748.35  18.871  0.122
54750.31  18.564  0.082
54750.32  18.504  0.072
54767.30  18.815  0.103
54780.29  19.334  0.176
filter Ydw
54745.31  18.921  0.034
54745.32  19.002  0.037
54751.34  18.575  0.049
54757.22  18.163  0.024
54757.23  18.130  0.023
