SN2017erp 0.006174 227.311710 -11.334222
filter B
57919.30000  16.750  0.022
57920.36000  16.328  0.027
57922.35000  15.430  0.018
57924.28000  14.704  0.012
57924.33000  14.796  0.013
57925.27000  14.470  0.012
57926.32000  14.326  0.013
57927.32000  14.185  0.012
57928.31000  14.020  0.012
57929.24000  13.953  0.011
57930.24000  13.864  0.011
57932.28000  13.763  0.010
57933.25000  13.681  0.012
57933.30000  13.737  0.010
57936.30000  13.750  0.013
57937.29000  13.759  0.018
57939.29000  13.895  0.030
57940.28000  13.905  0.023
57941.25000  13.959  0.016
57941.27000  13.947  0.015
57942.24000  14.044  0.017
57943.26000  14.121  0.022
57944.26000  14.193  0.017
57946.26000  14.434  0.016
57947.23000  14.478  0.031
57947.26000  14.529  0.015
57948.26000  14.641  0.016
57949.26000  14.776  0.017
57950.24000  14.905  0.017
57951.24000  15.011  0.020
57952.26000  15.122  0.020
57953.26000  15.218  0.020
57954.26000  15.348  0.023
57955.26000  15.432  0.022
57956.21000  15.504  0.018
57956.26000  15.537  0.023
57957.26000  15.634  0.025
57958.26000  15.753  0.026
57959.21000  15.791  0.021
57959.25000  15.810  0.027
57960.25000  15.900  0.024
57961.25000  16.013  0.025
57962.18000  16.061  0.033
57963.18000  16.131  0.034
57964.22000  16.256  0.032
57965.21000  16.245  0.044
57966.22000  16.362  0.072
57967.22000  16.464  0.066
57970.22000  16.588  0.063
57971.22000  16.603  0.050
57972.22000  16.684  0.060
57973.20000  16.722  0.052
57974.21000  16.775  0.057
57975.21000  16.727  0.045
57976.21000  16.835  0.046
57977.20000  16.866  0.041
57982.18000  16.979  0.051
57983.16000  17.031  0.085
57983.20000  16.902  0.017
57984.16000  17.069  0.089
57985.16000  17.006  0.086
57988.18000  17.000  0.048
filter B_UVOT
57918.27390  17.064  0.073
57919.42360  16.655  0.078
57924.77610  14.545  0.044
57926.82600  14.171  0.043
57928.86040  13.899  0.041
57930.31560  13.790  0.041
57933.40200  13.663  0.041
57935.59390  13.616  0.042
57936.19280  13.644  0.041
57941.27490  13.888  0.042
57944.28320  14.121  0.042
57950.77570  14.871  0.047
57953.30900  15.196  0.050
57955.82530  15.384  0.054
57957.66320  15.701  0.059
57969.87600  16.540  0.064
57976.81440  16.835  0.071
filter Is
57919.30000  16.065  0.027
57920.36000  15.661  0.030
57922.35000  15.005  0.022
57924.28000  14.390  0.011
57924.33000  14.471  0.012
57925.27000  14.181  0.011
57926.32000  14.048  0.012
57927.32000  13.920  0.011
57928.31000  13.774  0.010
57929.24000  13.745  0.013
57930.24000  13.709  0.012
57932.28000  13.702  0.013
57933.25000  13.630  0.010
57933.30000  13.713  0.012
57936.30000  13.762  0.010
57937.29000  13.763  0.012
57940.28000  13.876  0.033
57941.25000  13.898  0.011
57941.27000  13.812  0.011
57942.24000  13.962  0.013
57943.26000  13.996  0.013
57944.26000  14.088  0.013
57946.26000  14.199  0.013
57947.23000  14.089  0.011
57947.26000  14.199  0.012
57948.26000  14.205  0.014
57949.26000  14.216  0.011
57950.24000  14.188  0.012
57951.24000  14.171  0.011
57952.26000  14.172  0.011
57953.26000  14.154  0.011
57954.26000  14.127  0.013
57955.26000  14.113  0.012
57956.21000  14.009  0.012
57956.26000  14.105  0.011
57957.26000  14.080  0.012
57958.26000  14.065  0.013
57959.25000  14.064  0.015
57960.25000  14.058  0.016
57961.25000  14.029  0.013
57962.18000  14.048  0.016
57963.18000  14.040  0.017
57964.22000  14.055  0.016
57965.21000  14.125  0.023
57966.22000  14.057  0.032
57967.22000  14.143  0.032
57970.22000  14.319  0.019
57971.22000  14.416  0.018
57972.22000  14.490  0.019
57973.20000  14.539  0.019
57974.21000  14.632  0.023
57975.21000  14.673  0.020
57976.21000  14.739  0.021
57977.20000  14.813  0.020
57982.18000  15.054  0.021
57983.16000  15.094  0.022
57984.16000  15.118  0.023
57985.16000  15.192  0.025
57988.18000  15.303  0.023
filter Rs
57919.30000  15.982  0.016
57920.36000  15.564  0.019
57922.35000  14.877  0.013
57924.28000  14.343  0.008
57924.33000  14.368  0.009
57925.27000  14.143  0.008
57926.32000  13.971  0.009
57927.32000  13.843  0.009
57928.31000  13.713  0.009
57929.24000  13.648  0.015
57930.24000  13.591  0.012
57932.28000  13.516  0.010
57933.25000  13.439  0.008
57933.30000  13.497  0.009
57936.30000  13.451  0.008
57937.29000  13.415  0.010
57939.29000  13.433  0.028
57940.28000  13.502  0.016
57941.25000  13.552  0.009
57941.27000  13.503  0.009
57942.24000  13.603  0.009
57943.26000  13.662  0.010
57944.26000  13.740  0.011
57946.26000  13.887  0.010
57947.23000  13.919  0.008
57947.26000  13.977  0.009
57948.26000  14.001  0.009
57949.26000  14.059  0.009
57950.24000  14.082  0.008
57951.24000  14.101  0.009
57952.26000  14.120  0.009
57953.26000  14.132  0.010
57954.26000  14.155  0.009
57955.26000  14.175  0.010
57956.21000  14.144  0.010
57956.26000  14.181  0.009
57957.26000  14.197  0.010
57958.26000  14.219  0.010
57959.21000  14.195  0.016
57959.25000  14.236  0.011
57960.25000  14.247  0.012
57961.25000  14.267  0.011
57962.18000  14.301  0.013
57963.18000  14.332  0.014
57964.22000  14.392  0.013
57965.21000  14.443  0.020
57966.22000  14.498  0.018
57967.22000  14.570  0.028
57970.22000  14.763  0.018
57971.22000  14.830  0.015
57972.22000  14.896  0.016
57973.20000  14.944  0.015
57974.21000  15.004  0.019
57975.21000  15.054  0.016
57976.21000  15.092  0.016
57977.20000  15.122  0.016
57982.18000  15.320  0.017
57983.16000  15.333  0.020
57983.20000  15.301  0.015
57984.16000  15.373  0.018
57985.16000  15.410  0.020
57988.18000  15.492  0.021
filter U_UVOT
57918.27290  17.215  0.084
57919.42330  17.107  0.109
57924.77540  14.910  0.053
57926.82570  14.264  0.046
57928.85970  13.867  0.043
57930.31500  13.752  0.043
57933.40100  13.619  0.043
57935.59360  13.670  0.045
57936.19230  13.696  0.044
57941.27430  14.272  0.047
57944.28280  14.547  0.047
57950.77530  15.550  0.064
57953.30850  15.880  0.067
57955.82470  16.155  0.073
57957.66270  16.309  0.072
57969.87490  17.064  0.081
57976.81400  17.311  0.097
filter V
57919.30000  16.087  0.012
57920.36000  15.688  0.016
57922.35000  15.030  0.011
57924.28000  14.516  0.008
57924.33000  14.528  0.008
57925.27000  14.315  0.008
57926.32000  14.150  0.008
57927.32000  14.008  0.007
57928.31000  13.919  0.007
57929.24000  13.833  0.009
57930.24000  13.749  0.012
57932.28000  13.674  0.009
57933.25000  13.605  0.007
57933.30000  13.625  0.007
57936.30000  13.579  0.008
57937.29000  13.566  0.011
57939.29000  13.603  0.023
57940.28000  13.587  0.014
57941.25000  13.635  0.008
57941.27000  13.619  0.009
57942.24000  13.661  0.010
57943.26000  13.717  0.012
57944.26000  13.750  0.011
57946.26000  13.871  0.009
57947.23000  13.866  0.023
57947.26000  13.941  0.009
57948.26000  13.985  0.010
57949.26000  14.069  0.010
57950.24000  14.129  0.009
57951.24000  14.178  0.011
57952.26000  14.240  0.011
57953.26000  14.302  0.010
57954.26000  14.334  0.012
57955.26000  14.388  0.012
57956.21000  14.411  0.015
57956.26000  14.420  0.012
57957.26000  14.472  0.012
57958.26000  14.520  0.013
57959.21000  14.538  0.016
57959.25000  14.580  0.013
57960.25000  14.615  0.014
57961.25000  14.647  0.014
57962.18000  14.685  0.016
57963.18000  14.742  0.017
57964.22000  14.813  0.015
57965.21000  14.878  0.021
57966.22000  14.967  0.023
57967.22000  15.001  0.031
57970.22000  15.173  0.023
57971.22000  15.248  0.019
57972.22000  15.283  0.020
57973.20000  15.331  0.018
57974.21000  15.392  0.023
57975.21000  15.403  0.018
57976.21000  15.448  0.018
57977.20000  15.482  0.019
57982.18000  15.652  0.021
57983.16000  15.671  0.053
57983.20000  15.674  0.020
57984.16000  15.679  0.023
57985.16000  15.743  0.024
57988.18000  15.774  0.023
filter V_UVOT
57918.24570  16.425  0.087
57919.42550  15.912  0.085
57924.77980  14.317  0.053
57926.82790  13.917  0.048
57928.86410  13.725  0.046
57930.31860  13.608  0.045
57933.40680  13.487  0.044
57935.59550  13.505  0.048
57936.16310  13.464  0.044
57941.27810  13.528  0.045
57944.28530  13.579  0.044
57950.77820  14.048  0.048
57953.31170  14.169  0.050
57955.82840  14.341  0.053
57957.66640  14.428  0.055
57969.88210  15.140  0.056
57976.81680  15.480  0.061
filter UVM2
57928.86730  19.238  0.220
57930.32090  18.786  0.206
57933.41450  18.743  0.142
57935.59680  18.681  0.284
57936.16550  18.671  0.150
57941.28040  19.004  0.204
57944.28670  19.262  0.202
57953.31350  19.913  0.317
filter UVW1
57918.27150  18.782  0.184
57919.42270  18.367  0.189
57921.34770  17.635  0.120
57923.20880  17.006  0.094
57924.77410  16.570  0.077
57926.82500  15.875  0.068
57928.85850  15.492  0.062
57930.31400  15.327  0.063
57933.39960  15.213  0.066
57935.59300  15.288  0.083
57936.19140  15.319  0.072
57941.27330  15.706  0.066
57944.28210  16.074  0.065
57950.77440  16.999  0.082
57953.30750  17.273  0.088
57955.82360  17.368  0.097
57957.66160  17.559  0.099
57969.93720  18.309  0.187
57976.81320  18.388  0.141
filter UVW2
57921.85470  18.945  0.205
57922.68520  18.685  0.210
57923.48390  18.356  0.124
57924.77790  18.103  0.125
57926.82700  17.430  0.100
57928.86250  17.070  0.085
57930.31720  16.921  0.086
57933.40440  16.746  0.087
57935.59470  16.810  0.124
57936.16120  16.868  0.083
57941.27650  17.160  0.091
57944.28420  17.439  0.090
57950.77680  18.229  0.122
57953.31020  18.430  0.132
57955.82680  18.830  0.176
57957.66480  19.018  0.185
57969.87890  19.661  0.251
