SN2006mr 0.005867 50.679333 -37.208139
filter B
54046.19  16.048  0.013
54048.31  15.578  0.007
54049.27  15.461  0.015
54052.26  15.508  0.016
54056.23  16.220  0.011
54060.26  16.829  0.028
54065.25  17.221  0.029
54066.32  17.250  0.032
54068.26  17.384  0.029
54071.17  17.521  0.025
54073.22  17.596  0.019
54076.23  17.693  0.022
54080.26  17.805  0.022
54084.19  18.006  0.043
54087.15  18.059  0.045
54092.17  18.199  0.061
54096.18  18.316  0.039
54099.12  18.403  0.024
54100.14  18.428  0.041
54104.24  18.486  0.034
54106.16  18.569  0.030
54108.16  18.636  0.065
54110.10  18.735  0.082
54118.19  18.752  0.038
54123.14  19.081  0.048
54127.19  19.178  0.044
54133.11  19.358  0.067
54143.07  19.686  0.103
54147.08  19.928  0.085
filter g
54046.17  15.808  0.008
54048.32  15.261  0.006
54049.30  15.118  0.010
54052.24  15.048  0.018
54056.25  15.636  0.007
54060.28  16.240  0.016
54065.26  16.645  0.016
54066.34  16.697  0.013
54068.27  16.812  0.017
54071.16  16.955  0.015
54073.23  17.025  0.012
54076.21  17.148  0.010
54080.28  17.259  0.013
54084.16  17.497  0.024
54087.12  17.542  0.032
54096.15  17.873  0.018
54099.14  17.967  0.015
54100.16  17.918  0.014
54104.21  18.048  0.018
54106.14  18.095  0.015
54108.14  18.227  0.027
54110.11  18.240  0.029
54118.17  18.538  0.024
54123.12  18.637  0.027
54127.20  18.846  0.032
54130.06  18.904  0.032
54133.09  18.884  0.033
54136.12  19.067  0.034
filter i
54046.17  15.467  0.009
54048.33  14.951  0.008
54049.30  14.804  0.014
54052.25  14.547  0.016
54056.24  14.528  0.009
54060.29  14.830  0.016
54065.27  15.312  0.015
54066.34  15.434  0.010
54068.27  15.554  0.015
54071.16  15.825  0.019
54073.23  15.945  0.013
54073.24  15.951  0.013
54076.21  16.145  0.015
54080.29  16.377  0.011
54084.17  16.572  0.013
54087.13  16.715  0.026
54092.20  16.947  0.028
54096.16  17.067  0.022
54099.15  17.177  0.019
54100.17  17.227  0.018
54100.18  17.242  0.023
54104.22  17.352  0.023
54106.15  17.437  0.021
54108.15  17.497  0.035
54110.12  17.582  0.034
54118.18  17.725  0.037
54123.13  17.863  0.039
54130.06  18.107  0.040
54133.10  18.168  0.040
54136.13  18.268  0.044
54143.06  18.487  0.058
54147.07  18.635  0.055
filter H
54047.21  14.591  0.019
54049.23  14.425  0.130
54049.23  14.409  0.130
54053.32  13.948  0.015
54053.33  13.929  0.013
54057.17  13.944  0.014
54057.18  13.928  0.015
54063.28  14.434  0.017
54067.30  14.986  0.019
54070.29  15.447  0.032
54072.23  15.616  0.031
54073.26  15.712  0.061
54073.26  15.666  0.061
54090.15  16.901  0.056
54093.20  16.954  0.075
54103.21  17.425  0.116
54107.14  17.669  0.118
54137.13  18.989  0.156
filter J
54047.19  14.662  0.013
54047.19  14.760  0.014
54049.22  14.645  0.032
54049.22  14.591  0.032
54053.30  13.971  0.015
54053.31  14.056  0.015
54057.15  14.134  0.012
54057.16  14.164  0.011
54063.28  14.809  0.018
54067.29  15.546  0.020
54070.28  15.992  0.023
54072.22  16.280  0.026
54073.25  16.424  0.022
54073.25  16.448  0.023
54077.25  16.961  0.051
54082.23  17.293  0.078
54086.22  17.711  0.096
filter r
54046.17  15.480  0.008
54048.32  14.887  0.006
54049.29  14.698  0.012
54056.25  14.504  0.009
54060.29  14.920  0.012
54065.27  15.484  0.012
54066.34  15.577  0.009
54068.27  15.731  0.016
54071.16  15.975  0.014
54073.23  16.123  0.009
54076.21  16.318  0.010
54080.28  16.587  0.011
54084.17  16.824  0.014
54087.12  16.980  0.027
54092.19  17.244  0.031
54096.15  17.593  0.030
54099.15  17.701  0.018
54100.17  17.758  0.021
54104.22  18.014  0.025
54106.15  18.146  0.025
54108.15  18.185  0.037
54118.17  18.969  0.065
54123.12  18.946  0.055
54127.20  19.039  0.055
54127.21  19.290  0.085
54133.10  19.667  0.098
54136.12  19.553  0.078
54147.06  20.204  0.126
filter u
54046.18  16.885  0.022
54048.31  16.691  0.021
54049.28  16.727  0.022
54052.25  17.156  0.024
54056.24  18.044  0.033
54060.27  18.602  0.053
54065.26  18.751  0.052
54066.33  18.782  0.040
54068.26  18.816  0.049
54071.17  18.904  0.051
54073.22  19.124  0.076
54076.22  19.033  0.063
54080.27  19.165  0.057
54084.18  19.281  0.060
54087.14  19.439  0.093
54092.18  19.428  0.070
54096.16  19.648  0.066
54099.13  19.803  0.095
filter V
54046.18  15.565  0.011
54048.30  15.003  0.007
54049.27  14.849  0.018
54052.26  14.622  0.014
54056.24  14.934  0.006
54060.26  15.445  0.027
54065.25  15.927  0.023
54066.31  16.002  0.015
54068.25  16.116  0.022
54071.17  16.310  0.019
54073.21  16.434  0.014
54076.22  16.589  0.016
54080.26  16.797  0.015
54084.19  16.968  0.022
54087.14  17.069  0.045
54092.16  17.275  0.044
54096.17  17.479  0.030
54099.11  17.592  0.016
54100.13  17.572  0.033
54104.23  17.722  0.020
54106.15  17.807  0.022
54108.16  17.903  0.051
54118.18  18.327  0.034
54127.18  18.738  0.060
54133.11  18.917  0.068
54136.13  18.926  0.056
54143.06  19.191  0.129
54147.07  19.491  0.093
filter Y
54045.36  15.305  0.026
54045.36  15.305  0.026
54047.17  14.748  0.015
54047.18  14.731  0.016
54053.28  14.040  0.017
54053.29  14.046  0.018
54057.13  14.024  0.012
54057.13  14.006  0.012
54063.27  14.324  0.022
54067.28  14.677  0.019
54070.27  14.986  0.015
54072.22  15.146  0.026
54077.25  15.571  0.019
54082.23  15.979  0.021
54086.20  16.172  0.022
54090.10  16.379  0.028
54093.18  16.525  0.022
54098.17  16.722  0.026
54103.19  16.885  0.031
54107.09  17.084  0.034
54109.15  17.070  0.036
54111.19  17.279  0.032
54114.15  17.258  0.058
54120.06  17.322  0.077
54124.08  17.494  0.064
filter Ydw
54073.23  15.313  0.031
54073.24  15.328  0.031
