SN2004gs 0.026627 129.596583 17.627722
filter B
53352.35  17.432  0.008
53353.31  17.362  0.007
53356.35  17.281  0.007
53357.29  17.319  0.008
53361.26  17.602  0.009
53362.31  17.724  0.010
53363.29  17.847  0.012
53365.27  18.097  0.021
53372.26  19.077  0.026
53373.30  19.204  0.029
53376.30  19.535  0.018
53377.26  19.614  0.021
53380.29  19.848  0.032
53381.27  19.934  0.031
53383.28  20.053  0.031
53384.25  20.035  0.051
53385.29  20.140  0.022
53386.25  20.162  0.025
53387.27  20.216  0.032
53388.23  20.327  0.040
53389.20  20.348  0.054
53390.22  20.301  0.049
53391.18  20.279  0.073
53398.22  20.355  0.107
53398.23  20.558  0.120
53400.14  20.474  0.058
53403.17  20.576  0.031
53406.21  20.655  0.025
53407.23  20.658  0.049
53408.21  20.730  0.031
53409.21  20.707  0.029
53410.23  20.755  0.031
53411.21  20.792  0.047
53412.20  20.671  0.051
53415.17  20.790  0.027
53416.19  20.864  0.029
53417.15  20.852  0.038
53418.15  20.846  0.050
53419.22  20.833  0.050
53429.09  21.001  0.068
53432.20  21.202  0.083
53444.12  21.335  0.045
53445.12  21.299  0.043
53446.12  21.297  0.065
filter g
53352.36  17.297  0.010
53353.31  17.206  0.006
53356.32  17.115  0.006
53357.26  17.126  0.006
53361.26  17.351  0.009
53362.28  17.431  0.009
53363.30  17.525  0.009
53365.26  17.729  0.015
53369.27  18.079  0.104
53372.24  18.614  0.017
53373.28  18.781  0.018
53376.33  19.095  0.017
53377.24  19.168  0.019
53380.25  19.409  0.031
53381.24  19.498  0.024
53383.25  19.598  0.027
53384.21  19.754  0.084
53385.25  19.803  0.025
53386.22  19.783  0.023
53387.24  19.906  0.034
53388.25  19.853  0.030
53389.22  19.938  0.036
53390.19  19.989  0.076
53391.15  19.988  0.084
53392.19  20.087  0.105
53398.17  20.026  0.069
53398.18  20.253  0.074
53400.15  20.191  0.040
53403.18  20.230  0.020
53406.16  20.304  0.019
53407.18  20.323  0.019
53408.17  20.343  0.019
53409.16  20.348  0.024
53410.18  20.363  0.017
53411.16  20.358  0.021
53412.16  20.380  0.023
53415.18  20.419  0.017
53416.21  20.438  0.021
53417.17  20.459  0.018
53418.17  20.442  0.025
53419.23  20.503  0.021
53420.13  20.491  0.110
53426.11  20.482  0.089
53427.11  20.591  0.067
53429.10  20.669  0.070
53432.21  20.687  0.039
53444.07  20.856  0.025
53445.07  20.955  0.034
53446.07  20.970  0.045
53461.06  21.165  0.038
filter i
53352.37  17.381  0.020
53353.33  17.378  0.009
53356.33  17.397  0.010
53357.27  17.413  0.009
53361.27  17.560  0.012
53362.29  17.646  0.014
53363.30  17.723  0.014
53365.24  17.832  0.017
53372.25  17.869  0.013
53373.29  17.859  0.014
53376.33  17.875  0.014
53377.24  17.884  0.014
53380.26  18.110  0.036
53383.26  18.412  0.049
53384.23  18.484  0.022
53385.26  18.571  0.018
53386.23  18.657  0.019
53387.25  18.764  0.033
53388.26  18.710  0.027
53389.23  18.814  0.031
53390.18  18.947  0.037
53391.14  18.985  0.036
53392.20  18.979  0.051
53398.19  19.235  0.035
53398.20  19.308  0.037
53400.18  19.381  0.030
53403.21  19.472  0.019
53406.18  19.582  0.020
53407.20  19.631  0.022
53408.19  19.668  0.024
53409.18  19.683  0.022
53410.20  19.729  0.026
53411.19  19.757  0.032
53412.18  19.872  0.032
53415.21  19.900  0.022
53417.19  19.989  0.026
53418.19  20.001  0.034
53419.26  19.997  0.045
53420.17  20.099  0.047
53425.13  20.221  0.113
53426.13  20.262  0.065
53427.13  20.420  0.079
53432.23  20.453  0.073
53444.10  20.941  0.061
53445.10  20.876  0.060
53446.09  21.025  0.083
53461.09  21.384  0.094
filter H
53363.30  17.741  0.042
53366.30  17.787  0.046
53366.30  17.831  0.046
53374.27  17.576  0.040
53374.27  17.653  0.043
53375.27  17.726  0.042
53385.26  18.189  0.052
filter J
53362.30  17.933  0.030
53362.31  17.921  0.030
53363.31  17.990  0.031
53363.31  18.063  0.035
53366.28  18.322  0.039
53366.29  18.257  0.035
53374.25  18.271  0.040
53374.26  18.257  0.037
53375.25  18.158  0.031
53375.26  18.245  0.036
53385.24  18.630  0.046
53385.25  18.602  0.040
53388.23  18.859  0.056
53388.23  18.936  0.052
53404.21  20.210  0.110
filter r
53352.36  17.203  0.009
53353.33  17.119  0.006
53356.33  17.009  0.006
53357.27  17.000  0.007
53361.27  17.058  0.009
53362.29  17.121  0.009
53363.30  17.177  0.009
53365.25  17.288  0.011
53372.25  17.612  0.009
53373.28  17.661  0.009
53376.32  17.822  0.010
53377.23  17.846  0.011
53380.26  18.173  0.023
53383.26  18.426  0.021
53384.21  18.507  0.024
53385.25  18.556  0.013
53386.23  18.615  0.014
53387.24  18.663  0.017
53388.26  18.711  0.017
53389.23  18.752  0.018
53390.19  18.772  0.026
53391.15  18.854  0.029
53392.20  18.869  0.033
53393.24  18.887  0.063
53394.23  18.996  0.057
53398.18  19.104  0.027
53398.19  19.118  0.027
53400.17  19.165  0.015
53403.19  19.260  0.011
53406.17  19.379  0.013
53407.19  19.362  0.014
53408.18  19.430  0.014
53409.17  19.460  0.012
53410.19  19.519  0.013
53411.17  19.563  0.017
53412.17  19.580  0.020
53415.20  19.687  0.014
53416.22  19.716  0.016
53417.18  19.759  0.016
53418.18  19.812  0.019
53419.24  19.840  0.019
53420.14  19.790  0.095
53425.12  19.951  0.064
53426.12  20.062  0.056
53427.12  20.115  0.045
53429.12  20.193  0.073
53432.22  20.285  0.036
53444.08  20.648  0.031
53445.09  20.745  0.032
53446.08  20.802  0.045
53461.07  21.378  0.065
filter u
53352.35  18.164  0.044
53353.32  18.081  0.016
53356.34  18.139  0.018
53357.28  18.226  0.016
53361.28  18.739  0.021
53362.30  18.878  0.025
53363.29  18.974  0.031
53365.25  19.238  0.078
53372.26  20.207  0.091
53373.29  20.591  0.131
53376.31  20.810  0.084
53377.22  20.790  0.176
53377.27  20.906  0.100
53380.27  20.959  0.185
53383.27  21.043  0.136
53384.24  21.141  0.114
53385.26  21.216  0.087
53386.24  21.151  0.079
53387.25  21.164  0.130
53388.24  21.239  0.143
filter V
53352.33  17.271  0.094
53352.34  17.314  0.009
53353.30  17.241  0.007
53356.34  17.098  0.008
53357.28  17.075  0.009
53361.25  17.158  0.010
53362.30  17.199  0.009
53363.28  17.272  0.011
53365.27  17.393  0.014
53372.26  18.000  0.013
53373.30  18.092  0.014
53376.29  18.337  0.014
53377.25  18.392  0.015
53380.28  18.665  0.036
53381.26  18.718  0.027
53383.28  18.883  0.022
53384.22  18.974  0.037
53385.27  19.024  0.019
53386.24  19.065  0.021
53387.26  19.095  0.026
53388.22  19.220  0.029
53389.19  19.230  0.030
53390.21  19.281  0.028
53391.18  19.257  0.041
53392.18  19.213  0.092
53393.22  19.370  0.134
53394.25  19.392  0.075
53398.21  19.537  0.045
53398.21  19.494  0.045
53400.13  19.562  0.033
53403.15  19.638  0.017
53406.20  19.713  0.016
53407.22  19.748  0.023
53408.20  19.785  0.017
53409.20  19.807  0.021
53410.22  19.847  0.019
53411.20  19.832  0.022
53412.19  19.863  0.024
53415.16  19.964  0.017
53416.18  20.000  0.018
53417.14  20.059  0.028
53418.14  20.031  0.027
53419.21  20.032  0.030
53420.18  20.121  0.054
53421.18  20.046  0.111
53425.14  20.309  0.131
53426.15  20.267  0.078
53427.15  20.164  0.067
53428.08  20.323  0.147
53429.08  20.362  0.040
53432.18  20.345  0.044
53444.11  20.570  0.029
53445.11  20.688  0.033
53446.11  20.668  0.050
53461.03  21.026  0.057
filter Ydw
53362.25  17.645  0.029
53362.29  17.663  0.030
53363.32  17.638  0.021
53363.33  17.681  0.024
53366.26  17.637  0.044
53366.27  17.774  0.045
53374.28  17.357  0.019
53374.29  17.378  0.019
53375.29  17.297  0.020
53375.29  17.284  0.019
53385.28  17.495  0.019
53385.28  17.522  0.021
53388.26  17.728  0.019
53388.27  17.761  0.020
53393.25  18.040  0.021
53404.19  18.598  0.031
53404.19  18.602  0.028
