SN2011iv 0.006490 54.713917 -35.592222
filter B
55902.19  12.606  0.012
55902.19  12.611  0.013
55903.08  12.551  0.009
55903.22  12.536  0.009
55904.15  12.524  0.017
55904.15  12.528  0.014
55904.15  12.523  0.014
55905.21  12.502  0.014
55905.21  12.495  0.012
55906.22  12.503  0.014
55906.22  12.514  0.013
55907.16  12.518  0.012
55907.16  12.525  0.011
55915.10  13.336  0.012
55916.14  13.528  0.009
55917.12  13.720  0.011
55918.10  13.867  0.009
55924.10  14.669  0.013
55925.06  14.762  0.011
55926.04  14.867  0.011
55928.06  15.032  0.009
55929.07  14.999  0.010
55930.09  15.185  0.009
55931.08  15.251  0.010
55932.09  15.305  0.012
55933.09  15.361  0.012
55934.07  15.397  0.012
55935.07  15.432  0.010
55937.05  15.511  0.011
55938.07  15.544  0.015
55939.06  15.571  0.013
55940.06  15.587  0.012
55941.06  15.595  0.010
55942.04  15.628  0.012
55943.09  15.646  0.010
55949.06  15.771  0.013
55953.14  15.838  0.012
55955.13  15.864  0.013
55957.14  15.920  0.010
55962.09  15.988  0.010
55963.16  15.996  0.010
55965.15  16.029  0.011
55967.14  16.068  0.010
55969.10  16.088  0.010
55972.14  16.117  0.011
55981.12  16.255  0.011
55985.08  16.309  0.011
55994.09  16.487  0.014
55997.04  16.514  0.012
56001.08  16.578  0.012
56004.09  16.619  0.012
56006.08  16.666  0.013
56008.02  16.696  0.015
56013.02  16.783  0.013
56016.02  16.860  0.013
56019.00  16.937  0.013
56031.01  17.048  0.016
filter g
55902.18  12.556  0.014
55902.18  12.564  0.014
55903.09  12.491  0.013
55903.23  12.492  0.013
55903.23  12.491  0.013
55904.17  12.434  0.017
55905.19  12.414  0.014
55905.19  12.419  0.014
55906.23  12.478  0.021
55906.23  12.459  0.014
55907.17  12.420  0.014
55907.17  12.424  0.014
55917.13  13.343  0.014
55918.11  13.453  0.012
55925.08  14.295  0.013
55926.05  14.384  0.013
55928.07  14.556  0.013
55928.07  14.603  0.013
55929.07  14.538  0.013
55930.10  14.742  0.013
55931.08  14.764  0.012
55932.08  14.896  0.017
55933.08  14.924  0.014
55934.08  14.968  0.016
55935.07  14.993  0.014
55937.07  15.087  0.013
55939.08  15.126  0.015
55940.09  15.155  0.015
55941.07  15.179  0.016
55942.06  15.197  0.016
55943.06  15.219  0.013
55949.07  15.355  0.016
55953.11  15.392  0.015
55955.10  15.438  0.020
55957.11  15.488  0.016
55962.11  15.591  0.016
55963.14  15.610  0.016
55965.18  15.626  0.019
55967.16  15.662  0.012
55969.11  15.676  0.019
55972.12  15.714  0.020
55981.09  15.850  0.020
55985.05  15.921  0.020
55991.10  16.075  0.014
55994.05  16.146  0.023
55997.05  16.138  0.019
56001.06  16.222  0.018
56004.06  16.276  0.017
56006.05  16.305  0.021
56008.00  16.368  0.025
56013.05  16.452  0.018
56016.06  16.504  0.015
56019.02  16.567  0.017
56025.99  16.690  0.015
56032.00  16.889  0.016
filter i
55902.17  12.966  0.010
55903.09  12.951  0.008
55903.23  12.952  0.008
55904.16  12.961  0.012
55904.16  12.950  0.012
55905.20  13.015  0.014
55906.23  13.038  0.013
55906.23  13.010  0.017
55907.17  12.990  0.011
55907.18  13.002  0.017
55908.23  13.053  0.017
55909.18  13.040  0.017
55910.18  13.047  0.017
55911.13  13.142  0.017
55912.17  13.116  0.017
55915.08  13.205  0.017
55916.13  13.206  0.008
55917.13  13.188  0.009
55918.11  13.174  0.008
55924.10  13.268  0.016
55925.07  13.280  0.012
55926.04  13.317  0.013
55928.10  13.473  0.009
55929.08  13.526  0.013
55930.10  13.669  0.008
55931.08  13.702  0.007
55932.07  13.817  0.012
55933.08  13.870  0.010
55934.08  13.936  0.014
55935.08  14.020  0.008
55937.05  14.216  0.016
55938.08  14.167  0.017
55939.07  14.180  0.017
55940.06  14.287  0.017
55941.06  14.282  0.017
55942.05  14.291  0.017
55943.05  14.451  0.010
55949.08  14.679  0.014
55953.13  14.805  0.017
55955.12  14.808  0.017
55957.13  14.988  0.009
55962.10  15.140  0.015
55963.15  15.137  0.018
55965.16  15.269  0.016
55967.14  15.318  0.015
55969.12  15.368  0.018
55972.13  15.486  0.016
55981.11  15.775  0.016
55985.06  15.909  0.018
55991.12  16.078  0.011
55994.06  16.198  0.016
55997.06  16.265  0.019
56001.08  16.359  0.021
56004.08  16.465  0.018
56006.07  16.542  0.017
56007.99  16.574  0.020
56013.03  16.625  0.023
56016.03  16.710  0.025
56019.03  16.750  0.017
56024.03  16.909  0.020
56026.00  16.928  0.015
filter H
55902.18  13.043  0.081
55903.09  12.978  0.078
55906.16  13.004  0.079
55907.26  13.076  0.078
55908.26  13.118  0.078
55909.16  13.148  0.080
55910.13  13.149  0.078
55910.17  13.226  0.078
55911.15  13.305  0.080
55912.22  13.297  0.081
55913.13  13.451  0.083
55914.16  13.413  0.082
55915.12  13.439  0.080
55927.04  12.847  0.078
55928.05  12.906  0.078
55929.05  12.990  0.078
55931.05  13.183  0.078
56001.05  16.599  0.083
filter r
55902.17  12.636  0.008
55902.17  12.666  0.009
55903.09  12.611  0.007
55903.23  12.587  0.007
55903.23  12.609  0.009
55904.16  12.562  0.011
55904.16  12.551  0.009
55905.20  12.529  0.011
55905.20  12.534  0.011
55906.23  12.510  0.010
55906.23  12.511  0.010
55907.17  12.480  0.009
55907.17  12.480  0.009
55916.13  12.874  0.010
55917.13  12.907  0.009
55918.11  12.930  0.006
55924.10  13.197  0.012
55925.07  13.284  0.010
55926.04  13.349  0.012
55928.10  13.586  0.012
55930.10  13.739  0.010
55931.07  13.798  0.009
55932.08  13.903  0.013
55933.08  13.968  0.014
55934.08  14.032  0.015
55935.08  14.088  0.009
55937.06  14.206  0.012
55939.07  14.283  0.016
55940.08  14.338  0.016
55941.06  14.398  0.017
55942.05  14.420  0.017
55949.08  14.700  0.020
55953.12  14.800  0.016
55957.13  14.940  0.016
55962.10  15.102  0.014
55963.15  15.155  0.015
55965.16  15.208  0.015
55967.15  15.299  0.016
55969.12  15.396  0.022
55972.13  15.547  0.030
55981.11  15.797  0.022
55985.06  15.972  0.029
55991.11  16.140  0.013
55994.06  16.268  0.018
55997.06  16.376  0.022
56001.07  16.490  0.021
filter u
55902.18  12.993  0.023
55902.18  13.002  0.017
55902.18  12.994  0.016
55903.08  12.961  0.015
55903.22  12.957  0.015
55903.22  12.946  0.014
55904.16  12.971  0.029
55904.17  12.967  0.024
55904.17  12.962  0.021
55905.20  13.007  0.023
55905.20  12.996  0.017
55905.21  13.012  0.018
55905.21  13.001  0.016
55906.23  13.091  0.025
55906.24  13.070  0.020
55906.24  13.054  0.018
55907.18  13.147  0.021
55907.18  13.145  0.020
55907.18  13.146  0.017
55915.09  14.406  0.018
55916.13  14.647  0.013
55917.12  14.890  0.015
55918.10  15.098  0.013
55922.12  15.742  0.016
55923.08  15.841  0.016
55924.08  15.939  0.015
55925.08  16.009  0.013
55926.05  16.104  0.015
55928.08  16.248  0.018
55928.09  16.239  0.019
55928.11  16.227  0.015
55931.08  16.418  0.016
55932.08  16.481  0.016
55933.08  16.508  0.016
55934.08  16.561  0.016
55935.08  16.598  0.016
55937.06  16.669  0.014
55938.09  16.691  0.016
55939.08  16.737  0.016
55940.09  16.762  0.017
55941.07  16.802  0.016
55942.06  16.805  0.018
55943.07  16.836  0.016
55949.08  16.995  0.018
55949.10  16.993  0.016
55953.12  17.088  0.017
55955.11  17.126  0.018
55957.12  17.184  0.019
55962.12  17.302  0.018
55963.17  17.301  0.021
55965.17  17.338  0.023
55967.16  17.382  0.023
55969.13  17.502  0.019
55972.14  17.576  0.020
55981.10  17.811  0.021
55985.07  17.910  0.020
55991.10  17.998  0.040
55994.07  18.113  0.042
55997.07  18.195  0.027
56001.07  18.400  0.027
56004.07  18.491  0.033
56006.06  18.525  0.033
56008.00  18.556  0.028
56019.01  18.845  0.049
filter V
55902.19  12.646  0.010
55902.19  12.653  0.009
55903.08  12.581  0.007
55903.21  12.582  0.010
55903.22  12.586  0.008
55904.14  12.530  0.013
55904.14  12.535  0.010
55904.14  12.531  0.009
55905.21  12.489  0.012
55905.22  12.493  0.012
55905.22  12.501  0.011
55906.22  12.487  0.013
55906.22  12.473  0.009
55907.16  12.441  0.009
55907.17  12.441  0.008
55915.10  12.731  0.011
55916.14  12.856  0.008
55917.12  12.951  0.008
55918.11  13.043  0.007
55925.06  13.621  0.009
55926.03  13.702  0.007
55928.05  13.891  0.007
55928.06  13.891  0.007
55930.11  14.076  0.007
55931.08  14.142  0.008
55932.08  14.217  0.012
55933.09  14.250  0.009
55934.08  14.313  0.010
55935.07  14.381  0.009
55937.05  14.448  0.007
55940.05  14.549  0.011
55941.05  14.571  0.015
55943.08  14.636  0.010
55949.07  14.805  0.013
55949.07  14.795  0.010
55953.14  14.917  0.010
55955.14  14.960  0.016
55957.14  15.020  0.008
55962.09  15.134  0.010
55963.16  15.163  0.008
55967.13  15.276  0.008
55969.11  15.320  0.011
55972.15  15.368  0.011
55981.12  15.596  0.009
55985.08  15.699  0.011
55994.08  15.954  0.012
55997.05  16.003  0.012
56001.09  16.091  0.012
56004.09  16.151  0.009
56006.08  16.222  0.013
56008.01  16.235  0.019
56013.02  16.388  0.012
56016.02  16.438  0.014
56019.00  16.463  0.010
filter Y
55902.19  12.943  0.073
55903.07  12.970  0.073
55906.15  13.157  0.073
55907.27  13.213  0.073
55908.20  13.260  0.073
55908.25  13.248  0.073
55909.12  13.285  0.073
55909.13  13.318  0.073
55910.15  13.292  0.073
55912.22  13.339  0.073
55913.12  13.351  0.074
55914.15  13.319  0.074
55915.13  13.262  0.073
55927.03  12.610  0.073
55927.05  12.592  0.073
55929.03  12.636  0.073
55930.03  12.698  0.073
55931.06  12.746  0.073
55992.09  16.212  0.073
56001.05  16.540  0.073
56020.98  16.974  0.076
56021.99  17.218  0.074
filter Jrc2
55902.22  12.967  0.042
55903.10  12.866  0.041
55906.17  12.925  0.045
55907.25  13.073  0.042
55908.27  13.182  0.042
55909.17  13.178  0.058
55910.15  13.318  0.042
55911.15  13.505  0.042
55912.20  13.760  0.043
55913.14  13.989  0.045
55914.16  14.106  0.045
55915.13  14.120  0.042
55927.05  13.585  0.042
55928.07  13.546  0.042
55929.06  13.626  0.041
55931.05  13.770  0.043
55992.05  17.861  0.053
56022.01  18.806  0.077
