SN2018gv 0.005270 121.394210 -11.437861
filter B
58142.37000  13.348  0.009
58145.34000  13.033  0.028
58146.34000  13.010  0.007
58146.39000  12.960  0.063
58147.31000  13.036  0.065
58152.29000  12.994  0.011
58153.31000  13.015  0.010
58154.42000  13.039  0.010
58156.34000  13.144  0.008
58157.27000  13.240  0.039
58158.29000  13.269  0.020
58159.25000  13.329  0.012
58160.37000  13.424  0.015
58162.30000  13.600  0.010
58163.25000  13.713  0.013
58164.32000  13.801  0.011
58165.26000  13.917  0.016
58165.42000  13.884  0.008
58166.25000  14.030  0.013
58167.23000  14.122  0.038
58171.32000  14.589  0.022
58175.25000  14.956  0.036
58177.26000  15.279  0.040
58182.24000  15.576  0.040
58183.26000  15.618  0.377
58184.23000  15.657  0.037
58185.21000  15.736  0.041
58186.29000  15.714  0.324
58188.24000  15.870  0.028
58189.22000  15.934  0.301
58196.28000  16.072  0.040
58204.21000  16.210  0.050
58205.21000  16.165  0.051
58206.20000  16.180  0.047
58207.22000  16.184  0.065
58207.27000  16.162  0.025
58208.22000  16.094  0.157
58209.15000  16.255  0.048
58210.14000  16.274  0.077
58210.25000  16.217  0.016
58211.17000  16.305  0.057
58212.19000  16.317  0.048
58217.16000  16.342  0.034
58219.23000  16.377  0.255
58222.19000  16.435  0.028
58223.19000  16.320  0.184
58226.23000  16.299  0.274
58227.22000  16.503  0.053
58228.22000  16.562  0.106
58229.21000  16.512  0.180
58229.24000  16.494  0.034
58230.21000  16.525  0.065
58231.20000  16.578  0.331
58232.19000  16.513  0.059
58234.20000  16.572  0.021
58234.20000  16.584  0.073
58235.20000  16.503  0.172
58236.20000  16.657  0.086
58239.20000  16.656  0.174
58240.20000  16.689  0.141
58241.21000  16.659  0.112
58242.21000  16.682  0.190
58246.23000  16.686  0.089
58247.22000  16.790  0.143
58252.20000  16.804  0.076
58253.20000  16.741  0.090
filter Is
58142.37000  13.362  0.013
58145.34000  13.176  0.009
58146.34000  13.167  0.349
58147.31000  13.180  0.162
58152.29000  13.299  0.020
58153.31000  13.346  0.014
58154.42000  13.375  0.013
58156.34000  13.494  0.017
58157.27000  13.569  0.025
58158.29000  13.626  0.035
58159.25000  13.703  0.014
58160.37000  13.791  0.024
58162.30000  13.924  0.020
58163.25000  13.971  0.021
58164.32000  13.989  0.035
58165.26000  13.996  0.016
58166.25000  13.989  0.017
58167.23000  13.965  0.047
58171.32000  13.863  0.046
58175.25000  13.758  0.026
58177.26000  13.767  0.034
58182.24000  13.756  0.017
58183.26000  13.791  0.017
58184.23000  13.852  0.020
58185.21000  13.885  0.023
58186.29000  14.005  0.202
58188.24000  14.115  0.024
58189.22000  14.252  0.072
58196.28000  14.585  0.027
58204.21000  15.013  0.046
58205.21000  15.050  0.084
58206.20000  15.100  0.037
58207.22000  15.153  0.035
58207.27000  15.053  0.013
58208.22000  15.251  0.082
58209.15000  15.241  0.042
58210.14000  15.273  0.042
58210.25000  15.198  0.013
58211.17000  15.325  0.056
58212.19000  15.377  0.088
58217.16000  15.596  0.038
58219.23000  15.683  0.221
58222.19000  15.798  0.037
58227.22000  15.965  0.061
58228.22000  16.066  0.086
58229.21000  16.085  0.082
58229.24000  16.011  0.036
58230.21000  16.082  0.073
58231.20000  16.207  0.077
58232.19000  16.113  0.108
58234.20000  16.153  0.030
58234.20000  16.339  0.102
58235.20000  16.370  0.152
58236.20000  16.322  0.094
58239.20000  16.549  0.121
58240.20000  16.471  0.138
58241.21000  16.537  0.128
58242.21000  16.471  0.132
58246.23000  16.815  0.169
58247.22000  16.678  0.258
58252.20000  16.794  0.162
58253.20000  17.028  0.185
filter Rs
58142.37000  13.304  0.012
58145.34000  13.052  0.008
58146.34000  12.998  0.008
58147.31000  13.079  0.040
58152.29000  12.982  0.312
58153.31000  12.966  0.047
58154.42000  12.954  0.007
58156.34000  13.050  0.009
58157.27000  13.132  0.030
58158.29000  13.170  0.011
58159.25000  13.254  0.056
58160.37000  13.336  0.014
58162.30000  13.498  0.061
58163.25000  13.562  0.018
58164.32000  13.609  0.010
58165.26000  13.663  0.030
58165.42000  13.634  0.012
58166.25000  13.684  0.010
58167.23000  13.734  0.053
58171.32000  13.729  0.055
58175.25000  13.763  0.025
58177.26000  13.889  0.029
58182.24000  14.007  0.016
58183.26000  14.080  0.028
58184.23000  14.135  0.020
58185.21000  14.201  0.037
58186.29000  14.178  0.203
58188.24000  14.411  0.062
58189.22000  14.435  0.047
58196.28000  14.758  0.025
58204.21000  15.061  0.034
58205.21000  15.053  0.069
58206.20000  15.163  0.066
58207.22000  15.166  0.064
58207.27000  15.132  0.012
58208.22000  15.166  0.098
58209.15000  15.196  0.048
58210.14000  15.256  0.048
58210.25000  15.234  0.013
58211.17000  15.278  0.030
58212.19000  15.321  0.034
58217.16000  15.469  0.037
58219.23000  15.531  0.159
58222.19000  15.653  0.048
58223.19000  15.594  0.212
58226.23000  15.673  0.349
58227.22000  15.758  0.309
58228.22000  15.818  0.054
58229.21000  15.863  0.051
58229.24000  15.855  0.028
58230.21000  15.861  0.068
58231.20000  15.934  0.055
58232.19000  15.871  0.070
58234.20000  15.981  0.022
58234.20000  16.008  0.064
58235.20000  16.015  0.099
58236.20000  16.048  0.072
58239.20000  16.205  0.089
58240.20000  16.175  0.077
58241.21000  16.235  0.079
58242.21000  16.207  0.081
58246.23000  16.339  0.111
58247.22000  16.440  0.178
58252.20000  16.550  0.075
58253.20000  16.555  0.082
filter V
58142.37000  13.412  0.006
58145.34000  13.115  0.011
58146.34000  13.047  0.007
58146.39000  13.383  0.010
58147.31000  13.003  0.078
58152.29000  12.962  0.021
58153.31000  12.946  0.040
58154.42000  12.943  0.006
58156.34000  13.014  0.007
58157.27000  13.101  0.031
58158.29000  13.106  0.027
58159.25000  13.157  0.022
58160.37000  13.216  0.012
58162.30000  13.332  0.029
58163.25000  13.400  0.011
58164.32000  13.475  0.012
58165.26000  13.543  0.056
58165.42000  13.508  0.010
58166.25000  13.576  0.009
58167.23000  13.677  0.054
58171.32000  13.833  0.050
58175.25000  13.993  0.017
58177.26000  14.128  0.034
58182.24000  14.349  0.017
58183.26000  14.388  0.034
58184.23000  14.454  0.021
58185.21000  14.484  0.019
58186.29000  14.614  0.102
58188.24000  14.686  0.028
58189.22000  14.769  0.290
58196.28000  15.008  0.025
58204.21000  15.261  0.027
58205.21000  15.278  0.037
58206.20000  15.277  0.052
58207.22000  15.333  0.026
58207.27000  15.359  0.013
58208.22000  15.383  0.054
58209.15000  15.398  0.029
58210.14000  15.463  0.051
58210.25000  15.437  0.012
58211.17000  15.431  0.022
58212.19000  15.490  0.039
58217.16000  15.612  0.024
58219.23000  15.617  0.151
58222.19000  15.733  0.031
58223.19000  15.799  0.077
58226.23000  15.785  0.397
58227.22000  15.841  0.060
58228.22000  15.911  0.050
58229.21000  15.920  0.042
58229.24000  15.968  0.023
58230.21000  15.948  0.221
58231.20000  16.012  0.100
58232.19000  15.967  0.054
58234.20000  16.019  0.055
58234.20000  16.050  0.018
58235.20000  16.093  0.128
58236.20000  16.068  0.053
58239.20000  16.140  0.064
58240.20000  16.167  0.063
58241.21000  16.207  0.064
58242.21000  16.254  0.067
58246.23000  16.283  0.067
58247.22000  16.262  0.088
58252.20000  16.464  0.068
58253.20000  16.493  0.074
