SN2006hx 0.045463 18.488792 0.371667
filter B
54012.16  18.352  0.044
54013.15  18.291  0.028
54024.17  17.737  0.009
54028.22  17.867  0.014
54036.19  18.638  0.018
54038.15  18.839  0.028
54040.16  19.122  0.033
54052.21  20.059  0.062
54060.09  20.836  0.093
filter g
54012.17  18.385  0.066
54013.17  18.181  0.019
54024.17  17.512  0.022
54028.23  17.794  0.019
54036.20  18.424  0.018
54038.16  18.608  0.019
54040.17  18.720  0.020
54049.14  19.665  0.032
54052.19  19.910  0.029
54060.10  20.263  0.039
54080.09  20.579  0.058
filter i
54013.18  18.106  0.027
54028.24  18.016  0.032
54036.21  18.426  0.045
54038.17  18.587  0.036
54040.18  18.537  0.040
54052.20  18.480  0.030
54060.12  18.977  0.028
54066.18  19.163  0.057
filter H
54013.29  18.105  0.072
54013.30  17.977  0.063
54037.20  18.620  0.073
54037.21  18.529  0.071
54040.20  18.435  0.069
54040.20  18.417  0.064
54048.22  17.976  0.064
54048.23  18.056  0.070
filter J
54013.28  18.021  0.028
54013.28  17.929  0.025
54037.17  19.256  0.058
54037.18  19.308  0.063
54048.20  18.604  0.039
54048.21  18.663  0.042
filter r
54013.17  18.386  0.034
54028.24  17.585  0.018
54036.21  18.005  0.017
54038.17  18.043  0.018
54040.17  18.107  0.026
54049.14  18.517  0.044
54052.19  18.678  0.034
54060.11  18.915  0.038
54066.17  19.336  0.049
54080.09  19.869  0.061
filter u
54012.16  18.700  0.065
54013.16  18.328  0.050
54024.17  18.505  0.024
54028.22  18.939  0.036
54036.19  19.904  0.068
filter V
54012.15  18.208  0.036
54013.15  18.051  0.020
54024.17  17.589  0.020
54028.21  17.639  0.011
54036.18  18.043  0.014
54038.14  18.166  0.017
54040.15  18.408  0.033
54049.12  19.012  0.041
54052.21  19.109  0.026
54060.08  19.480  0.038
filter Ydw
54013.26  18.116  0.034
54013.26  18.116  0.036
54037.20  18.583  0.038
54040.16  18.385  0.035
54040.17  18.346  0.035
54048.18  17.845  0.033
54048.19  17.862  0.034
