SN2007nq 0.045000 14.389875 -1.388611
filter B
54397.16  17.557  0.014
54400.16  17.617  0.017
54403.09  17.732  0.009
54407.25  18.151  0.016
54409.15  18.423  0.014
54411.11  18.725  0.013
54413.12  19.036  0.021
54417.16  19.569  0.024
54421.13  20.066  0.036
54422.14  20.106  0.051
54423.10  20.234  0.065
54427.15  20.597  0.187
54430.13  20.693  0.166
54435.07  20.737  0.045
54440.11  20.906  0.050
54443.15  20.899  0.080
54445.11  20.962  0.059
54449.09  21.120  0.093
54466.06  21.239  0.070
54468.07  21.266  0.074
54472.04  21.344  0.091
filter g
54397.13  17.437  0.013
54400.17  17.432  0.010
54403.10  17.561  0.007
54407.23  17.922  0.008
54409.13  18.102  0.009
54411.12  18.373  0.009
54413.13  18.662  0.011
54417.15  19.188  0.014
54421.11  19.599  0.023
54422.12  19.734  0.029
54423.12  19.838  0.034
54427.16  20.089  0.086
54430.11  20.260  0.073
54435.05  20.345  0.024
54440.08  20.474  0.024
54443.16  20.508  0.042
54445.12  20.613  0.030
54449.07  20.684  0.043
54455.06  20.751  0.111
54456.06  20.766  0.119
54466.06  20.884  0.045
54468.05  20.951  0.046
54476.06  21.066  0.058
filter i
54397.14  17.918  0.018
54400.18  17.954  0.017
54403.11  18.029  0.013
54407.24  18.455  0.016
54409.13  18.572  0.019
54411.13  18.588  0.017
54413.14  18.484  0.020
54417.14  18.356  0.016
54421.11  18.433  0.016
54422.13  18.491  0.018
54423.13  18.638  0.021
54427.17  18.926  0.035
54430.11  19.085  0.029
54435.06  19.420  0.028
54440.09  19.727  0.032
54443.17  19.751  0.058
54445.13  19.811  0.035
54449.08  20.008  0.038
54455.07  20.275  0.100
54456.07  20.341  0.083
54457.07  20.281  0.088
54458.05  20.322  0.079
54466.07  20.752  0.074
54468.06  20.658  0.073
54476.07  21.167  0.122
filter H
54402.21  18.058  0.177
54421.13  18.059  0.054
54427.19  18.596  0.068
filter J
54399.19  17.777  0.101
54402.19  18.176  0.113
54402.20  18.359  0.101
54421.14  18.453  0.030
54421.15  18.550  0.029
54424.19  18.331  0.193
54424.20  18.512  0.192
54427.18  18.902  0.046
54427.19  18.986  0.043
filter r
54397.14  17.496  0.013
54400.18  17.442  0.010
54403.11  17.496  0.009
54407.24  17.772  0.009
54409.13  17.887  0.012
54411.12  17.996  0.010
54413.14  18.055  0.009
54417.15  18.201  0.010
54421.11  18.435  0.012
54422.12  18.535  0.012
54423.12  18.608  0.014
54427.16  18.950  0.030
54430.12  19.134  0.027
54435.05  19.316  0.015
54440.09  19.457  0.018
54443.17  19.559  0.029
54445.13  19.636  0.019
54449.07  19.785  0.031
54455.06  19.970  0.058
54456.07  19.999  0.062
54457.07  19.975  0.056
54458.04  19.991  0.049
54466.07  20.349  0.034
54468.06  20.413  0.036
54476.07  20.625  0.045
filter u
54397.15  18.050  0.031
54403.10  18.613  0.024
54407.25  19.382  0.092
54409.14  19.544  0.051
54411.11  19.925  0.057
54413.12  20.380  0.120
filter V
54397.15  17.502  0.015
54400.15  17.468  0.013
54403.08  17.547  0.009
54407.25  17.776  0.011
54409.14  17.922  0.012
54411.10  18.069  0.011
54413.11  18.222  0.014
54417.16  18.606  0.014
54421.12  18.958  0.020
54422.14  19.065  0.024
54423.10  19.120  0.028
54427.16  19.325  0.049
54430.13  19.537  0.049
54435.07  19.791  0.022
54440.10  19.904  0.027
54443.15  20.029  0.038
54445.10  20.062  0.027
54449.09  20.189  0.048
54455.07  20.177  0.090
54456.08  20.301  0.104
54457.05  20.372  0.119
54466.05  20.567  0.038
54468.07  20.540  0.044
54472.04  20.617  0.053
54476.05  20.797  0.069
filter Y
54399.18  17.885  0.069
54399.18  17.922  0.075
54402.17  18.100  0.051
54402.18  18.054  0.048
54408.23  18.480  0.102
54408.24  18.342  0.121
54410.16  18.304  0.100
54410.17  18.243  0.074
54412.15  18.129  0.053
54412.16  18.240  0.086
54415.18  17.974  0.045
54415.19  18.063  0.064
54424.16  17.854  0.056
54424.18  17.679  0.084
54431.12  18.245  0.046
54431.15  18.135  0.049
54437.14  18.594  0.064
54437.15  18.552  0.064
54439.15  18.684  0.075
54439.16  18.667  0.071
54442.14  18.865  0.061
54442.17  18.983  0.091
54444.13  18.915  0.067
54444.16  18.753  0.093
54448.09  19.197  0.082
54465.05  19.795  0.083
54465.08  19.768  0.114
filter Ydw
54421.17  17.709  0.018
54421.17  17.674  0.019
54427.16  18.023  0.018
54427.17  17.987  0.020
54457.11  19.548  0.049
54457.13  19.743  0.053
54458.07  19.675  0.039
54458.08  19.675  0.035
54467.07  20.085  0.073
54467.08  20.145  0.107
