SN2007af 0.005460 215.587625 -0.393778
filter B
54165.32  14.114  0.011
54166.29  13.924  0.012
54169.36  13.504  0.012
54170.31  13.428  0.012
54171.37  13.368  0.014
54174.34  13.309  0.013
54174.34  13.307  0.013
54178.26  13.432  0.014
54178.26  13.426  0.013
54179.32  13.484  0.013
54181.32  13.652  0.013
54182.29  13.732  0.014
54185.33  14.042  0.011
54190.26  14.633  0.012
54194.31  15.090  0.012
54197.30  15.358  0.011
54199.25  15.522  0.012
54202.33  15.762  0.012
54204.35  15.891  0.013
54207.27  16.069  0.012
54211.29  16.256  0.012
54213.25  16.324  0.012
54218.26  16.444  0.012
54224.29  16.567  0.014
54226.31  16.609  0.014
54231.28  16.659  0.013
54239.26  16.812  0.013
54246.18  16.866  0.012
54256.20  17.042  0.012
filter g
54166.31  13.822  0.007
54169.38  13.392  0.009
54170.33  13.330  0.009
54174.36  13.175  0.008
54178.28  13.275  0.009
54178.28  13.272  0.009
54179.34  13.324  0.009
54181.30  13.433  0.008
54182.27  13.491  0.009
54185.31  13.720  0.007
54190.29  14.178  0.007
54194.28  14.559  0.007
54197.28  14.842  0.007
54199.22  14.998  0.007
54202.34  15.258  0.008
54207.25  15.604  0.009
54211.27  15.800  0.007
54213.23  15.870  0.008
54218.27  16.012  0.007
54224.27  16.128  0.008
54226.30  16.165  0.007
54231.29  16.245  0.007
54239.19  16.366  0.007
54246.16  16.472  0.007
54256.18  16.628  0.006
filter i
54165.29  14.233  0.007
54166.32  14.053  0.006
54169.39  13.729  0.009
54170.34  13.691  0.010
54171.38  13.669  0.012
54172.36  13.701  0.011
54174.35  13.767  0.011
54178.28  13.901  0.009
54178.28  13.898  0.009
54179.34  13.966  0.010
54181.31  14.064  0.010
54182.28  14.141  0.011
54185.32  14.392  0.006
54190.30  14.446  0.006
54194.29  14.354  0.008
54197.29  14.311  0.009
54199.23  14.298  0.008
54202.35  14.323  0.008
54204.34  14.410  0.010
54207.26  14.641  0.011
54211.28  14.910  0.006
54213.24  15.023  0.009
54218.28  15.276  0.006
54224.28  15.510  0.008
54226.32  15.597  0.006
54231.31  15.775  0.006
54239.24  16.060  0.007
54246.17  16.293  0.008
54256.19  16.636  0.007
filter H
54162.28  14.524  0.015
54162.30  14.583  0.013
54164.33  14.126  0.021
54164.34  14.113  0.016
54167.34  13.706  0.014
54167.35  13.714  0.012
54168.36  13.692  0.017
54168.37  13.661  0.012
54169.32  13.645  0.030
54169.33  13.652  0.030
54170.36  13.651  0.029
54170.37  13.656  0.030
54171.33  13.662  0.030
54171.34  13.685  0.030
54172.33  13.700  0.045
54172.33  13.709  0.045
54175.39  13.874  0.013
54175.40  13.866  0.018
54180.31  14.049  0.011
54180.31  13.974  0.011
54183.29  14.053  0.016
54183.30  14.026  0.012
54189.33  13.941  0.014
54189.33  13.958  0.011
54193.27  13.837  0.017
54193.28  13.842  0.012
54196.30  13.807  0.017
54196.31  13.795  0.012
54205.25  13.924  0.013
54205.26  13.941  0.013
54208.29  14.149  0.017
54208.30  14.160  0.016
54217.24  14.649  0.018
54217.25  14.677  0.018
54228.26  15.169  0.019
54228.27  15.129  0.019
54233.21  15.326  0.036
54233.22  15.310  0.035
54238.21  15.510  0.024
54238.22  15.531  0.024
54244.21  15.819  0.029
54244.22  15.768  0.032
54247.20  16.005  0.041
54247.21  15.937  0.042
54255.20  16.272  0.034
54255.20  16.267  0.034
54257.23  16.223  0.067
54257.23  16.268  0.089
filter K
54169.34  13.590  0.020
54169.34  13.614  0.019
54170.37  13.550  0.017
54170.38  13.562  0.016
54171.34  13.572  0.017
54171.35  13.569  0.017
54172.34  13.587  0.019
54172.35  13.564  0.019
54255.22  16.222  0.041
54255.23  16.149  0.042
filter J
54162.26  14.585  0.011
54162.27  14.601  0.014
54164.32  14.086  0.014
54164.33  14.099  0.016
54167.32  13.618  0.012
54167.33  13.642  0.013
54168.34  13.554  0.017
54168.35  13.576  0.014
54169.31  13.525  0.012
54169.31  13.518  0.010
54170.35  13.502  0.012
54170.36  13.505  0.013
54171.32  13.503  0.010
54171.33  13.512  0.011
54172.32  13.533  0.013
54172.32  13.549  0.012
54175.28  13.718  0.011
54175.29  13.721  0.013
54180.29  14.181  0.011
54180.30  14.174  0.013
54183.27  14.706  0.015
54183.28  14.677  0.014
54189.31  15.156  0.012
54189.32  15.141  0.012
54193.25  15.058  0.013
54193.26  15.057  0.014
54196.28  14.944  0.012
54196.29  14.969  0.013
54205.23  14.596  0.012
54205.24  14.612  0.013
54208.28  14.897  0.015
54208.28  14.861  0.015
54217.22  15.627  0.017
54217.23  15.634  0.018
54228.24  16.462  0.023
54228.25  16.464  0.023
54230.31  16.612  0.038
54230.32  16.609  0.040
54233.19  16.811  0.054
54233.20  16.849  0.047
54238.19  17.035  0.042
54238.20  16.971  0.040
54244.19  17.528  0.073
54244.20  17.414  0.059
54247.18  17.618  0.063
54247.19  17.533  0.056
54255.18  17.999  0.035
54255.19  18.068  0.034
54257.21  18.262  0.133
54257.22  18.140  0.168
filter r
54166.32  13.797  0.006
54169.39  13.417  0.008
54170.33  13.359  0.010
54171.38  13.288  0.010
54172.36  13.264  0.010
54174.36  13.226  0.009
54178.28  13.220  0.011
54178.28  13.235  0.009
54179.33  13.286  0.010
54181.30  13.370  0.009
54182.28  13.421  0.013
54185.31  13.659  0.007
54190.30  13.881  0.006
54194.29  13.955  0.007
54197.28  14.034  0.006
54199.23  14.090  0.008
54202.35  14.227  0.007
54204.33  14.357  0.009
54207.25  14.596  0.008
54211.27  14.853  0.006
54213.24  14.945  0.006
54218.27  15.148  0.006
54224.28  15.356  0.006
54226.30  15.422  0.006
54231.30  15.581  0.006
54239.24  15.844  0.006
54246.16  16.057  0.007
54256.18  16.382  0.006
filter u
54165.30  14.675  0.015
54166.30  14.438  0.017
54169.37  14.018  0.017
54170.32  13.950  0.017
54174.35  13.917  0.018
54178.27  14.197  0.017
54178.27  14.203  0.017
54179.33  14.329  0.018
54181.31  14.573  0.017
54182.28  14.688  0.017
54185.32  15.053  0.017
54190.28  15.719  0.017
54194.30  16.209  0.019
54197.29  16.549  0.019
54199.24  16.679  0.021
54202.33  16.891  0.019
54204.34  17.049  0.020
54207.26  17.195  0.021
54211.28  17.358  0.023
54213.24  17.407  0.023
54218.26  17.560  0.024
54224.27  17.658  0.031
54239.25  17.989  0.027
54246.17  18.143  0.027
54256.19  18.322  0.041
filter V
54165.31  14.086  0.008
54166.28  13.906  0.008
54169.35  13.489  0.009
54170.30  13.411  0.009
54171.36  13.342  0.009
54172.37  13.285  0.008
54174.33  13.253  0.009
54179.32  13.290  0.009
54181.31  13.364  0.008
54182.29  13.388  0.010
54185.33  13.568  0.008
54190.26  13.890  0.008
54194.30  14.145  0.008
54197.30  14.315  0.008
54199.24  14.416  0.009
54202.32  14.614  0.009
54204.35  14.761  0.008
54207.26  14.968  0.009
54211.28  15.194  0.008
54213.25  15.277  0.009
54218.25  15.447  0.008
54224.29  15.626  0.008
54226.31  15.679  0.008
54231.27  15.797  0.008
54239.25  15.980  0.008
54246.18  16.138  0.008
54256.20  16.395  0.007
filter Y
54162.24  14.667  0.014
54162.25  14.648  0.014
54164.30  14.154  0.016
54164.31  14.155  0.016
54167.31  13.724  0.016
54167.31  13.711  0.021
54168.32  13.638  0.017
54168.33  13.644  0.018
54175.30  13.912  0.014
54175.41  13.886  0.014
54180.27  14.247  0.011
54180.28  14.235  0.010
54183.25  14.350  0.014
54183.26  14.373  0.014
54189.29  14.264  0.010
54189.30  14.271  0.009
54193.24  14.037  0.010
54193.25  14.032  0.011
54196.27  13.857  0.011
54196.27  13.874  0.010
54205.21  13.514  0.014
54205.22  13.513  0.014
54208.26  13.709  0.017
54208.27  13.685  0.014
54217.21  14.187  0.017
54217.21  14.177  0.021
54228.22  14.796  0.015
54228.23  14.793  0.014
54230.29  14.889  0.011
54230.30  14.886  0.011
54233.17  15.051  0.011
54233.18  15.066  0.014
54238.18  15.333  0.017
54238.19  15.309  0.016
54244.17  15.615  0.014
54244.18  15.621  0.013
54247.16  15.734  0.015
54247.17  15.755  0.018
54257.19  16.224  0.017
54257.20  16.217  0.021
filter Ydw
54169.29  13.531  0.014
54169.30  13.579  0.016
54170.34  13.570  0.017
54170.34  13.568  0.016
54171.31  13.550  0.015
54171.31  13.587  0.016
54172.30  13.660  0.018
54172.31  13.671  0.020
54223.25  14.545  0.019
54223.26  14.496  0.018
54255.21  16.151  0.016
54255.22  16.161  0.018
