SN2007fs 0.017192 330.418500 -21.508222
filter B
54297.38000  15.325  0.036
54299.38000  15.416  0.029
54301.38000  15.466  0.030
54303.37000  15.669  0.025
54306.39000  15.903  0.026
54308.32000  16.093  0.068
54315.37000  16.774  0.057
54316.08000  16.879  0.027
54317.08000  16.984  0.032
54318.33000  17.153  0.052
54321.35000  17.416  0.038
54323.10000  17.568  0.033
54324.06000  17.639  0.027
54324.30000  17.685  0.045
54327.34000  17.899  0.052
54330.29000  18.183  0.056
54332.03000  18.142  0.031
54333.03000  18.184  0.031
54333.30000  18.203  0.051
54336.02000  18.337  0.076
54336.32000  18.423  0.126
54344.07000  18.425  0.059
54345.26000  18.352  0.109
54348.30000  18.499  0.106
54353.28000  18.693  0.072
54357.00000  18.647  0.082
54357.26000  18.679  0.080
54358.01000  18.668  0.046
54360.22000  18.744  0.118
54363.92000  18.639  0.124
54364.23000  18.763  0.199
54370.28000  18.821  0.283
54373.23000  18.941  0.204
54376.18000  18.998  0.154
54379.17000  19.009  0.403
54380.01000  18.931  0.073
54382.24000  18.912  0.086
54387.16000  19.189  0.160
filter Bk
54298.42578  15.264  0.025
54299.44141  15.292  0.021
54300.40625  15.361  0.029
54307.32812  16.295  0.033
54313.37109  16.412  0.043
54348.27344  18.438  0.089
54350.33594  18.435  0.100
54351.33203  18.473  0.082
54352.25781  18.514  0.107
54353.23438  18.476  0.076
54354.20312  18.528  0.093
54356.24219  18.531  0.072
54363.19922  18.690  0.164
54383.16797  18.930  0.100
54402.10547  19.205  0.126
54404.12109  19.270  0.115
filter Is
54297.38000  15.677  0.036
54299.38000  15.736  0.036
54301.38000  15.849  0.037
54303.37000  15.974  0.035
54306.39000  16.234  0.036
54308.32000  16.374  0.064
54315.37000  16.333  0.056
54316.08000  16.062  0.020
54317.08000  16.038  0.020
54318.33000  16.240  0.050
54321.35000  16.181  0.044
54323.10000  15.946  0.019
54324.06000  15.946  0.017
54324.30000  16.134  0.040
54327.34000  16.125  0.038
54330.29000  16.317  0.042
54332.03000  16.283  0.027
54333.03000  16.350  0.025
54333.30000  16.481  0.075
54336.02000  16.543  0.022
54336.32000  16.677  0.051
54344.07000  17.007  0.044
54345.26000  17.182  0.089
54348.30000  17.285  0.119
54353.28000  17.528  0.099
54357.00000  17.581  0.062
54357.26000  17.686  0.127
54358.01000  17.641  0.085
54360.22000  17.851  0.186
54363.92000  17.850  0.106
54364.23000  18.026  0.206
54370.28000  18.385  0.254
54373.23000  18.375  0.235
54376.18000  18.417  0.232
54379.17000  18.705  0.217
54380.01000  18.391  0.147
54382.24000  18.818  0.354
54387.16000  18.825  0.384
filter Rs
54297.38000  15.192  0.019
54299.38000  15.221  0.016
54301.38000  15.318  0.018
54303.37000  15.416  0.019
54306.39000  15.657  0.022
54308.32000  15.828  0.029
54315.37000  16.044  0.028
54316.08000  15.980  0.012
54317.08000  15.972  0.015
54318.33000  16.072  0.035
54321.35000  16.089  0.026
54323.10000  16.075  0.017
54324.06000  16.428  0.200
54324.30000  16.164  0.030
54327.34000  16.283  0.032
54330.29000  16.481  0.035
54332.03000  16.555  0.022
54333.03000  16.629  0.021
54333.30000  16.639  0.079
54336.02000  16.775  0.026
54336.32000  16.810  0.049
54344.07000  17.098  0.036
54345.26000  17.148  0.050
54348.30000  17.278  0.072
54353.28000  17.442  0.057
54357.00000  17.551  0.065
54357.26000  17.547  0.061
54358.01000  17.553  0.045
54360.22000  17.662  0.166
54363.92000  17.732  0.089
54364.23000  17.754  0.214
54370.28000  18.053  0.142
54373.23000  18.062  0.114
54376.18000  18.192  0.108
54379.17000  18.348  0.162
54380.01000  18.185  0.136
54382.24000  18.404  0.168
54387.16000  18.583  0.205
filter V
54297.38000  15.239  0.018
54299.38000  15.247  0.014
54301.38000  15.273  0.018
54303.37000  15.382  0.015
54306.39000  15.528  0.024
54308.32000  15.648  0.025
54315.37000  15.983  0.026
54316.08000  16.025  0.014
54317.08000  16.060  0.021
54318.33000  16.131  0.034
54321.35000  16.270  0.022
54323.10000  16.357  0.017
54324.06000  16.415  0.016
54324.30000  16.461  0.028
54327.34000  16.613  0.027
54330.29000  16.765  0.028
54332.03000  16.914  0.021
54333.03000  16.953  0.021
54333.30000  16.972  0.044
54336.02000  17.076  0.048
54336.32000  17.078  0.051
54344.07000  17.397  0.036
54345.26000  17.431  0.058
54348.30000  17.452  0.046
54353.28000  17.620  0.045
54357.00000  17.715  0.049
54357.26000  17.746  0.054
54358.01000  17.781  0.033
54360.22000  17.761  0.098
54363.92000  17.586  0.205
54364.23000  17.900  0.119
54370.28000  18.045  0.145
54373.23000  18.193  0.099
54376.18000  18.222  0.075
54379.17000  18.145  0.151
54380.01000  18.275  0.070
54382.24000  18.404  0.099
54387.16000  18.451  0.126
filter Vk
54298.42188  15.233  0.017
54299.44141  15.218  0.015
54300.40234  15.255  0.016
54313.37109  16.748  0.039
54348.26953  17.536  0.033
54350.32812  17.579  0.028
54351.32812  17.603  0.030
54352.26953  17.625  0.052
54353.22656  17.684  0.032
54354.19531  17.708  0.033
54356.23438  17.773  0.040
54363.19531  17.950  0.052
54373.19531  18.176  0.064
54383.16016  18.419  0.047
54402.09766  18.826  0.080
54404.11328  18.881  0.090
filter ik
54298.41797  15.960  0.018
54299.42578  15.992  0.019
54300.39844  16.041  0.018
54307.32031  16.488  0.023
54348.26172  17.586  0.035
54350.32422  17.635  0.041
54351.32031  17.630  0.041
54352.26172  17.681  0.042
54353.26172  17.754  0.039
54354.19141  17.825  0.048
54356.23047  17.948  0.049
54363.18750  18.216  0.056
54373.19141  18.369  0.072
54379.19922  18.745  0.089
54383.15625  18.821  0.088
54402.09375  19.579  0.169
54404.10938  19.531  0.163
filter rk
54299.42969  15.279  0.017
54300.39844  15.308  0.017
54313.36719  16.040  0.034
54348.26562  17.320  0.023
54350.32812  17.396  0.026
54351.32422  17.420  0.023
54352.26562  17.448  0.031
54353.22266  17.506  0.030
54354.19141  17.514  0.027
54356.23438  17.580  0.030
54363.19141  17.805  0.030
54373.19141  18.152  0.036
54379.20312  18.266  0.042
54383.15625  18.416  0.050
54402.09375  19.047  0.088
54404.10938  19.108  0.095
