SN2008ae 0.029980 149.013333 10.499667
filter B
54508.24  18.567  0.018
54512.22  18.667  0.017
54515.22  18.915  0.102
54519.15  19.601  0.048
54521.22  19.858  0.055
54523.20  20.143  0.063
54527.16  20.477  0.047
54532.13  21.100  0.087
filter g
54515.19  18.683  0.045
54517.20  18.793  0.044
filter i
54515.21  17.854  0.048
54517.21  17.985  0.060
54519.18  17.978  0.015
54521.25  17.943  0.015
54523.19  18.000  0.015
filter H
54511.25  17.638  0.098
54511.26  17.812  0.125
54518.29  17.441  0.160
54522.24  17.322  0.102
54522.25  17.271  0.093
54528.24  17.176  0.061
54528.25  17.078  0.061
54536.25  17.375  0.070
54536.26  17.485  0.072
54542.24  17.737  0.042
54542.25  17.730  0.042
54549.24  17.992  0.052
54555.16  18.265  0.055
54555.17  18.257  0.050
54565.20  18.247  0.161
54602.05  19.875  0.157
filter J
54511.24  17.751  0.054
54511.24  17.644  0.042
54518.27  17.560  0.057
54518.28  17.682  0.072
54522.22  17.518  0.059
54522.23  17.446  0.053
54524.19  17.525  0.044
54524.20  17.459  0.037
54528.21  17.496  0.040
54528.23  17.473  0.035
54536.23  17.788  0.040
54536.24  17.670  0.043
54542.20  17.976  0.045
54542.21  18.034  0.045
54549.20  18.399  0.039
54549.21  18.373  0.039
54555.13  18.741  0.055
54565.18  19.229  0.126
54565.19  19.104  0.159
54602.02  20.283  0.110
filter r
54512.20  17.986  0.012
54515.20  17.970  0.062
54517.20  17.954  0.041
54519.18  17.986  0.013
54521.24  18.083  0.016
filter u
54508.25  19.291  0.039
54512.21  19.601  0.068
filter V
54508.24  18.366  0.014
54512.22  18.201  0.012
54515.22  18.241  0.061
54517.22  18.419  0.091
54519.15  18.391  0.018
54521.22  18.636  0.019
54523.20  18.770  0.020
54527.15  19.138  0.020
54532.12  19.512  0.025
54541.16  19.853  0.047
54547.16  20.057  0.099
54549.12  20.091  0.071
54552.14  20.187  0.046
54558.09  20.318  0.040
54564.09  20.423  0.043
54569.13  20.536  0.092
54591.04  20.959  0.068
54597.06  21.108  0.104
filter Y
54511.22  17.816  0.033
54511.23  17.895  0.033
54518.25  17.450  0.028
54518.26  17.461  0.034
54522.20  17.324  0.026
54522.21  17.332  0.028
54524.18  17.293  0.018
54524.19  17.274  0.019
54528.19  17.265  0.020
54528.20  17.332  0.022
54536.21  17.501  0.019
54536.22  17.540  0.021
54561.19  18.424  0.049
54561.20  18.371  0.044
54565.15  18.501  0.052
54565.16  18.648  0.063
54588.11  19.421  0.116
filter Ydw
54542.22  17.709  0.036
54542.23  17.725  0.036
54549.22  17.992  0.026
54549.22  18.011  0.026
54555.14  18.196  0.042
54555.15  18.226  0.042
54602.00  20.059  0.059
54602.01  19.960  0.057
