SN2007ba 0.038487 229.177625 7.396611
filter B
54190.32  18.628  0.024
54194.35  17.965  0.017
54197.36  17.922  0.016
54200.35  18.100  0.016
54202.37  18.316  0.015
54203.34  18.468  0.014
54207.30  19.111  0.017
54211.32  19.712  0.047
54213.28  19.954  0.030
54218.34  20.322  0.061
54227.29  20.659  0.110
54229.29  20.739  0.106
54232.23  20.905  0.069
54235.22  20.956  0.055
54243.23  21.135  0.092
54246.21  21.066  0.151
filter g
54190.34  18.395  0.014
54194.33  17.771  0.013
54197.34  17.690  0.010
54202.39  17.958  0.009
54203.35  18.052  0.010
54207.28  18.624  0.011
54211.30  19.220  0.016
54213.26  19.440  0.017
54218.35  19.816  0.026
54224.25  20.190  0.079
54227.30  20.340  0.076
54229.29  20.278  0.057
54232.24  20.390  0.035
54235.19  20.612  0.031
54243.24  20.728  0.043
54246.19  20.804  0.086
54255.12  20.869  0.122
filter i
54190.35  18.255  0.038
54194.34  17.718  0.024
54197.34  17.676  0.024
54200.34  17.658  0.027
54202.40  17.757  0.031
54203.36  17.901  0.033
54207.29  18.015  0.038
54211.31  18.078  0.033
54213.27  18.064  0.038
54218.36  18.288  0.042
54224.24  18.778  0.046
54243.25  20.073  0.074
filter H
54193.35  17.692  0.119
54193.37  17.648  0.128
54196.36  17.605  0.144
54196.38  17.426  0.114
54205.30  18.080  0.137
54208.34  17.997  0.170
filter J
54191.31  17.799  0.093
54191.32  17.864  0.102
54193.33  17.635  0.058
54193.34  17.577  0.053
54196.34  17.650  0.055
54196.35  17.557  0.054
54198.31  17.607  0.041
54198.32  17.639  0.054
54217.30  18.553  0.103
54217.32  18.547  0.117
54221.33  18.806  0.087
filter r
54190.34  18.248  0.026
54194.34  17.662  0.018
54197.34  17.484  0.014
54200.35  17.396  0.015
54202.39  17.451  0.019
54203.36  17.486  0.026
54207.28  17.717  0.028
54211.30  17.967  0.027
54213.27  18.066  0.032
54218.36  18.450  0.035
54224.25  18.982  0.047
54227.30  18.989  0.049
54229.30  19.075  0.053
filter u
54190.33  19.217  0.046
54194.34  18.770  0.065
54197.35  18.918  0.067
54202.38  19.832  0.070
54203.34  19.843  0.051
54207.29  20.513  0.099
filter V
54190.32  18.415  0.018
54194.35  17.787  0.014
54197.35  17.623  0.011
54200.35  17.600  0.011
54202.37  17.685  0.009
54203.33  17.731  0.009
54207.30  18.137  0.010
54211.32  18.574  0.015
54213.28  18.760  0.013
54218.33  19.246  0.029
54224.23  19.524  0.083
54227.28  19.776  0.050
54229.28  19.781  0.045
54232.22  19.859  0.036
54243.23  20.234  0.047
54246.21  20.491  0.089
54255.10  20.541  0.130
filter Y
54191.29  18.008  0.057
54191.30  18.011  0.064
54193.31  17.734  0.039
54193.32  17.686  0.037
54196.32  17.545  0.026
54196.33  17.566  0.029
54198.28  17.593  0.031
54198.29  17.534  0.027
54205.27  17.833  0.033
54205.28  17.862  0.033
54208.31  17.849  0.033
54208.33  17.876  0.034
54217.27  17.706  0.036
54217.29  17.716  0.029
54228.28  18.432  0.066
54228.30  18.420  0.059
54234.23  18.771  0.107
54234.25  18.861  0.117
54238.23  19.021  0.115
54238.24  18.868  0.139
54247.22  19.237  0.152
filter Ydw
54221.31  17.866  0.030
54221.32  17.941  0.033
54245.27  19.246  0.055
54245.28  19.290  0.061
54254.25  19.555  0.129
