SN2015H 0.012465 163.675670 -21.070472
filter H2m
57069.29000  16.490  0.040
57093.05000  17.110  0.030
57110.23000  17.540  0.050
filter J2m
57069.29000  16.850  0.030
57093.05000  17.560  0.030
57110.23000  18.110  0.040
filter Ks2m
57069.29000  16.370  0.060
filter V
57065.13000  17.130  0.030
57068.24000  17.400  0.020
57072.24000  17.750  0.020
57078.12000  18.110  0.040
57079.10000  18.100  0.020
57093.05000  18.710  0.040
57109.15000  18.990  0.030
filter g_s
57067.93000  17.790  0.040
57069.81000  18.060  0.030
57072.59000  18.330  0.040
57075.32000  18.670  0.040
57078.30000  18.910  0.030
57079.80000  18.800  0.070
57082.81000  19.090  0.070
57085.51000  19.190  0.070
57088.22000  19.280  0.050
57089.92000  19.300  0.080
57091.63000  19.270  0.100
filter i_s
57067.93000  16.980  0.020
57069.81000  17.000  0.040
57072.59000  17.110  0.020
57075.32000  17.230  0.020
57078.30000  17.430  0.030
57079.80000  17.300  0.070
57082.81000  17.470  0.070
57085.51000  17.610  0.060
57088.22000  17.760  0.040
57089.92000  18.050  0.070
57091.63000  17.970  0.090
57097.47000  18.030  0.130
57100.20000  18.270  0.060
57102.90000  18.390  0.100
57105.73000  18.270  0.090
57108.45000  18.320  0.090
57111.16000  18.400  0.080
57120.72000  18.530  0.070
57123.43000  18.520  0.070
57126.14000  18.600  0.080
57128.89000  18.750  0.250
57131.71000  18.860  0.110
57134.71000  18.690  0.110
57137.97000  18.940  0.080
57142.76000  18.660  0.120
57147.40000  19.020  0.150
57152.71000  18.930  0.060
57155.44000  19.010  0.040
57160.43000  18.990  0.070
57165.99000  19.310  0.090
57170.78000  19.350  0.160
57175.99000  19.270  0.090
57176.40000  19.320  0.070
57182.39000  19.910  0.210
57187.37000  19.450  0.110
57192.73000  19.440  0.170
57201.69000  19.660  0.210
57207.72000  19.550  0.200
filter r_s
57047.13000  19.710  0.190
57049.12000  18.550  0.100
57051.11000  17.730  0.070
57053.11000  17.330  0.090
57055.10000  17.080  0.110
57057.10000  17.020  0.050
57059.09000  16.810  0.050
57065.08000  16.850  0.020
57067.93000  16.990  0.020
57069.81000  17.050  0.020
57070.07000  17.040  0.020
57072.15000  17.170  0.040
57072.59000  17.180  0.020
57075.32000  17.420  0.020
57076.06000  17.370  0.020
57078.30000  17.590  0.020
57079.80000  17.550  0.050
57082.05000  17.810  0.040
57082.81000  17.950  0.040
57084.07000  17.870  0.050
57085.51000  18.000  0.020
57086.05000  17.970  0.030
57088.05000  17.990  0.050
57088.22000  18.100  0.030
57089.92000  18.040  0.050
57090.08000  18.130  0.050
57091.63000  18.150  0.050
57092.07000  18.230  0.040
57094.04000  18.220  0.030
57095.05000  18.270  0.050
57097.05000  18.320  0.050
57097.47000  18.280  0.070
57100.20000  18.420  0.060
57101.05000  18.390  0.040
57102.90000  18.370  0.060
57103.04000  18.470  0.060
57105.73000  18.400  0.060
57108.45000  18.460  0.050
57111.16000  18.700  0.050
57123.43000  18.590  0.070
57126.14000  18.960  0.050
57128.89000  18.970  0.150
57131.71000  19.050  0.080
57134.71000  19.020  0.100
57137.97000  19.170  0.090
57142.76000  18.950  0.130
57147.40000  18.980  0.120
57152.71000  19.250  0.160
57155.44000  19.200  0.050
57160.43000  19.190  0.100
57165.99000  19.580  0.090
57170.78000  19.390  0.070
57175.99000  19.400  0.060
57176.40000  19.500  0.050
57182.39000  19.560  0.060
57187.37000  19.800  0.120
57192.73000  19.840  0.160
57201.69000  19.700  0.130
57207.72000  19.800  0.220
