SN2008gg 0.031993 21.345833 -18.172444
filter B
54753.12  16.691  0.009
54755.20  16.788  0.008
54756.14  16.847  0.008
54759.20  17.089  0.009
54760.19  17.166  0.006
54765.23  17.692  0.008
54766.24  17.773  0.008
54768.15  17.970  0.009
54770.14  18.174  0.011
54772.22  18.359  0.011
54776.17  18.688  0.014
54777.15  18.755  0.017
54779.17  18.978  0.021
54781.16  19.042  0.036
54783.22  19.183  0.043
54785.17  19.337  0.164
54786.15  19.316  0.034
54790.14  19.506  0.016
54797.16  19.640  0.018
54803.17  19.701  0.017
54807.13  19.748  0.030
54810.11  19.781  0.045
54814.13  19.814  0.047
54818.13  19.871  0.021
54824.13  19.924  0.024
54827.08  19.984  0.020
filter g
54753.13  16.553  0.006
54755.21  16.633  0.006
54756.15  16.675  0.007
54759.17  16.863  0.007
54760.16  16.939  0.005
54765.25  17.374  0.007
54766.25  17.443  0.006
54768.13  17.607  0.008
54770.12  17.790  0.008
54772.20  17.967  0.008
54776.18  18.300  0.009
54777.17  18.371  0.009
54779.15  18.518  0.013
54781.14  18.651  0.019
54783.19  18.805  0.021
54785.14  18.897  0.032
54786.17  18.961  0.017
54790.16  19.174  0.010
54797.18  19.303  0.011
54803.19  19.375  0.011
54807.10  19.427  0.020
54810.13  19.416  0.028
54814.10  19.510  0.025
54818.09  19.543  0.012
54824.14  19.626  0.014
54827.06  19.627  0.013
filter i
54753.14  17.192  0.009
54753.15  17.179  0.009
54755.22  17.228  0.010
54756.16  17.257  0.011
54759.18  17.478  0.009
54760.17  17.566  0.008
54765.26  17.929  0.012
54766.26  17.952  0.010
54768.14  17.959  0.011
54770.13  17.896  0.011
54772.20  17.835  0.011
54776.19  17.695  0.009
54777.18  17.675  0.009
54779.16  17.643  0.012
54781.15  17.672  0.014
54783.20  17.736  0.014
54785.15  17.829  0.014
54786.18  17.892  0.011
54790.18  18.202  0.012
54797.19  18.561  0.016
54803.20  18.810  0.017
54807.11  18.987  0.023
54810.14  19.088  0.026
54814.11  19.216  0.029
54818.10  19.359  0.029
54824.15  19.645  0.042
54827.07  19.703  0.033
filter H
54756.19  17.667  0.022
54756.20  17.700  0.021
54758.10  17.836  0.035
54758.10  17.895  0.036
54769.24  17.886  0.112
54769.25  17.962  0.111
54775.23  17.819  0.096
54775.24  17.649  0.082
54778.26  17.522  0.084
54778.27  17.729  0.106
54787.23  17.514  0.166
54787.24  17.928  0.166
54791.16  17.968  0.116
54791.17  17.834  0.107
filter J
54756.16  17.686  0.016
54756.18  17.652  0.016
54758.08  17.912  0.020
54758.09  17.935  0.020
54769.22  18.820  0.116
54769.23  18.769  0.117
54775.22  18.384  0.096
54778.25  18.406  0.090
54778.26  18.262  0.082
54787.22  18.318  0.084
54791.15  18.624  0.105
54799.16  18.871  0.144
filter r
54753.14  16.494  0.006
54755.22  16.517  0.008
54756.16  16.550  0.008
54759.18  16.693  0.007
54760.17  16.768  0.005
54765.25  17.087  0.006
54766.26  17.119  0.006
54768.13  17.160  0.009
54770.13  17.185  0.007
54772.20  17.195  0.006
54776.19  17.232  0.007
54777.17  17.259  0.007
54779.15  17.320  0.009
54781.14  17.417  0.009
54783.19  17.525  0.011
54785.14  17.649  0.011
54786.17  17.736  0.008
54790.17  17.951  0.008
54797.19  18.232  0.009
54803.20  18.541  0.013
54807.11  18.535  0.012
54810.13  18.631  0.016
54814.10  18.722  0.015
54818.10  18.887  0.012
54824.15  19.044  0.015
54827.06  19.111  0.013
filter u
54753.13  17.643  0.022
54755.20  17.835  0.019
54756.15  17.918  0.019
54759.19  18.256  0.020
54760.18  18.350  0.019
54765.24  18.986  0.026
54766.24  19.072  0.024
54768.14  19.315  0.028
54770.13  19.472  0.037
54772.21  19.670  0.037
54776.18  19.950  0.069
54777.16  20.177  0.057
54779.16  20.294  0.076
54781.15  20.348  0.135
54786.16  20.738  0.139
54790.15  20.915  0.069
54797.17  20.981  0.062
54803.18  21.072  0.068
filter V
54753.11  16.547  0.007
54755.19  16.575  0.009
54756.13  16.590  0.008
54759.19  16.719  0.007
54760.18  16.782  0.006
54765.23  17.098  0.007
54766.23  17.153  0.007
54768.15  17.258  0.008
54770.14  17.352  0.007
54772.22  17.452  0.009
54776.16  17.647  0.008
54777.15  17.703  0.008
54779.17  17.826  0.012
54781.16  17.937  0.013
54783.21  18.058  0.016
54785.16  18.158  0.059
54786.15  18.285  0.013
54790.14  18.493  0.011
54797.15  18.730  0.013
54803.16  18.860  0.015
54807.13  18.999  0.022
54810.10  18.973  0.026
54814.12  19.118  0.029
54818.12  19.210  0.018
54824.13  19.323  0.020
54827.07  19.393  0.020
filter Y
54764.14  18.063  0.076
54764.15  17.905  0.062
54769.21  17.749  0.028
54769.22  17.795  0.029
54775.19  17.371  0.020
54775.20  17.455  0.020
54778.23  17.240  0.018
54778.24  17.211  0.020
54787.19  17.093  0.017
54787.20  17.088  0.021
54791.13  17.344  0.021
54791.14  17.323  0.022
54799.14  17.752  0.029
54799.15  17.747  0.032
54811.09  18.505  0.044
54811.10  18.455  0.061
54815.13  18.710  0.071
54816.13  18.698  0.073
54816.14  18.670  0.060
54822.08  19.106  0.098
filter Ydw
54756.22  17.797  0.017
54756.22  17.798  0.016
54758.07  18.010  0.019
54758.08  17.981  0.018
