SN2008fp 0.005660 109.135833 -29.325497
filter B
54724.35  14.874  0.007
54725.33  14.769  0.007
54726.33  14.700  0.006
54728.32  14.639  0.008
54732.31  14.671  0.007
54732.34  14.646  0.007
54740.32  15.031  0.005
54744.32  15.411  0.006
54747.32  15.744  0.007
54749.32  15.945  0.006
54751.29  16.181  0.024
54752.36  16.253  0.007
54753.37  16.360  0.008
54759.37  16.955  0.009
54760.32  16.997  0.009
54765.33  17.300  0.007
54768.33  17.434  0.011
54770.31  17.489  0.009
54779.35  17.664  0.009
54781.34  17.677  0.009
54783.32  17.705  0.011
54790.33  17.815  0.010
54792.29  17.852  0.011
54795.28  17.847  0.011
54797.35  17.918  0.009
54803.32  18.017  0.009
54809.25  18.087  0.010
54813.32  18.148  0.015
54814.24  18.180  0.015
54820.22  18.245  0.011
filter g
54725.32  14.507  0.005
54726.32  14.449  0.006
54728.31  14.314  0.006
54729.30  14.352  0.006
54732.32  14.414  0.005
54732.35  14.365  0.005
54740.30  14.621  0.004
54744.33  14.906  0.005
54747.31  15.189  0.005
54749.30  15.323  0.004
54751.31  15.485  0.007
54752.38  15.589  0.005
54753.38  15.630  0.006
54759.34  16.126  0.008
54760.30  16.249  0.007
54765.34  16.613  0.006
54768.31  16.651  0.008
54770.29  16.785  0.006
54779.32  16.951  0.010
54781.32  16.977  0.007
54783.29  17.011  0.009
54790.35  17.145  0.009
54792.26  17.166  0.010
54795.25  17.274  0.011
54797.36  17.332  0.007
54803.34  17.373  0.007
54809.22  17.478  0.008
54813.33  17.518  0.009
54814.21  17.579  0.011
54820.24  17.661  0.010
filter i
54725.33  14.018  0.006
54726.33  13.984  0.006
54728.32  13.973  0.006
54729.31  14.014  0.006
54732.33  14.119  0.006
54732.36  14.104  0.006
54740.31  14.541  0.005
54744.34  14.844  0.007
54747.31  14.851  0.006
54749.31  14.793  0.006
54751.32  14.732  0.007
54752.38  14.712  0.007
54753.39  14.663  0.006
54753.39  14.653  0.006
54759.35  14.588  0.009
54760.31  14.609  0.008
54765.35  14.932  0.006
54768.32  15.116  0.010
54770.29  15.224  0.006
54779.33  15.624  0.010
54781.32  15.699  0.009
54783.30  15.778  0.008
54790.36  16.056  0.010
54792.27  16.134  0.011
54795.26  16.277  0.013
54797.36  16.320  0.008
54803.35  16.566  0.007
54809.23  16.761  0.010
54813.34  16.945  0.009
54814.22  16.950  0.011
54820.25  17.138  0.013
filter H
54725.40  13.656  0.021
54725.41  13.661  0.021
54726.40  13.666  0.019
54726.41  13.680  0.019
54727.36  13.698  0.016
54727.37  13.716  0.016
54728.37  13.759  0.014
54728.38  13.724  0.017
54729.34  13.775  0.014
54729.35  13.766  0.013
54730.40  13.779  0.009
54730.41  13.814  0.009
54731.42  13.832  0.007
54731.43  13.845  0.008
54733.41  13.918  0.008
54733.42  13.886  0.008
54737.42  14.024  0.008
54737.43  14.014  0.007
54741.42  14.138  0.007
54741.42  14.132  0.008
54743.41  14.156  0.007
54743.42  14.133  0.006
54745.36  14.083  0.015
54745.37  14.059  0.010
54752.30  13.801  0.023
54752.31  13.766  0.023
54756.34  13.674  0.023
54756.35  13.664  0.020
54758.28  13.638  0.017
54758.28  13.643  0.017
54764.37  13.844  0.008
54764.38  13.840  0.007
54775.35  14.484  0.009
54775.36  14.473  0.009
54794.33  15.294  0.015
54794.34  15.301  0.014
54796.31  15.423  0.014
54796.32  15.362  0.010
54799.35  15.552  0.016
54799.36  15.549  0.014
54874.10  18.095  0.042
54874.10  18.010  0.035
filter K
54725.41  13.479  0.009
54725.42  13.485  0.009
54727.38  13.471  0.009
54727.38  13.472  0.009
54728.40  13.447  0.008
54728.41  13.473  0.009
54729.38  13.534  0.008
54729.39  13.497  0.007
54745.39  13.808  0.007
54752.28  13.639  0.009
54752.29  13.640  0.008
54756.30  13.593  0.009
54756.31  13.659  0.010
54758.29  13.589  0.009
54758.30  13.609  0.009
54874.13  17.317  0.053
54874.13  17.283  0.046
filter J
54725.38  13.519  0.006
54725.39  13.510  0.006
54726.40  13.499  0.007
54727.35  13.517  0.006
54727.35  13.500  0.006
54728.35  13.538  0.006
54728.36  13.552  0.006
54729.33  13.562  0.006
54729.34  13.578  0.006
54730.38  13.600  0.009
54730.39  13.597  0.010
54731.40  13.662  0.008
54731.41  13.668  0.007
54733.39  13.795  0.009
54733.40  13.802  0.008
54737.41  14.211  0.009
54737.41  14.206  0.007
54741.40  14.926  0.009
54741.41  14.923  0.008
54743.40  15.202  0.008
54743.40  15.217  0.008
54745.35  15.303  0.006
54745.35  15.322  0.006
54752.32  15.066  0.008
54752.33  15.081  0.008
54756.33  14.822  0.008
54756.34  14.866  0.006
54758.27  14.687  0.006
54758.27  14.674  0.007
54764.35  14.602  0.006
54764.36  14.610  0.006
54775.33  15.511  0.014
54775.34  15.525  0.011
54794.31  16.748  0.018
54794.32  16.772  0.024
54796.29  16.919  0.025
54796.30  16.882  0.025
54799.33  17.094  0.023
54799.34  17.087  0.024
54874.09  19.523  0.071
54874.09  19.403  0.060
filter r
54725.32  14.040  0.004
54726.32  13.968  0.005
54728.32  13.897  0.006
54729.30  13.849  0.006
54732.33  13.856  0.005
54732.36  13.836  0.006
54740.31  14.145  0.004
54744.33  14.455  0.006
54747.31  14.564  0.005
54749.31  14.591  0.004
54751.32  14.608  0.006
54752.38  14.578  0.007
54753.39  14.627  0.005
54759.35  14.804  0.008
54760.30  14.850  0.007
54765.35  15.159  0.004
54768.32  15.378  0.010
54770.29  15.427  0.004
54779.33  15.764  0.009
54781.32  15.831  0.008
54783.30  15.905  0.008
54790.35  16.153  0.009
54792.26  16.206  0.009
54795.26  16.311  0.014
54803.35  16.634  0.006
54809.22  16.755  0.009
54813.33  16.960  0.008
54814.21  16.906  0.009
54820.25  17.084  0.011
filter u
54724.34  15.534  0.022
54725.33  15.531  0.026
54726.33  15.445  0.024
54728.32  15.437  0.026
54729.31  15.493  0.028
54732.31  15.603  0.022
54732.35  15.597  0.018
54740.31  16.205  0.017
54747.31  17.200  0.019
54749.31  17.513  0.019
54751.30  17.863  0.062
54751.30  17.676  0.050
54752.37  17.892  0.020
54753.38  17.996  0.025
54759.36  18.680  0.025
54760.31  18.716  0.025
54765.34  19.016  0.026
54768.32  19.047  0.026
54770.30  19.085  0.026
54779.34  19.329  0.031
54781.33  19.373  0.033
54783.31  19.477  0.041
54790.34  19.505  0.028
54792.28  19.585  0.027
54795.27  19.592  0.029
54803.33  19.767  0.030
54809.23  19.871  0.037
54814.23  19.890  0.073
54820.23  20.069  0.052
filter V
54724.34  14.257  0.007
54725.33  14.205  0.006
54726.33  14.145  0.006
54728.32  14.030  0.007
54729.31  13.996  0.006
54732.30  14.005  0.006
54732.33  14.013  0.006
54740.32  14.220  0.004
54744.31  14.518  0.006
54747.32  14.693  0.006
54749.32  14.801  0.005
54751.28  14.912  0.013
54752.36  14.953  0.005
54753.37  14.943  0.006
54759.36  15.318  0.006
54760.32  15.380  0.007
54765.32  15.676  0.004
54768.33  15.827  0.008
54770.30  15.939  0.005
54779.34  16.157  0.009
54781.34  16.218  0.009
54783.32  16.279  0.008
54790.32  16.465  0.008
54792.28  16.511  0.010
54795.28  16.582  0.011
54797.35  16.666  0.009
54803.31  16.799  0.008
54809.24  16.959  0.009
54813.31  17.054  0.009
54814.23  17.073  0.009
54820.21  17.218  0.010
filter Y
54730.36  14.020  0.007
54730.37  14.043  0.010
54731.38  14.105  0.008
54731.39  14.129  0.010
54733.37  14.318  0.008
54733.38  14.320  0.009
54737.39  14.562  0.006
54737.40  14.579  0.008
54741.38  14.769  0.006
54741.39  14.748  0.009
54743.38  14.762  0.006
54743.39  14.753  0.007
54764.34  13.580  0.006
54764.35  13.565  0.006
54775.32  14.208  0.009
54775.32  14.199  0.010
54780.35  14.520  0.011
54780.37  14.466  0.011
54784.34  14.731  0.007
54784.35  14.708  0.009
54794.29  15.304  0.011
54794.30  15.258  0.013
54796.27  15.419  0.011
54796.28  15.394  0.013
54799.31  15.582  0.012
54799.32  15.556  0.012
filter Ydw
54725.36  13.766  0.009
54725.38  13.775  0.009
54726.35  13.790  0.009
54727.33  13.817  0.009
54727.34  13.822  0.009
54728.39  13.894  0.008
54728.39  13.877  0.008
54729.36  13.948  0.007
54729.36  13.975  0.008
54745.37  14.690  0.007
54745.38  14.695  0.007
54752.34  14.219  0.009
54752.34  14.181  0.009
54756.32  13.929  0.009
54756.32  13.875  0.009
54758.25  13.702  0.008
54758.26  13.727  0.008
54874.11  18.350  0.020
54874.12  18.346  0.024
