SN2005el 0.014900 77.953000 5.194278
filter B
53639.40  15.868  0.006
53641.40  15.568  0.005
53644.39  15.318  0.005
53655.35  15.777  0.006
53659.30  16.247  0.006
53663.33  16.770  0.008
53663.34  16.787  0.010
53665.32  17.044  0.008
53666.28  17.143  0.009
53669.34  17.522  0.008
53671.35  17.716  0.008
53673.33  17.860  0.009
53675.35  17.989  0.011
53682.32  18.312  0.020
53683.31  18.346  0.011
53687.27  18.440  0.023
53689.30  18.489  0.031
53690.32  18.599  0.043
53694.32  18.611  0.026
53698.28  18.659  0.021
53699.27  18.690  0.017
53702.27  18.800  0.017
53712.25  18.918  0.020
53721.22  19.054  0.054
53730.24  19.199  0.025
filter g
53641.36  15.463  0.004
53655.32  15.584  0.005
53659.28  15.951  0.004
53663.30  16.374  0.005
53665.33  16.610  0.006
53666.30  16.729  0.006
53669.31  17.082  0.004
53671.32  17.276  0.005
53673.31  17.442  0.006
53675.33  17.577  0.009
53682.33  17.888  0.016
53683.32  17.924  0.008
53687.28  18.044  0.012
53689.31  18.095  0.016
53690.33  18.108  0.028
53694.33  18.203  0.013
53698.26  18.270  0.011
53699.25  18.297  0.010
53702.25  18.348  0.010
53712.23  18.558  0.011
53721.20  18.673  0.022
53730.26  18.874  0.016
filter i
53639.37  15.966  0.007
53641.37  15.722  0.004
53650.40  15.912  0.006
53655.33  16.427  0.009
53659.29  16.652  0.005
53663.31  16.524  0.006
53665.34  16.441  0.008
53666.31  16.403  0.007
53669.32  16.337  0.004
53671.33  16.378  0.007
53673.32  16.508  0.010
53675.34  16.678  0.011
53682.34  17.170  0.011
53683.33  17.214  0.010
53687.29  17.407  0.012
53689.32  17.508  0.013
53690.34  17.573  0.014
53694.34  17.740  0.015
53698.27  17.903  0.014
53699.26  17.942  0.014
53702.25  18.071  0.013
53712.23  18.499  0.015
53721.21  18.840  0.031
53730.26  19.147  0.029
filter H
53640.32  15.707  0.022
53640.33  15.730  0.021
53643.31  15.733  0.026
53643.32  15.739  0.027
53648.31  16.044  0.048
53648.32  15.928  0.058
53653.33  16.315  0.025
53653.34  16.309  0.022
53657.28  16.442  0.039
53657.29  16.371  0.034
53660.35  16.277  0.039
53660.35  16.401  0.062
53668.32  15.936  0.029
53668.33  15.916  0.034
53677.34  16.335  0.038
53677.34  16.524  0.072
53680.30  16.740  0.074
53680.31  16.652  0.083
53681.33  16.641  0.030
53681.33  16.605  0.028
53686.32  16.884  0.072
53686.32  16.889  0.070
53697.28  17.498  0.107
53697.30  17.266  0.090
filter K
53653.34  16.053  0.021
53653.35  16.053  0.019
53681.34  16.772  0.034
53681.35  16.944  0.043
filter J
53640.30  15.650  0.014
53640.31  15.617  0.013
53643.29  15.513  0.013
53643.30  15.521  0.015
53648.29  15.858  0.021
53648.30  15.905  0.029
53653.31  16.738  0.013
53653.33  16.721  0.018
53656.34  17.426  0.065
53657.26  17.364  0.040
53657.27  17.266  0.038
53660.33  17.409  0.058
53660.34  17.321  0.044
53664.34  17.151  0.041
53664.35  17.304  0.058
53668.30  16.798  0.040
53668.31  16.873  0.034
53670.32  16.694  0.029
53672.32  16.679  0.036
53676.34  17.046  0.054
53677.32  17.200  0.042
53677.33  17.196  0.044
53679.27  17.456  0.092
53680.28  17.401  0.070
53680.29  17.462  0.078
53681.31  17.533  0.021
53681.32  17.552  0.022
53688.31  18.252  0.130
53688.32  18.223  0.122
53697.27  18.719  0.152
53701.24  18.855  0.189
filter r
53641.37  15.498  0.004
53655.33  15.660  0.007
53659.28  15.954  0.004
53663.30  16.047  0.005
53665.34  16.063  0.006
53666.30  16.083  0.006
53669.32  16.199  0.004
53671.33  16.326  0.006
53673.31  16.483  0.007
53675.33  16.640  0.010
53682.34  17.071  0.012
53683.32  17.109  0.006
53687.29  17.305  0.010
53689.32  17.346  0.013
53690.34  17.383  0.013
53694.34  17.548  0.013
53698.26  17.682  0.008
53699.26  17.714  0.011
53702.25  17.843  0.011
53712.23  18.186  0.011
53721.21  18.517  0.022
53730.26  18.820  0.017
filter u
53639.38  16.156  0.010
53641.38  15.836  0.009
53644.37  15.676  0.011
53655.34  16.580  0.011
53659.29  17.171  0.016
53663.32  17.855  0.023
53665.35  18.185  0.020
53666.29  18.282  0.019
53669.33  18.639  0.019
53671.34  18.818  0.020
53673.32  18.960  0.022
53675.34  19.034  0.030
53682.32  19.314  0.050
53683.31  19.337  0.035
53687.28  19.509  0.053
53689.31  19.421  0.080
53690.33  19.629  0.144
53694.33  19.663  0.059
53698.27  19.731  0.040
53699.26  19.736  0.039
53702.26  19.772  0.036
53712.24  20.105  0.043
53721.21  20.212  0.134
53730.25  20.365  0.077
filter V
53639.39  15.822  0.006
53641.39  15.521  0.004
53655.35  15.536  0.005
53659.30  15.839  0.005
53663.32  16.101  0.005
53665.33  16.228  0.005
53666.29  16.284  0.005
53669.33  16.530  0.004
53671.34  16.684  0.005
53673.33  16.831  0.008
53675.35  17.001  0.009
53682.31  17.346  0.017
53683.30  17.397  0.007
53687.27  17.535  0.012
53689.30  17.589  0.016
53690.32  17.596  0.017
53694.31  17.744  0.015
53698.28  17.867  0.011
53699.27  17.868  0.011
53702.26  17.966  0.011
53712.24  18.253  0.013
53721.22  18.468  0.030
53730.24  18.761  0.019
filter Y
53640.29  15.652  0.011
53640.29  15.651  0.011
53643.28  15.562  0.009
53643.28  15.546  0.010
53648.27  16.051  0.029
53648.28  16.050  0.016
53656.32  16.606  0.017
53656.33  16.605  0.020
53657.25  16.599  0.017
53657.25  16.587  0.020
53660.31  16.490  0.016
53660.32  16.465  0.018
53664.31  16.148  0.017
53664.33  16.182  0.020
53668.28  15.800  0.012
53668.29  15.767  0.012
53670.30  15.658  0.014
53670.31  15.625  0.013
53672.31  15.618  0.017
53672.32  15.608  0.011
53676.32  15.809  0.018
53676.33  15.796  0.016
53679.25  16.006  0.017
53679.26  15.984  0.016
53680.26  16.074  0.014
53680.27  16.063  0.014
53686.30  16.467  0.021
53686.31  16.463  0.020
53688.29  16.575  0.020
53688.30  16.534  0.021
53697.24  17.052  0.083
53697.25  17.106  0.023
53701.21  17.338  0.026
53701.22  17.403  0.032
53710.28  17.796  0.045
53710.29  17.825  0.048
53715.21  18.053  0.049
53715.21  18.049  0.045
filter Ydw
53653.30  16.521  0.014
53653.31  16.542  0.015
53681.36  16.164  0.015
53681.37  16.158  0.013
