SN2006bt 0.032178 239.127208 20.046000
filter B
53862.25  17.279  0.008
53866.22  17.535  0.013
53867.27  17.627  0.016
53870.29  17.892  0.019
53871.23  18.015  0.016
53872.26  18.108  0.015
53890.21  19.574  0.028
53891.22  19.621  0.035
filter g
53853.26  17.093  0.009
53858.25  16.942  0.006
53861.27  16.997  0.006
53862.23  17.039  0.007
53866.19  17.244  0.009
53867.25  17.322  0.010
53870.27  17.548  0.012
53871.21  17.667  0.009
53872.24  17.764  0.010
53890.18  19.104  0.015
53891.20  19.176  0.016
filter i
53853.27  17.348  0.009
53858.26  17.233  0.009
53861.28  17.247  0.008
53862.24  17.267  0.008
53866.20  17.366  0.010
53867.26  17.393  0.012
53870.28  17.506  0.013
53871.22  17.526  0.010
53872.25  17.527  0.011
53890.19  17.985  0.016
53891.21  17.997  0.010
filter H
53855.27  16.638  0.150
53859.31  17.173  0.151
53859.33  17.044  0.151
53863.25  17.109  0.073
53863.26  17.128  0.079
53864.29  17.251  0.083
53864.30  17.341  0.103
53869.28  17.123  0.143
53869.29  17.193  0.154
filter J
53855.24  17.092  0.082
53855.25  16.936  0.111
53855.31  17.022  0.097
53855.32  16.906  0.055
53859.30  17.045  0.056
53859.30  17.133  0.064
53863.23  17.151  0.041
53864.27  17.191  0.042
53864.28  17.139  0.040
53869.25  17.451  0.050
53869.26  17.414  0.048
filter r
53853.26  17.130  0.008
53858.25  16.933  0.007
53861.28  16.926  0.005
53862.24  16.940  0.007
53866.20  17.031  0.008
53867.25  17.064  0.009
53870.27  17.187  0.008
53871.21  17.237  0.007
53872.24  17.287  0.009
53890.18  18.064  0.021
53891.20  18.164  0.010
filter u
53853.25  17.742  0.025
53858.26  17.740  0.033
53861.28  17.954  0.028
53862.24  18.076  0.028
53866.21  18.540  0.052
53867.26  18.594  0.066
53870.28  19.052  0.160
53871.22  19.220  0.088
53872.25  19.237  0.067
filter V
53853.24  17.099  0.010
53858.27  16.919  0.007
53861.29  16.930  0.007
53862.25  16.945  0.008
53866.21  17.080  0.009
53867.27  17.107  0.010
53870.29  17.287  0.011
53871.22  17.358  0.009
53872.26  17.424  0.010
53890.20  18.577  0.046
53891.22  18.584  0.016
filter Y
53855.22  17.058  0.028
53855.23  17.053  0.042
53855.28  17.071  0.054
53859.28  17.056  0.023
53859.29  17.078  0.036
53863.22  17.134  0.025
53864.26  17.137  0.024
53864.26  17.180  0.027
53869.23  17.235  0.026
53869.24  17.305  0.026
