SN2005hj 0.057967 21.701125 -1.238000
filter B
53671.18  17.891  0.009
53673.17  17.858  0.011
53675.15  17.887  0.010
53678.17  17.927  0.009
53682.17  18.210  0.022
53683.15  18.239  0.013
53690.17  18.696  0.048
53695.19  19.353  0.025
53702.17  19.923  0.028
53707.22  20.277  0.075
53712.11  20.591  0.066
53729.11  21.111  0.128
53739.10  21.052  0.082
53752.04  21.334  0.101
53761.07  21.251  0.121
filter g
53671.16  17.731  0.009
53673.14  17.688  0.009
53675.12  17.739  0.010
53678.17  17.848  0.006
53682.20  17.951  0.012
53683.16  18.018  0.012
53690.19  18.536  0.029
53695.20  18.970  0.017
53702.15  19.466  0.023
53707.22  19.919  0.035
53712.09  20.034  0.030
53725.12  20.461  0.040
53729.13  20.580  0.051
53739.09  20.672  0.060
53747.07  20.709  0.130
53752.05  20.889  0.062
53761.06  20.881  0.067
filter i
53671.17  18.293  0.015
53673.15  18.346  0.014
53675.13  18.387  0.016
53678.21  18.354  0.012
53682.21  18.514  0.022
53683.17  18.530  0.021
53690.20  19.140  0.043
53695.21  19.178  0.029
53702.16  19.016  0.021
53707.23  18.800  0.032
53712.10  19.153  0.029
53725.13  19.693  0.037
53729.14  19.912  0.093
53739.10  20.112  0.077
53747.07  20.398  0.108
53752.06  20.328  0.084
53761.07  20.816  0.105
filter J
53672.08  18.144  0.145
53672.08  18.293  0.116
53674.13  18.427  0.135
53676.08  18.369  0.132
53676.09  18.126  0.106
53677.14  18.577  0.149
53677.15  18.161  0.098
filter r
53671.16  17.840  0.011
53673.15  17.745  0.013
53675.13  17.735  0.015
53678.21  17.748  0.009
53682.21  17.867  0.014
53683.16  17.931  0.014
53690.19  18.245  0.025
53695.20  18.460  0.017
53702.15  18.626  0.016
53707.23  18.782  0.022
53712.09  19.071  0.025
53725.13  19.586  0.031
53729.13  19.472  0.035
53739.09  19.783  0.047
53747.07  19.818  0.055
53752.05  20.024  0.049
53761.06  19.879  0.065
filter u
53671.17  18.157  0.031
53673.16  18.178  0.030
53675.14  18.297  0.030
53678.17  18.592  0.033
53682.20  18.852  0.077
53683.15  19.085  0.047
filter V
53671.18  17.808  0.009
53673.16  17.765  0.010
53675.14  17.805  0.015
53678.17  17.820  0.009
53682.17  17.959  0.022
53683.14  18.011  0.012
53690.17  18.304  0.033
53695.19  18.659  0.014
53702.16  19.046  0.017
53707.21  19.190  0.028
53712.10  19.691  0.031
53725.13  20.150  0.044
53729.12  20.201  0.052
53739.10  20.367  0.046
53747.08  20.511  0.128
53752.04  20.522  0.077
53761.07  20.681  0.073
filter Y
53672.06  18.249  0.068
53672.07  18.247  0.069
53674.11  18.292  0.064
53674.12  18.303  0.064
53676.06  18.342  0.069
53676.07  18.271  0.069
53677.12  18.408  0.074
53697.09  18.646  0.105
53697.09  18.726  0.114
53701.10  18.501  0.103
53701.11  18.451  0.082
53709.14  18.233  0.061
53709.15  18.323  0.064
