SN2008cf 0.045968 211.885667 -26.551833
filter B
54595.26  17.248  0.007
54597.24  17.303  0.007
54599.17  17.391  0.007
54606.20  17.828  0.015
54616.16  18.771  0.017
54624.17  19.466  0.019
54626.16  19.630  0.022
54628.20  19.769  0.028
54630.16  19.915  0.056
54644.11  20.254  0.036
54648.16  20.343  0.032
54653.15  20.493  0.036
54654.17  20.518  0.041
filter g
54595.27  17.151  0.005
54597.27  17.195  0.005
54599.18  17.267  0.006
54606.18  17.613  0.012
54616.14  18.468  0.007
54624.18  19.084  0.011
54626.14  19.257  0.012
54628.18  19.354  0.016
54630.14  19.496  0.034
54644.09  19.973  0.023
54648.17  20.029  0.018
54653.12  20.130  0.017
54654.14  20.151  0.019
filter i
54595.28  17.868  0.009
54597.28  17.954  0.011
54599.19  17.983  0.010
54606.19  18.420  0.021
54616.14  18.724  0.016
54624.19  18.565  0.015
54626.15  18.541  0.015
54628.19  18.525  0.015
54630.15  18.602  0.019
54644.10  19.399  0.119
54648.19  19.551  0.035
54653.13  19.815  0.041
54654.15  19.763  0.034
filter H
54596.28  18.303  0.198
54596.29  18.244  0.172
54598.28  18.183  0.105
54598.29  18.194  0.124
54599.32  18.386  0.051
54599.33  18.361  0.051
54602.28  18.493  0.057
54602.28  18.704  0.071
54607.29  18.834  0.057
54607.29  18.717  0.054
filter K
54599.33  17.563  0.054
54599.34  17.712  0.065
54602.29  17.607  0.043
54602.30  17.657  0.050
54607.30  17.870  0.059
54607.31  17.733  0.057
filter J
54596.26  18.256  0.066
filter r
54595.28  17.239  0.006
54597.27  17.247  0.005
54599.19  17.296  0.007
54606.18  17.665  0.013
54616.14  18.041  0.007
54624.19  18.206  0.008
54626.14  18.261  0.009
54628.19  18.345  0.010
54630.14  18.452  0.014
54644.10  19.076  0.018
54648.18  19.252  0.015
54653.13  19.370  0.018
54654.14  19.438  0.019
filter u
54595.27  17.605  0.013
54597.26  17.787  0.013
54599.18  17.927  0.013
54606.19  18.622  0.064
54616.15  20.008  0.059
54624.18  20.994  0.083
filter V
54595.25  17.208  0.006
54597.24  17.242  0.005
54599.17  17.287  0.007
54606.19  17.613  0.013
54616.15  18.159  0.010
54624.16  18.587  0.012
54626.16  18.709  0.013
54628.20  18.838  0.016
54630.16  18.903  0.022
54644.11  19.511  0.024
54648.15  19.635  0.025
54653.15  19.729  0.030
54654.16  19.758  0.030
filter Y
54596.24  18.362  0.043
54598.25  18.417  0.039
54617.24  18.306  0.094
54625.16  18.165  0.040
54625.17  18.122  0.041
54629.20  17.909  0.024
54629.21  17.971  0.024
54645.18  18.497  0.044
54645.19  18.656  0.044
filter Ydw
54599.29  18.643  0.024
54599.30  18.630  0.026
54602.23  18.809  0.029
54607.27  18.978  0.032
54607.28  18.989  0.031
