SN2006lu 0.053367 138.823458 -25.600083
filter B
54040.33  18.069  0.011
54042.34  18.192  0.010
54044.35  18.335  0.045
54046.30  18.402  0.029
54052.35  19.159  0.020
54056.33  19.619  0.024
54060.36  20.110  0.047
54065.34  20.494  0.030
54068.34  20.678  0.031
54071.32  20.759  0.033
54076.35  20.827  0.126
54084.28  21.135  0.056
54085.34  21.147  0.071
54087.31  21.243  0.039
54099.36  21.317  0.056
54100.31  21.358  0.051
54106.33  21.363  0.148
54110.31  21.568  0.115
54112.36  21.550  0.087
54121.32  21.697  0.074
54125.31  21.756  0.060
filter g
54040.34  17.930  0.006
54042.32  18.037  0.009
54046.27  18.281  0.020
54052.33  18.861  0.013
54056.33  19.253  0.015
54060.36  19.596  0.041
54065.36  20.057  0.044
54068.36  20.165  0.030
54071.33  20.362  0.023
54073.35  20.442  0.042
54076.33  20.444  0.054
54084.26  20.721  0.033
54085.31  20.751  0.025
54087.28  20.798  0.022
54091.35  20.837  0.032
54099.37  20.942  0.092
54100.32  21.064  0.035
54104.30  21.013  0.096
54106.28  20.948  0.068
54110.33  21.124  0.049
54112.37  21.086  0.110
54121.27  21.333  0.036
54125.33  21.323  0.037
54130.21  21.479  0.080
54136.30  21.519  0.139
54137.25  21.521  0.094
filter i
54040.35  18.488  0.017
54042.33  18.585  0.020
54044.37  18.699  0.045
54046.28  18.765  0.036
54056.34  19.070  0.019
54065.37  19.072  0.067
54068.37  18.977  0.050
54071.35  19.210  0.024
54073.36  19.296  0.044
54076.33  19.576  0.041
54084.27  19.930  0.042
54087.29  20.129  0.035
54091.36  20.226  0.060
54100.35  20.551  0.056
54104.32  20.853  0.091
54121.29  21.284  0.070
54137.27  21.797  0.142
filter r
54040.35  17.908  0.008
54042.33  17.972  0.012
54044.37  18.063  0.021
54046.28  18.206  0.020
54052.33  18.485  0.010
54056.34  18.583  0.011
54060.37  18.727  0.028
54065.37  18.881  0.025
54068.36  19.036  0.025
54071.35  19.215  0.015
54073.36  19.349  0.023
54076.33  19.485  0.030
54084.26  19.762  0.025
54085.32  19.779  0.022
54087.29  19.855  0.020
54091.36  19.970  0.028
54099.37  20.094  0.060
54100.34  20.204  0.024
54104.31  20.317  0.055
54106.29  20.427  0.041
54121.28  20.760  0.028
54125.34  20.890  0.035
54130.22  21.017  0.051
54131.28  21.043  0.056
54136.31  21.297  0.092
54137.26  21.115  0.072
filter u
54040.33  18.791  0.027
54042.33  19.005  0.036
54046.29  19.410  0.154
54052.34  20.512  0.094
54056.33  20.712  0.154
54068.35  21.755  0.142
filter V
54040.32  17.923  0.009
54042.34  18.003  0.011
54046.29  18.183  0.022
54048.38  18.230  0.034
54052.34  18.573  0.013
54056.32  18.844  0.015
54060.35  19.104  0.019
54065.33  19.413  0.023
54068.33  19.567  0.027
54071.31  19.721  0.024
54073.33  19.777  0.041
54076.35  19.878  0.056
54084.28  20.137  0.034
54085.33  20.161  0.032
54087.30  20.266  0.026
54091.34  20.385  0.035
54099.35  20.506  0.030
54100.30  20.545  0.040
54104.33  20.470  0.078
54106.32  20.581  0.074
54110.30  20.601  0.078
54112.35  20.747  0.037
54121.30  20.886  0.036
54125.30  20.974  0.042
54131.24  21.049  0.065
54136.33  21.154  0.127
54137.22  21.330  0.106
filter Y
54041.36  19.016  0.108
54043.31  19.006  0.199
filter Ydw
54048.36  19.176  0.045
54049.32  19.142  0.045
54049.33  19.064  0.046
