SN2005na 0.026303 105.402583 14.133250
filter B
53738.21  16.255  0.006
53740.28  16.250  0.009
53741.21  16.257  0.006
53745.16  16.407  0.007
53748.22  16.587  0.009
53751.19  16.821  0.008
53754.20  17.164  0.008
53755.18  17.255  0.009
53760.15  17.921  0.014
53762.17  18.172  0.017
53763.13  18.276  0.016
53764.17  18.378  0.021
53765.13  18.502  0.021
53767.13  18.650  0.021
53771.11  18.986  0.023
53772.14  19.076  0.059
53774.14  19.152  0.038
53781.14  19.404  0.052
53784.09  19.361  0.032
53785.11  19.445  0.030
53786.09  19.513  0.029
53788.08  19.553  0.049
53795.09  19.538  0.033
53805.03  19.753  0.046
53818.01  19.969  0.049
53834.04  20.210  0.067
filter g
53738.20  16.170  0.005
53740.26  16.166  0.009
53741.19  16.174  0.005
53745.14  16.285  0.008
53748.19  16.425  0.006
53751.20  16.635  0.006
53754.17  16.903  0.006
53755.16  16.996  0.006
53760.13  17.526  0.007
53762.15  17.749  0.010
53763.11  17.839  0.010
53764.15  17.959  0.011
53767.14  18.243  0.009
53771.09  18.560  0.013
53772.12  18.615  0.016
53774.12  18.782  0.020
53781.12  18.995  0.047
53784.11  19.004  0.021
53785.12  19.078  0.013
53786.10  19.105  0.016
53788.09  19.109  0.021
53795.10  19.207  0.015
53798.11  19.294  0.023
53805.04  19.367  0.025
53818.03  19.606  0.026
filter i
53738.21  16.747  0.008
53740.27  16.788  0.013
53741.20  16.802  0.008
53745.15  16.906  0.012
53748.20  17.076  0.012
53751.21  17.347  0.011
53754.18  17.550  0.011
53755.17  17.559  0.012
53760.14  17.459  0.011
53762.16  17.369  0.012
53763.11  17.357  0.011
53764.16  17.336  0.013
53765.11  17.295  0.013
53767.15  17.287  0.010
53771.10  17.356  0.013
53772.13  17.412  0.012
53774.13  17.584  0.013
53781.13  18.013  0.035
53784.12  18.176  0.017
53785.14  18.233  0.014
53786.12  18.251  0.015
53788.11  18.343  0.017
53795.12  18.637  0.017
53798.13  18.684  0.021
53805.06  18.865  0.028
53818.05  19.458  0.035
53834.06  19.815  0.050
filter H
53756.22  17.392  0.035
53756.22  17.340  0.038
53773.16  16.890  0.035
53773.17  17.032  0.039
53782.12  17.577  0.100
53782.13  17.428  0.100
53784.12  17.513  0.047
53787.10  17.669  0.036
53787.11  17.719  0.037
filter J
53756.21  18.416  0.034
53756.21  18.359  0.037
53773.15  17.581  0.017
53784.09  18.283  0.041
53785.10  18.549  0.034
filter r
53738.20  16.291  0.008
53740.26  16.254  0.010
53741.20  16.222  0.006
53745.15  16.283  0.009
53748.20  16.423  0.007
53751.21  16.622  0.008
53754.18  16.820  0.009
53755.16  16.871  0.006
53760.13  16.981  0.009
53762.15  17.013  0.010
53763.11  17.026  0.011
53764.16  17.053  0.010
53765.11  17.096  0.014
53767.14  17.135  0.008
53771.09  17.364  0.008
53772.13  17.448  0.012
53774.12  17.584  0.010
53781.12  17.882  0.016
53784.12  18.014  0.013
53785.13  18.033  0.015
53786.11  18.039  0.015
53788.10  18.159  0.015
53795.11  18.293  0.019
53798.12  18.464  0.019
53805.05  18.671  0.017
53818.04  19.075  0.018
53834.05  19.482  0.034
filter u
53738.21  16.412  0.013
53740.27  16.468  0.013
53741.20  16.529  0.016
53745.15  16.880  0.013
53748.21  17.174  0.021
53751.20  17.538  0.022
53754.19  17.968  0.025
53755.17  18.181  0.027
53760.14  19.055  0.047
53762.16  19.327  0.048
53763.12  19.445  0.062
53764.17  19.430  0.057
53765.12  19.601  0.097
53771.10  19.934  0.078
53772.13  20.088  0.101
53774.13  20.070  0.108
filter V
53738.21  16.276  0.007
53740.27  16.244  0.010
53741.20  16.247  0.006
53745.16  16.315  0.008
53748.21  16.421  0.008
53751.18  16.579  0.007
53754.19  16.796  0.007
53755.18  16.860  0.008
53760.15  17.155  0.010
53762.17  17.288  0.011
53763.12  17.347  0.012
53764.17  17.423  0.012
53765.12  17.482  0.013
53767.12  17.624  0.010
53771.11  17.878  0.012
53772.14  17.929  0.014
53774.14  18.045  0.017
53781.14  18.301  0.028
53784.09  18.395  0.017
53785.10  18.502  0.014
53786.08  18.490  0.019
53788.07  18.541  0.018
53795.10  18.703  0.019
53798.13  18.807  0.021
53805.01  18.905  0.024
53818.00  19.254  0.020
53834.03  19.580  0.038
filter Y
53782.08  17.050  0.038
53782.09  17.114  0.041
53789.09  17.403  0.076
53789.10  17.415  0.059
53797.04  17.741  0.072
53807.01  18.002  0.121
filter Ydw
53756.20  17.603  0.019
53773.14  16.628  0.011
53784.08  17.228  0.014
53784.08  17.231  0.017
53785.08  17.303  0.013
