SN2008cm 0.010807 109.161460 -62.314694
filter Bk
54608.38281  16.215  0.031
54613.14453  16.082  0.018
54615.29688  16.142  0.018
54617.27734  16.267  0.020
54618.27734  16.326  0.017
54619.16797  16.406  0.020
54620.25781  16.508  0.018
54622.28125  16.716  0.033
54624.27344  16.973  0.025
54625.18359  17.116  0.036
54629.22266  17.656  0.050
54634.21875  18.463  0.279
54636.23047  18.381  0.207
54639.20703  18.657  0.128
54648.16797  19.082  0.090
54672.16406  20.033  0.176
54676.17188  19.698  0.235
filter Vk
54608.37891  16.337  0.028
54613.14453  16.098  0.016
54615.29297  16.128  0.015
54617.27344  16.191  0.016
54618.27734  16.216  0.015
54619.16406  16.271  0.018
54620.25391  16.337  0.016
54622.27734  16.466  0.016
54624.26953  16.632  0.016
54625.18359  16.703  0.018
54629.21875  16.990  0.018
54631.21484  17.163  0.023
54636.22656  17.440  0.046
54639.20312  17.774  0.042
54643.24219  17.998  0.130
54648.16406  18.312  0.055
54672.16016  19.020  0.069
54676.16797  19.180  0.096
filter ik
54608.37109  16.713  0.028
54613.13672  16.725  0.027
54615.28906  16.817  0.021
54617.26562  16.916  0.027
54618.26953  16.974  0.026
54619.15625  17.132  0.031
54620.25000  17.226  0.035
54621.27734  17.319  0.035
54622.28906  17.458  0.033
54624.26562  17.515  0.057
54625.17578  17.494  0.036
54629.21484  17.318  0.039
54631.21094  17.323  0.033
54634.21094  17.250  0.043
54636.22266  17.242  0.040
54639.19922  17.454  0.046
54643.23828  17.776  0.071
54648.16016  18.070  0.061
54672.16797  19.446  0.293
filter rk
54608.37500  16.279  0.022
54613.14062  16.143  0.017
54615.28906  16.168  0.017
54617.26953  16.232  0.016
54618.27344  16.288  0.015
54619.16016  16.358  0.015
54620.25000  16.449  0.016
54621.28125  16.550  0.038
54622.27734  16.637  0.019
54624.26562  16.771  0.017
54625.17969  16.804  0.018
54629.21484  16.989  0.035
54631.21484  16.910  0.027
54634.21484  17.145  0.049
54636.22656  17.162  0.045
54639.20312  17.441  0.034
54643.24219  17.661  0.028
54648.16406  17.990  0.029
54672.15625  18.977  0.090
54676.16406  18.983  0.069
