SN2005ku 0.045407 344.927542 -0.013694
filter B
53699.07  17.748  0.016
53702.08  17.848  0.019
53707.06  18.140  0.014
53712.06  18.619  0.023
53716.06  19.072  0.054
filter g
53699.05  17.620  0.014
53702.06  17.739  0.014
53707.07  18.020  0.015
53712.04  18.509  0.026
53716.06  18.965  0.047
53729.05  19.905  0.055
filter i
53699.06  18.022  0.025
53702.07  18.181  0.025
53707.08  18.341  0.024
53712.05  18.819  0.046
53716.07  18.780  0.049
53729.05  18.742  0.043
53739.03  19.302  0.105
filter r
53699.06  17.566  0.016
53702.06  17.501  0.014
53707.07  17.734  0.014
53712.04  18.012  0.020
53716.07  18.181  0.023
53729.06  18.709  0.039
53739.03  19.139  0.080
filter u
53699.06  18.679  0.030
53702.07  18.861  0.038
53707.06  19.308  0.079
filter V
53699.07  17.660  0.017
53702.07  17.631  0.013
53707.05  17.796  0.018
53712.05  18.130  0.023
53716.06  18.232  0.032
53729.06  19.060  0.054
filter Y
53700.05  18.050  0.133
53709.08  18.825  0.157
53715.05  18.403  0.093
