SN2006cm 0.016341 320.072750 -1.684083
filter Vk
53884.456  17.229  0.024
53885.458  17.217  0.026
53887.459  17.215  0.018
53890.399  17.241  0.024
53891.459  17.324  0.025
53894.408  17.503  0.027
53899.373  17.851  0.046
53907.395  18.174  0.031
53915.452  18.533  0.057
53925.439  19.189  0.092
53932.344  19.337  0.116
53934.435  19.563  0.115
filter ik
53884.452  16.899  0.024
53885.455  16.874  0.024
53886.404  16.922  0.023
53887.455  16.956  0.023
53890.394  17.079  0.024
53891.455  17.183  0.025
53894.404  17.489  0.032
53907.390  17.508  0.026
53915.396  17.509  0.031
53915.448  17.480  0.029
53925.434  18.094  0.037
53932.340  18.593  0.085
53934.429  18.777  0.065
filter rk
53884.454  16.844  0.021
53885.456  16.817  0.021
53886.406  16.824  0.021
53887.457  16.799  0.020
53890.396  16.898  0.020
53891.457  16.969  0.021
53894.406  17.211  0.023
53899.370  17.453  0.026
53907.392  17.607  0.024
53915.398  18.084  0.064
53915.450  17.855  0.024
53925.437  18.518  0.060
53932.342  18.865  0.070
53934.432  19.029  0.052
