SN2008fl 0.019900 294.186833 -37.551250
filter B
54724.00  16.388  0.008
54725.01  16.433  0.007
54726.00  16.491  0.006
54728.00  16.657  0.009
54728.99  16.759  0.009
54732.02  17.089  0.011
54739.01  18.046  0.009
54740.01  18.165  0.011
54742.00  18.350  0.012
54743.98  18.544  0.019
54747.03  18.778  0.019
54749.01  18.938  0.024
54751.99  19.093  0.028
54752.99  19.132  0.042
54756.00  19.263  0.020
54759.02  19.339  0.017
54760.03  19.407  0.020
54765.00  19.527  0.022
54768.03  19.552  0.020
54776.01  19.634  0.037
54779.04  19.770  0.037
54783.04  19.699  0.075
54789.02  19.907  0.045
filter g
54723.98  16.210  0.005
54724.99  16.240  0.004
54725.98  16.294  0.005
54727.99  16.410  0.005
54728.98  16.483  0.005
54732.03  16.761  0.005
54738.99  17.566  0.006
54739.99  17.670  0.006
54742.02  17.871  0.008
54744.00  18.046  0.008
54747.00  18.307  0.011
54748.99  18.449  0.018
54752.01  18.628  0.029
54752.02  18.587  0.031
54753.01  18.745  0.018
54756.02  18.811  0.010
54758.99  18.945  0.020
54759.99  18.925  0.021
54765.02  19.054  0.012
54767.99  19.091  0.026
54776.03  19.239  0.019
54779.00  19.276  0.036
54783.00  19.493  0.089
54789.04  19.470  0.015
filter i
54723.99  16.568  0.007
54725.00  16.602  0.007
54725.98  16.639  0.007
54727.99  16.743  0.009
54728.98  16.821  0.011
54732.04  16.989  0.007
54739.00  16.941  0.006
54740.00  16.930  0.006
54742.03  16.934  0.007
54744.01  16.936  0.007
54747.01  16.983  0.008
54749.00  17.101  0.008
54752.04  17.345  0.037
54752.04  17.436  0.053
54753.02  17.466  0.010
54756.03  17.641  0.009
54759.00  17.817  0.010
54759.01  17.805  0.008
54760.01  17.828  0.010
54765.04  18.059  0.010
54768.01  18.172  0.012
54776.05  18.511  0.022
54779.01  18.587  0.017
54783.01  18.810  0.028
54789.05  18.906  0.024
filter H
54725.06  16.735  0.012
54726.09  16.744  0.013
54728.00  16.889  0.017
54729.00  16.933  0.013
54731.08  17.010  0.035
54733.07  16.938  0.033
54738.05  16.681  0.022
54741.05  16.567  0.028
54743.06  16.464  0.025
54745.00  16.432  0.013
54748.06  16.481  0.027
54750.06  16.632  0.028
54751.98  16.771  0.026
54767.02  17.485  0.083
54771.02  17.764  0.116
filter K
54725.08  16.386  0.013
54726.11  16.447  0.012
54728.03  16.529  0.018
54729.02  16.555  0.016
filter J
54725.05  16.659  0.005
54726.08  16.802  0.006
54727.98  17.135  0.010
54728.98  17.345  0.011
54731.06  17.634  0.037
54733.05  17.818  0.040
54738.03  17.612  0.033
54741.04  17.472  0.038
54743.04  17.372  0.034
54744.98  17.258  0.011
54748.04  17.047  0.029
54750.04  17.146  0.029
54751.97  17.313  0.016
54757.01  17.829  0.013
54771.00  18.443  0.156
54780.02  19.000  0.154
filter r
54723.99  16.082  0.005
54724.99  16.091  0.005
54725.98  16.119  0.005
54727.99  16.209  0.005
54728.98  16.284  0.006
54732.04  16.473  0.006
54738.99  16.725  0.004
54740.00  16.742  0.004
54742.02  16.809  0.005
54744.00  16.889  0.006
54747.01  17.061  0.007
54748.99  17.202  0.006
54752.02  17.457  0.020
54752.03  17.479  0.034
54753.01  17.512  0.008
54756.02  17.687  0.007
54759.00  17.814  0.007
54760.00  17.847  0.007
54765.03  18.028  0.008
54768.00  18.119  0.009
54776.04  18.393  0.011
54779.01  18.455  0.013
54783.01  18.581  0.021
54789.04  18.782  0.013
filter u
54723.99  17.183  0.016
54725.00  17.274  0.015
54725.99  17.397  0.015
54727.99  17.634  0.017
54728.99  17.780  0.018
54732.03  18.249  0.018
54739.00  19.373  0.032
54740.01  19.558  0.049
54742.01  19.700  0.039
54743.99  19.854  0.035
54747.02  20.150  0.078
54752.00  20.244  0.144
54753.00  20.514  0.145
54756.01  20.568  0.066
54760.01  20.659  0.067
54765.01  20.686  0.061
54768.02  20.812  0.074
54776.02  20.768  0.105
54779.02  20.965  0.147
54789.03  21.297  0.148
filter V
54724.00  16.158  0.006
54725.01  16.172  0.007
54725.99  16.186  0.005
54728.00  16.265  0.007
54728.99  16.298  0.006
54732.02  16.509  0.007
54739.01  17.013  0.006
54740.02  17.092  0.006
54742.00  17.216  0.007
54743.98  17.340  0.011
54747.02  17.553  0.009
54749.01  17.701  0.010
54751.98  17.908  0.019
54752.99  17.955  0.017
54755.99  18.119  0.011
54759.02  18.240  0.011
54760.02  18.260  0.011
54764.99  18.417  0.018
54768.02  18.468  0.013
54776.01  18.712  0.019
54779.03  18.790  0.018
54783.03  18.852  0.029
54789.01  18.980  0.042
filter Y
54731.04  16.962  0.010
54733.04  16.880  0.011
54737.02  16.667  0.008
54738.02  16.595  0.009
54741.02  16.444  0.009
54743.03  16.374  0.008
54748.02  16.128  0.008
54750.03  16.186  0.008
54766.99  17.140  0.017
54770.98  17.410  0.034
54780.00  17.888  0.025
54784.00  17.979  0.052
54787.00  18.303  0.049
filter Ydw
54725.02  16.831  0.006
54726.06  16.898  0.006
54728.01  16.981  0.006
54729.00  17.010  0.006
54745.01  16.249  0.005
54751.95  16.328  0.006
54756.97  16.622  0.007
