SN2012Z 0.007125 50.522292 -15.387667
filter B
55961.50000  14.827  0.023
55964.50000  14.735  0.026
55965.40000  14.922  0.012
55965.40000  14.832  0.049
55966.40000  14.741  0.008
55968.40000  14.790  0.021
55969.50000  14.824  0.022
55971.50000  14.942  0.026
55974.40000  15.264  0.037
55975.50000  15.396  0.030
55976.40000  15.524  0.026
55977.40000  15.653  0.030
55979.40000  15.844  0.019
55980.50000  16.171  0.382
55983.40000  16.690  0.039
55983.70000  16.621  0.010
55984.40000  16.774  0.044
55985.70000  16.909  0.030
56223.40000  22.062  0.070
55955.17000  18.193  0.088
55957.15000  16.314  0.069
55959.12000  15.606  0.032
55961.12000  15.198  0.032
55962.11000  15.037  0.028
55963.12000  14.916  0.027
55966.11000  14.854  0.035
55974.12000  15.228  0.035
55978.12000  15.581  0.078
55980.12000  15.966  0.041
55982.13000  16.198  0.040
55990.13000  16.978  0.103
55991.13000  17.037  0.069
55992.15000  17.188  0.123
55995.15000  17.425  0.137
55996.14000  17.318  0.071
56135.48000  19.198  0.694
56197.54000  19.480  0.530
filter Bk
55969.11  14.73  0.01
55977.12  15.43  0.01
55978.14  15.55  0.01
filter B
55959.07000  15.591  0.008
55960.07000  15.368  0.009
55961.07000  15.171  0.008
55962.06000  15.027  0.006
55963.08000  14.925  0.007
55964.10000  14.857  0.006
55965.11000  14.812  0.009
55966.09000  14.759  0.006
55967.09000  14.750  0.007
55968.09000  14.753  0.004
55969.09000  14.780  0.004
55970.06000  14.830  0.008
55971.07000  14.829  0.006
55972.07000  14.915  0.004
55973.05000  15.007  0.005
55974.07000  15.086  0.004
55979.08000  15.699  0.007
55985.04000  16.498  0.006
55986.07000  16.601  0.007
55988.07000  16.792  0.007
55991.08000  17.018  0.011
55992.06000  17.074  0.011
55993.03000  17.129  0.009
55994.04000  17.168  0.011
55995.04000  17.237  0.010
55996.03000  17.250  0.014
55997.02000  17.299  0.009
55998.02000  17.347  0.009
55999.02000  17.375  0.010
56000.06000  17.395  0.008
56001.05000  17.419  0.009
56002.05000  17.422  0.009
56003.05000  17.451  0.009
56004.05000  17.474  0.009
56005.05000  17.478  0.009
56006.04000  17.520  0.009
56007.02000  17.522  0.009
56009.02000  17.545  0.007
56010.01000  17.551  0.008
56011.02000  17.596  0.010
56012.03000  17.581  0.009
56017.02000  17.625  0.015
56018.99000  17.644  0.014
56233.32000  21.411  0.318
filter H2m
55960.40000  15.334  15.081
55961.40000  15.079  14.684
55961.40000  15.210  15.140
55961.50000  15.270  15.130
55961.80000  15.280  15.160
55962.80000  15.030  15.040
55964.80000  14.890  14.910
55965.80000  14.740  14.580
55966.80000  14.630  14.620
55967.80000  14.610  14.530
55968.40000  14.440  14.334
55968.80000  14.470  14.400
55969.40000  14.397  14.257
55969.70000  14.410  14.310
55970.70000  14.360  14.270
55971.80000  14.320  14.290
55973.80000  14.250  14.120
55974.40000  14.255  14.062
55974.80000  14.280  14.160
55975.80000  14.170  14.130
55976.40000  14.094  13.753
55977.40000  14.055  13.917
55977.40000  14.230  13.940
55977.80000  14.070  14.040
55990.80000  14.080  14.200
55993.70000  14.170  14.300
55996.80000  14.290  14.320
56006.80000  14.730  14.600
56021.70000  15.380  16.580
56027.70000  15.250  16.420
55960.40000  15.334  15.081
55961.40000  15.079  14.684
55961.40000  15.210  15.140
55961.50000  15.270  15.130
55961.80000  15.280  15.160
55962.80000  15.030  15.040
55964.80000  14.890  14.910
55965.80000  14.740  14.580
55966.80000  14.630  14.620
55967.80000  14.610  14.530
55968.40000  14.440  14.334
55968.80000  14.470  14.400
55969.40000  14.397  14.257
55969.70000  14.410  14.310
55970.70000  14.360  14.270
55971.80000  14.320  14.290
55973.80000  14.250  14.120
55974.40000  14.255  14.062
55974.80000  14.280  14.160
55975.80000  14.170  14.130
55976.40000  14.094  13.753
55977.40000  14.055  13.917
55977.40000  14.230  13.940
55977.80000  14.070  14.040
55990.80000  14.080  14.200
55993.70000  14.170  14.300
55996.80000  14.290  14.320
56006.80000  14.730  14.600
56021.70000  15.380  16.580
56027.70000  15.250  16.420
55960.40000  15.334  0.270
55961.40000  15.079  0.217
55961.40000  15.210  0.030
55961.50000  15.270  0.180
55961.80000  15.280  0.050
55962.80000  15.030  0.050
55964.80000  14.890  0.060
55965.80000  14.740  0.030
55966.40000  14.602  0.064
55966.80000  14.630  0.020
55967.80000  14.610  0.020
55968.40000  14.440  0.051
55968.80000  14.470  0.020
55969.40000  14.397  0.007
55969.70000  14.410  0.020
55970.70000  14.360  0.020
55971.80000  14.320  0.020
55973.50000  14.262  0.061
55973.80000  14.250  0.020
55974.40000  14.255  0.006
55974.80000  14.280  0.020
55975.80000  14.170  0.020
55976.40000  14.094  0.072
55977.40000  14.055  0.014
55977.40000  14.230  0.070
55977.80000  14.070  0.020
55990.80000  14.080  0.020
55993.70000  14.170  0.020
55995.40000  14.536  0.254
55996.80000  14.290  0.030
56006.80000  14.730  0.060
56021.70000  15.380  0.080
56027.70000  15.250  0.080
filter Hdw
55992.01541  13.963  0.012
55996.02808  14.119  0.011
55999.99606  14.288  0.011
56000.99526  14.277  0.011
filter Is
55960.40000  15.080  0.030
55960.50000  15.054  0.052
55961.40000  14.850  0.030
55961.40000  15.210  0.035
55961.50000  15.050  0.010
55961.50000  14.700  0.175
55964.40000  14.560  0.050
55965.40000  14.425  0.027
55965.40000  14.279  0.073
55965.40000  14.580  0.070
55966.40000  14.277  0.078
55966.50000  14.260  0.020
55966.50000  14.270  0.030
55968.40000  14.215  0.021
55968.40000  14.240  0.010
55969.50000  14.192  0.026
55969.60000  14.404  0.009
55971.50000  14.118  0.024
55971.50000  14.383  0.005
55972.50000  14.040  0.030
55973.40000  14.040  0.020
55974.40000  14.008  0.024
55974.40000  13.998  0.078
55975.40000  13.960  0.020
55975.40000  13.925  0.063
55975.50000  13.988  0.022
55976.40000  13.963  0.021
55976.40000  13.901  0.068
55976.40000  13.980  0.010
55977.40000  14.040  0.022
55977.40000  13.972  0.080
55977.40000  13.980  0.010
55980.40000  13.922  0.070
55980.50000  13.933  0.058
55983.40000  14.048  0.022
55983.40000  14.010  0.020
55983.70000  14.010  0.030
55984.40000  14.042  0.070
55985.70000  14.153  0.013
55986.50000  14.168  0.026
55987.40000  14.212  0.080
55987.50000  14.312  0.005
55988.50000  14.272  0.020
55994.50000  14.606  0.008
55996.40000  14.648  0.028
55997.40000  14.695  0.026
55998.40000  14.714  0.024
55999.50000  14.740  0.030
56001.50000  14.816  0.034
56005.40000  15.025  0.067
56006.40000  14.956  0.030
56214.70000  19.625  0.217
56223.40000  20.070  0.072
55959.12000  15.443  0.036
55961.12000  14.877  0.051
55962.11000  14.785  0.035
55963.12000  14.643  0.104
55966.11000  14.371  0.025
55974.12000  14.013  0.021
55978.12000  13.939  0.025
55980.12000  13.957  0.023
55982.13000  14.057  0.046
55990.13000  14.312  0.028
55991.13000  14.348  0.033
55992.15000  14.405  0.058
55995.15000  14.536  0.032
55996.14000  14.593  0.031
56135.48000  18.381  0.190
56197.54000  18.813  0.337
filter J2m
55960.40000  15.006  15.334
55961.40000  14.980  15.079
55961.40000  15.010  15.210
55961.50000  15.060  15.270
55961.80000  14.980  15.280
55962.80000  14.910  15.030
55964.80000  14.620  14.890
55965.80000  14.620  14.740
55966.80000  14.550  14.630
55967.80000  14.520  14.610
55968.40000  14.411  14.440
55968.80000  14.430  14.470
55969.40000  14.486  14.397
55969.70000  14.430  14.410
55970.70000  14.430  14.360
55971.80000  14.410  14.320
55973.50000  14.348  14.262
55973.80000  14.430  14.250
55974.40000  14.255  14.255
55974.80000  14.460  14.280
55975.80000  14.340  14.170
55976.40000  14.382  14.094
55977.40000  14.333  14.055
55977.40000  14.440  14.230
55977.80000  14.400  14.070
55990.80000  14.380  14.080
55993.70000  14.380  14.170
55996.80000  14.550  14.290
56006.80000  15.510  14.730
56021.70000  15.960  15.380
56027.70000  16.300  15.250
55960.40000  15.006  15.334
55961.40000  14.980  15.079
55961.40000  15.010  15.210
55961.50000  15.060  15.270
55961.80000  14.980  15.280
55962.80000  14.910  15.030
55964.80000  14.620  14.890
55965.80000  14.620  14.740
55966.80000  14.550  14.630
55967.80000  14.520  14.610
55968.40000  14.411  14.440
55968.80000  14.430  14.470
55969.40000  14.486  14.397
55969.70000  14.430  14.410
55970.70000  14.430  14.360
55971.80000  14.410  14.320
55973.50000  14.348  14.262
55973.80000  14.430  14.250
55974.40000  14.255  14.255
55974.80000  14.460  14.280
55975.80000  14.340  14.170
55976.40000  14.382  14.094
55977.40000  14.333  14.055
55977.40000  14.440  14.230
55977.80000  14.400  14.070
55990.80000  14.380  14.080
55993.70000  14.380  14.170
55996.80000  14.550  14.290
56006.80000  15.510  14.730
56021.70000  15.960  15.380
56027.70000  16.300  15.250
55960.40000  15.006  0.109
55960.40000  15.610  0.210
55961.40000  14.980  0.224
55961.40000  15.010  0.020
55961.50000  14.931  0.037
55961.50000  15.060  0.080
55961.80000  14.980  0.040
55962.80000  14.910  0.050
55964.80000  14.620  0.050
55965.80000  14.620  0.030
55966.50000  14.659  0.030
55966.80000  14.550  0.020
55967.80000  14.520  0.020
55968.40000  14.411  0.031
55968.40000  14.520  0.050
55968.50000  14.387  0.037
55968.80000  14.430  0.020
55969.40000  14.486  0.010
55969.50000  14.550  0.060
55969.70000  14.430  0.020
55970.70000  14.430  0.020
55971.80000  14.410  0.020
55972.50000  14.434  0.031
55973.50000  14.348  0.033
55973.80000  14.430  0.020
55974.40000  14.255  0.006
55974.80000  14.460  0.020
55975.80000  14.340  0.020
55976.40000  14.382  0.055
55977.40000  14.333  0.032
55977.40000  14.440  0.050
55977.50000  14.345  0.034
55977.80000  14.400  0.020
55983.50000  14.280  0.033
55990.80000  14.380  0.030
55993.70000  14.380  0.030
55996.40000  14.705  0.030
55996.80000  14.550  0.030
55999.40000  14.705  0.030
56000.40000  14.653  0.205
56006.80000  15.510  0.090
56021.70000  15.960  0.120
56027.70000  16.300  0.150
filter Jdw
55992.01541  14.208  0.013
55996.99164  14.402  0.013
55999.99606  14.557  0.013
56000.99526  14.565  0.013
56167.35063  19.269  0.046
56168.32954  19.160  0.065
filter Ks2m
55960.40000  15.081  0.000
55961.40000  14.684  0.000
55961.40000  15.140  0.000
55961.50000  15.130  0.000
55961.80000  15.160  0.000
55962.80000  15.040  0.000
55964.80000  14.910  0.000
55965.80000  14.580  0.000
55966.40000  14.602  14.419
55966.80000  14.620  0.000
55967.80000  14.530  0.000
55968.40000  14.334  0.000
55968.80000  14.400  0.000
55969.40000  14.257  0.000
55969.70000  14.310  0.000
55970.70000  14.270  0.000
55971.80000  14.290  0.000
55973.80000  14.120  0.000
55974.40000  14.062  0.000
55974.80000  14.160  0.000
55975.80000  14.130  0.000
55976.40000  13.753  0.000
55977.40000  13.917  0.000
55977.40000  13.940  0.000
55977.80000  14.040  0.000
55990.80000  14.200  0.000
55993.70000  14.300  0.000
55996.80000  14.320  0.000
56006.80000  14.600  0.000
56021.70000  16.580  0.000
56027.70000  16.420  0.000
55960.40000  15.081  0.000
55961.40000  14.684  0.000
55961.40000  15.140  0.000
55961.50000  15.130  0.000
55961.80000  15.160  0.000
55962.80000  15.040  0.000
55964.80000  14.910  0.000
55965.80000  14.580  0.000
55966.40000  14.602  14.419
55966.80000  14.620  0.000
55967.80000  14.530  0.000
55968.40000  14.334  0.000
55968.80000  14.400  0.000
55969.40000  14.257  0.000
55969.70000  14.310  0.000
55970.70000  14.270  0.000
55971.80000  14.290  0.000
55973.80000  14.120  0.000
55974.40000  14.062  0.000
55974.80000  14.160  0.000
55975.80000  14.130  0.000
55976.40000  13.753  0.000
55977.40000  13.917  0.000
55977.40000  13.940  0.000
55977.80000  14.040  0.000
55990.80000  14.200  0.000
55993.70000  14.300  0.000
55996.80000  14.320  0.000
56006.80000  14.600  0.000
56021.70000  16.580  0.000
56027.70000  16.420  0.000
55960.40000  15.081  0.485
55961.40000  14.684  0.311
55961.40000  15.140  0.050
55961.50000  15.130  0.280
55961.80000  15.160  0.100
55962.80000  15.040  0.100
55964.80000  14.910  0.160
55965.80000  14.580  0.060
55966.40000  14.419  0.156
55966.80000  14.620  0.060
55967.80000  14.530  0.050
55968.40000  14.334  0.112
55968.40000  14.250  0.090
55968.80000  14.400  0.040
55969.40000  14.257  0.016
55969.50000  14.440  0.110
55969.70000  14.310  0.040
55970.70000  14.270  0.040
55971.80000  14.290  0.040
55973.80000  14.120  0.040
55974.40000  14.062  0.060
55974.80000  14.160  0.040
55975.80000  14.130  0.040
55976.40000  13.753  0.203
55977.40000  13.917  0.034
55977.40000  13.940  0.080
55977.80000  14.040  0.040
55990.80000  14.200  0.050
55993.70000  14.300  0.060
55996.80000  14.320  0.060
56006.80000  14.600  0.150
56021.70000  16.580  0.720
56027.70000  16.420  0.520
filter Rs
55960.40000  15.130  0.020
55960.50000  15.096  0.046
55961.40000  14.930  0.020
55961.40000  15.181  0.029
55961.50000  14.973  0.004
55961.50000  14.803  0.175
55964.40000  14.530  0.040
55965.40000  14.273  0.077
55965.40000  14.495  0.033
55965.40000  14.423  0.100
55965.40000  14.510  0.040
55966.40000  14.385  0.117
55966.50000  14.340  0.020
55966.50000  14.360  0.020
55968.40000  14.322  0.025
55968.40000  14.280  0.010
55969.50000  14.284  0.041
55969.60000  14.300  0.005
55971.50000  14.244  0.033
55971.50000  14.154  0.005
55972.50000  14.150  0.020
55973.40000  14.150  0.010
55974.40000  14.204  0.031
55974.40000  14.159  0.101
55975.40000  14.220  0.010
55975.40000  14.217  0.107
55975.50000  14.211  0.028
55976.40000  14.208  0.028
55976.40000  14.226  0.104
55976.40000  14.220  0.010
55977.40000  14.270  0.028
55977.40000  14.276  0.110
55977.40000  14.200  0.010
55980.40000  14.286  0.110
55980.50000  14.288  0.079
55983.40000  14.422  0.027
55983.40000  14.410  0.020
55983.70000  14.420  0.030
55984.40000  14.484  0.026
55984.40000  14.486  0.110
55985.70000  14.578  0.009
55986.50000  14.574  0.036
55987.40000  14.626  0.110
55987.50000  14.648  0.004
55988.50000  14.701  0.011
55994.50000  15.046  0.006
55996.40000  15.172  0.037
55997.40000  15.202  0.039
55998.40000  15.243  0.032
55999.50000  15.220  0.030
56000.50000  15.282  0.060
56005.40000  15.616  0.114
56006.40000  15.550  0.072
56214.70000  20.425  0.304
56223.40000  21.107  0.096
55959.12000  15.452  0.030
55961.12000  15.055  0.037
55962.11000  14.843  0.032
55963.12000  14.728  0.024
55966.11000  14.440  0.022
55974.12000  14.189  0.018
55978.12000  14.194  0.021
55980.12000  14.253  0.020
55982.13000  14.325  0.030
55990.13000  14.788  0.026
55991.13000  14.851  0.029
55992.15000  14.879  0.027
55995.15000  15.076  0.032
55996.14000  15.128  0.029
56135.48000  19.072  0.204
56197.54000  19.595  0.403
filter u_s
55965.40000  14.072  0.106
filter V
55960.50000  15.273  0.230
55961.50000  14.778  0.024
55965.40000  14.871  0.050
55965.40000  14.661  0.048
55966.40000  14.598  0.003
55968.40000  14.518  0.024
55969.50000  14.506  0.042
55971.50000  14.448  0.027
55974.40000  14.500  0.030
55975.50000  14.500  0.024
55976.40000  14.528  0.024
55977.40000  14.579  0.025
55977.40000  14.603  0.012
55979.40000  14.722  0.015
55980.50000  14.740  0.057
55983.40000  14.944  0.025
55983.70000  15.030  0.050
55984.40000  15.020  0.025
55985.40000  15.192  0.034
55985.70000  15.334  0.009
55986.50000  15.234  0.041
55996.40000  15.883  0.044
55997.40000  15.758  0.034
55998.40000  15.807  0.038
56006.40000  16.047  0.139
56223.40000  21.341  0.050
55955.17000  18.363  0.069
55957.15000  16.443  0.037
55959.12000  15.728  0.026
55961.12000  15.244  0.029
55962.11000  15.070  0.022
55963.12000  14.927  0.022
55966.11000  14.661  0.019
55974.12000  14.510  0.017
55978.12000  14.588  0.020
55980.12000  14.691  0.021
55982.13000  14.812  0.023
55990.13000  15.421  0.027
55991.13000  15.475  0.033
55992.15000  15.500  0.031
55995.15000  15.712  0.036
55996.14000  15.742  0.033
56135.48000  19.315  0.224
56197.54000  19.747  0.360
filter Vk
55969.10  14.48  0.01
55977.12  14.52  0.01
55978.14  14.60  0.01
55992.12  15.61  0.01
filter V
55959.07000  15.676  0.007
55960.07000  15.416  0.009
55961.07000  15.214  0.008
55962.06000  15.028  0.005
55963.08000  14.896  0.004
55964.10000  14.785  0.005
55965.11000  14.698  0.007
55966.09000  14.619  0.005
55967.09000  14.562  0.005
55968.09000  14.512  0.006
55969.09000  14.479  0.007
55970.06000  14.458  0.008
55971.07000  14.412  0.006
55972.07000  14.422  0.006
55973.05000  14.428  0.006
55974.07000  14.437  0.004
55979.08000  14.671  0.006
55985.04000  15.121  0.005
55986.07000  15.204  0.005
55988.07000  15.364  0.005
55991.08000  15.559  0.004
55992.06000  15.643  0.008
55993.03000  15.694  0.005
55994.04000  15.749  0.006
55995.04000  15.797  0.007
55996.03000  15.848  0.006
55997.02000  15.890  0.006
55998.02000  15.923  0.006
55999.02000  15.994  0.009
56000.06000  15.995  0.004
56001.05000  16.024  0.007
56002.05000  16.045  0.006
56003.05000  16.085  0.004
56004.05000  16.103  0.004
56005.05000  16.121  0.005
56006.04000  16.157  0.006
56007.02000  16.188  0.009
56009.02000  16.213  0.006
56010.01000  16.235  0.007
56011.02000  16.253  0.007
56012.03000  16.273  0.005
56015.03000  16.335  0.008
56017.02000  16.358  0.007
56018.99000  16.386  0.008
56233.32000  20.876  0.206
filter Ydw
55992.01541  13.899  0.013
55996.99164  14.047  12.000
55999.99606  14.139  12.000
56000.99526  14.185  0.013
56021.96819  14.912  0.011
56167.35063  19.818  0.055
filter g_s
55960.40000  15.330  0.020
55961.40000  15.160  0.030
55961.50000  15.125  0.004
55964.40000  14.950  0.060
55965.40000  14.738  0.047
55965.40000  14.770  0.050
55966.40000  14.714  0.047
55966.50000  14.720  0.030
55966.50000  14.790  0.030
55968.40000  14.670  0.010
55969.60000  14.669  0.005
55971.50000  14.667  0.003
55972.50000  14.820  0.050
55973.40000  14.800  0.020
55974.40000  14.784  0.063
55975.40000  14.870  0.020
55975.40000  14.893  0.059
55976.40000  14.906  0.057
55976.40000  15.000  0.020
55977.40000  15.090  0.060
55977.40000  15.100  0.020
55980.40000  15.420  0.060
55983.40000  15.670  0.050
55984.40000  15.840  0.060
55987.40000  16.170  0.170
55987.50000  16.165  0.007
55988.50000  16.195  0.034
55994.50000  16.611  0.024
55999.50000  17.000  0.190
filter g
55959.07000  15.533  0.004
55961.07000  15.106  0.004
55963.08000  14.839  0.004
55964.10000  14.746  0.006
55965.11000  14.697  0.006
55968.09000  14.584  0.007
55969.09000  14.572  0.004
55970.06000  14.579  0.004
55971.07000  14.586  0.007
55972.07000  14.646  0.004
55973.05000  14.698  0.004
55974.07000  14.750  0.004
55979.08000  15.235  0.005
55985.04000  15.934  0.004
55986.07000  16.063  0.008
55988.07000  16.211  0.005
55990.08000  16.352  0.006
55991.08000  16.422  0.008
55992.06000  16.511  0.006
55993.03000  16.562  0.006
55994.04000  16.599  0.007
55995.04000  16.668  0.008
55996.03000  16.713  0.009
55997.02000  16.743  0.007
55998.02000  16.773  0.004
55999.02000  16.819  0.011
56000.06000  16.826  0.008
56001.05000  16.847  0.005
56002.05000  16.853  0.005
56003.05000  16.877  0.005
56004.05000  16.912  0.006
56006.04000  16.954  0.008
56007.02000  16.975  0.009
56009.02000  16.978  0.006
56010.01000  17.000  0.007
56014.01000  17.056  0.007
56017.99000  17.097  0.010
filter ik
55969.10  14.56  0.01
55977.11  14.38  0.01
55978.13  14.37  0.01
55992.11  14.88  0.01
55994.10  14.98  0.01
filter i
55959.07000  15.753  0.008
55960.07000  15.488  0.009
55961.07000  15.282  0.005
55962.06000  15.115  0.005
55963.08000  14.985  0.004
55964.10000  14.871  0.008
55965.11000  14.783  0.008
55966.09000  14.698  0.006
55967.09000  14.623  0.007
55968.09000  14.578  0.008
55969.09000  14.517  0.008
55970.06000  14.467  0.007
55971.07000  14.431  0.009
55972.07000  14.423  0.008
55973.05000  14.389  0.005
55974.07000  14.370  0.004
55985.04000  14.470  0.004
55986.07000  14.517  0.004
55988.07000  14.608  0.004
55990.08000  14.716  0.005
55991.08000  14.769  0.004
55992.06000  14.811  0.006
55993.03000  14.875  0.004
55994.04000  14.922  0.006
55995.04000  14.969  0.007
55996.03000  15.023  0.008
55997.02000  15.072  0.008
55998.02000  15.101  0.004
55999.02000  15.168  0.010
56000.06000  15.172  0.006
56001.05000  15.214  0.005
56002.05000  15.252  0.006
56003.05000  15.275  0.004
56004.05000  15.316  0.004
56005.05000  15.341  0.004
56006.04000  15.385  0.008
56007.02000  15.404  0.009
56009.02000  15.452  0.006
56010.01000  15.498  0.008
56014.01000  15.606  0.005
56017.99000  15.714  0.004
56233.32000  20.381  0.119
filter rk
55969.10  14.39  0.01
55977.11  14.29  0.01
55978.13  14.33  0.01
55992.12  15.03  0.01
55994.10  15.15  0.01
filter r
55959.07000  15.582  0.005
55960.07000  15.322  0.009
55961.07000  15.124  0.005
55963.08000  14.814  0.004
55964.10000  14.704  0.006
55965.11000  14.608  0.008
55967.09000  14.472  0.006
55968.09000  14.417  0.006
55969.09000  14.369  0.004
55970.06000  14.336  0.005
55971.07000  14.288  0.009
55972.07000  14.287  0.005
55973.05000  14.279  0.004
55974.07000  14.268  0.004
55979.08000  14.322  0.005
55985.04000  14.604  0.004
55988.07000  14.800  0.004
55990.08000  14.925  0.005
55991.08000  14.983  0.005
55992.06000  15.047  0.008
55993.03000  15.100  0.004
55994.04000  15.157  0.004
55995.04000  15.215  0.006
55996.03000  15.267  0.008
55997.02000  15.310  0.007
55998.02000  15.349  0.004
55999.02000  15.396  0.009
56000.06000  15.418  0.004
56001.05000  15.467  0.004
56002.05000  15.502  0.004
56003.05000  15.530  0.004
56004.05000  15.563  0.004
56006.04000  15.623  0.006
56007.02000  15.676  0.009
56009.02000  15.702  0.006
56010.01000  15.741  0.006
56014.01000  15.850  0.005
56017.99000  15.942  0.004
filter u
55959.07000  15.631  0.011
55960.07000  15.448  0.008
55961.07000  15.323  0.006
55962.06000  15.233  0.007
55963.08000  15.190  0.011
55965.11000  15.165  0.016
55966.09000  15.156  0.013
55967.09000  15.199  0.012
55968.09000  15.254  0.008
55969.09000  15.321  0.009
55970.06000  15.425  0.009
55971.07000  15.520  0.010
55972.07000  15.629  0.009
55973.05000  15.751  0.009
55974.07000  15.893  0.007
55979.08000  16.859  0.009
55985.04000  17.998  0.015
55986.07000  18.138  0.017
55988.07000  18.350  0.024
55990.08000  18.496  0.051
55991.08000  18.672  0.076
55992.06000  18.656  0.041
55994.04000  18.764  0.067
55995.04000  18.880  0.064
55996.03000  18.945  0.038
55997.02000  19.017  0.023
55998.02000  19.063  0.030
55999.02000  19.024  0.021
filter UVM2
55959.27000  17.001  0.091
55961.45000  17.191  0.093
55964.52000  17.435  0.096
55966.50000  17.811  0.102
55968.16000  17.855  0.103
55976.46000  19.565  0.296
filter UVW1
55959.27000  15.853  0.075
55961.45000  15.802  0.070
55964.52000  15.892  0.082
55966.50000  16.241  0.091
55968.16000  16.362  0.087
55970.61000  17.296  0.104
55979.10000  18.034  0.137
55981.86000  18.093  0.171
55989.29000  19.094  0.219
55991.63000  19.341  0.262
55993.51000  19.483  0.290
55997.58000  19.532  0.302
filter UVW2
55959.27000  17.217  0.122
55961.45000  17.257  0.114
55964.52000  17.371  0.116
55966.50000  17.567  0.118
55968.16000  17.683  0.118
55979.10000  19.128  0.230
55981.86000  19.600  0.376
