SN2006os 0.032787 43.754583 16.009667
filter B
54065.12  18.132  0.012
54066.25  18.195  0.013
54069.12  18.291  0.017
54073.14  18.685  0.055
54075.16  18.827  0.041
54080.15  19.461  0.027
54084.13  19.902  0.034
54087.11  20.214  0.038
54091.09  20.581  0.067
filter g
54065.13  17.915  0.009
54066.25  17.945  0.009
54069.13  18.042  0.011
54073.16  18.299  0.027
54075.13  18.460  0.021
54080.17  18.957  0.014
54084.11  19.386  0.018
54087.09  19.654  0.019
54091.11  20.062  0.030
54096.06  20.386  0.052
54105.09  20.654  0.067
54108.10  20.812  0.028
54121.10  20.887  0.051
filter i
54065.14  17.856  0.014
54066.26  17.875  0.012
54069.14  17.904  0.014
54073.17  18.158  0.027
54075.14  18.289  0.021
54080.18  18.373  0.018
54084.12  18.316  0.017
54087.10  18.270  0.016
54096.07  18.490  0.029
54102.11  18.924  0.049
54105.10  19.103  0.024
54108.12  19.257  0.027
54121.11  19.765  0.047
54128.10  19.991  0.070
54133.06  20.235  0.100
filter H
54066.21  17.535  0.076
54066.21  17.704  0.082
54070.13  17.827  0.190
54073.22  18.002  0.074
54073.22  18.116  0.076
54077.16  17.663  0.162
54077.17  17.823  0.183
filter J
54063.16  17.435  0.076
54063.17  17.235  0.070
54066.19  17.599  0.015
54066.20  17.599  0.016
54070.12  18.064  0.124
54073.20  18.505  0.032
54073.21  18.500  0.038
54077.15  18.625  0.193
54083.16  18.605  0.197
filter r
54065.14  17.505  0.009
54066.26  17.486  0.007
54069.13  17.524  0.010
54073.16  17.701  0.016
54075.14  17.830  0.012
54080.18  18.057  0.010
54084.11  18.154  0.010
54087.09  18.222  0.012
54091.11  18.408  0.012
54096.07  18.765  0.016
54102.10  19.181  0.059
54105.10  19.175  0.021
54108.11  19.340  0.015
54121.11  19.691  0.023
54128.09  20.026  0.052
54133.05  20.140  0.072
filter u
54065.12  19.021  0.038
54069.12  19.472  0.074
54073.15  19.765  0.158
54080.16  21.069  0.177
filter V
54065.11  17.779  0.011
54066.24  17.768  0.009
54069.11  17.831  0.013
54073.13  17.952  0.022
54075.15  18.119  0.019
54080.15  18.394  0.013
54084.13  18.681  0.017
54087.11  18.835  0.017
54091.09  19.134  0.020
54096.08  19.418  0.041
54102.11  19.734  0.082
54105.11  19.777  0.051
54108.12  19.892  0.031
54121.12  20.221  0.041
filter Y
54063.13  17.587  0.056
54063.14  17.568  0.052
54070.10  18.076  0.063
54077.13  18.069  0.065
54077.14  18.022  0.058
54083.12  17.788  0.052
54083.13  17.866  0.054
54090.07  17.327  0.029
54090.08  17.397  0.024
54098.07  17.538  0.038
54098.09  17.533  0.040
54103.10  17.774  0.042
54103.11  17.866  0.046
54109.11  18.161  0.133
54109.13  17.868  0.141
filter Ydw
54066.17  17.855  0.022
54066.18  17.895  0.025
54073.19  18.192  0.031
54073.19  18.158  0.030
