SN2009le 0.017773 32.321417 -23.412444
filter Jrc2
55153.05  16.872  0.019
55153.06  16.851  0.021
55154.22  16.477  0.012
55154.22  16.440  0.014
filter g
55155.10  16.274  0.008
55156.13  16.029  0.007
55157.11  15.833  0.010
55164.15  15.319  0.006
55165.07  15.304  0.013
55166.10  15.303  0.012
55167.13  15.323  0.013
55168.12  15.332  0.006
55169.08  15.334  0.014
filter i
55155.11  16.603  0.012
55156.15  16.344  0.011
55157.12  16.181  0.012
55164.16  15.870  0.010
55165.08  15.875  0.011
55166.11  15.912  0.013
55167.14  15.920  0.014
55168.13  15.945  0.010
55169.09  15.982  0.013
filter H
55153.03  17.030  0.055
55153.04  16.926  0.057
55154.20  16.656  0.044
55154.21  16.665  0.040
filter r
55155.11  16.289  0.010
55156.14  16.056  0.009
55157.11  15.869  0.012
55164.16  15.303  0.008
55165.07  15.270  0.010
55166.11  15.260  0.012
55167.14  15.266  0.014
55168.12  15.286  0.011
55169.09  15.277  0.012
filter u
55155.12  17.046  0.011
55156.13  16.660  0.014
55157.10  16.425  0.010
55164.15  15.908  0.009
55165.06  15.927  0.009
55166.10  15.982  0.010
55167.13  16.032  0.012
55168.11  16.092  0.010
55169.08  16.151  0.011
filter V
55155.14  16.282  0.011
55156.11  16.067  0.008
55156.15  16.066  0.008
55157.09  15.901  0.006
55164.13  15.328  0.007
55165.05  15.310  0.008
55166.09  15.281  0.008
55167.12  15.285  0.009
55168.10  15.261  0.011
55169.07  15.302  0.009
filter Y
55153.00  17.025  0.021
55153.02  16.981  0.021
55154.18  16.579  0.017
55154.19  16.596  0.017
filter B
55155.13  16.364  0.008
55156.12  16.108  0.006
55156.16  16.097  0.009
55157.09  15.925  0.006
55164.14  15.414  0.005
55165.06  15.418  0.008
55166.09  15.408  0.007
55167.12  15.418  0.007
55168.10  15.448  0.011
55169.06  15.481  0.008
