SN2007as 0.017560 141.900042 -80.177556
filter B
54181.21  15.972  0.005
54182.23  15.994  0.006
54185.13  16.103  0.006
54190.19  16.478  0.008
54194.08  16.925  0.009
54203.24  17.996  0.011
54207.09  18.357  0.012
54213.04  18.782  0.020
54218.10  19.034  0.040
54224.02  19.136  0.044
54227.09  19.207  0.041
54229.04  19.254  0.023
54231.08  19.204  0.020
54236.01  19.302  0.033
54239.03  19.356  0.022
54243.05  19.402  0.032
54245.02  19.379  0.040
54259.01  19.604  0.035
filter g
54181.19  15.858  0.005
54182.21  15.855  0.006
54185.11  15.937  0.004
54190.20  16.233  0.004
54194.06  16.577  0.005
54197.08  16.873  0.006
54203.25  17.486  0.007
54207.07  17.880  0.011
54213.02  18.353  0.011
54218.12  18.535  0.019
54224.04  18.721  0.025
54227.09  18.741  0.022
54229.05  18.827  0.013
54231.08  18.796  0.010
54235.99  18.924  0.012
54239.01  18.938  0.015
54243.06  19.006  0.018
54245.04  19.055  0.023
54258.98  19.245  0.017
filter i
54181.19  16.316  0.006
54182.22  16.335  0.008
54185.12  16.380  0.006
54190.21  16.835  0.007
54194.07  17.097  0.009
54197.09  17.101  0.009
54203.27  16.862  0.007
54207.08  16.795  0.007
54213.03  17.235  0.008
54218.13  17.573  0.011
54224.05  17.867  0.011
54227.11  18.021  0.016
54229.06  18.109  0.012
54231.10  18.197  0.015
54236.00  18.399  0.019
54239.02  18.520  0.025
54243.08  18.676  0.026
54245.05  18.772  0.027
54258.99  19.230  0.043
filter H
54175.11  16.175  0.066
54175.12  16.206  0.066
54180.12  16.165  0.050
54183.13  16.420  0.059
54183.14  16.329  0.052
54193.08  16.923  0.081
54193.09  16.760  0.073
54208.05  16.324  0.058
54208.06  16.310  0.064
54219.07  16.931  0.104
54219.08  17.063  0.089
54224.00  17.318  0.036
54224.01  17.335  0.031
filter J
54175.08  16.045  0.025
54175.09  16.038  0.028
54180.07  15.969  0.022
54180.08  15.973  0.024
54183.11  16.192  0.025
54183.12  16.230  0.031
54193.07  17.594  0.088
54193.07  17.737  0.084
54208.03  16.954  0.056
54208.04  17.009  0.046
54219.05  18.003  0.112
54219.06  17.875  0.088
54223.99  18.272  0.045
54224.00  18.303  0.042
54230.18  18.596  0.159
filter r
54181.19  15.727  0.005
54182.21  15.706  0.006
54185.12  15.725  0.005
54190.21  16.071  0.005
54194.06  16.373  0.006
54197.08  16.466  0.007
54203.26  16.517  0.007
54207.07  16.670  0.007
54213.03  17.136  0.008
54218.12  17.428  0.009
54224.04  17.643  0.010
54227.10  17.756  0.010
54229.05  17.824  0.009
54231.09  17.871  0.010
54235.99  18.063  0.010
54239.01  18.179  0.010
54243.07  18.331  0.014
54245.04  18.372  0.015
54258.98  18.832  0.018
filter u
54181.20  16.836  0.014
54182.22  16.893  0.015
54185.13  17.103  0.016
54190.20  17.602  0.028
54194.07  18.055  0.040
54197.09  18.555  0.045
54203.25  19.273  0.046
54207.08  19.600  0.078
54213.03  19.909  0.113
filter V
54181.20  15.822  0.004
54182.23  15.806  0.006
54185.13  15.829  0.004
54190.19  16.039  0.005
54194.07  16.316  0.006
54197.10  16.515  0.006
54203.23  16.852  0.006
54207.09  17.123  0.008
54213.04  17.583  0.008
54218.09  17.840  0.013
54224.03  18.023  0.017
54227.08  18.112  0.015
54229.03  18.201  0.013
54231.07  18.246  0.016
54236.01  18.396  0.025
54239.03  18.466  0.013
54243.04  18.614  0.021
54245.02  18.624  0.017
54259.00  18.940  0.020
filter Y
54175.10  16.162  0.020
54175.10  16.146  0.016
54180.09  16.138  0.018
54180.10  16.157  0.024
54183.09  16.441  0.018
54183.10  16.446  0.023
54193.05  16.951  0.030
54193.06  17.005  0.039
54208.01  15.994  0.019
54208.02  15.965  0.017
54219.03  16.614  0.024
54219.04  16.639  0.023
54230.15  17.305  0.031
54230.16  17.250  0.033
54237.95  17.646  0.108
54237.96  17.812  0.128
54244.02  18.023  0.119
54244.03  18.074  0.112
filter Ydw
54223.96  16.926  0.017
54223.98  16.913  0.017
54255.08  18.509  0.067
54255.09  18.655  0.062
