SN2007hx 0.079760 31.612833 -0.899528
filter B
54354.25  19.416  0.016
54357.34  19.506  0.027
54359.29  19.453  0.067
54363.19  19.892  0.043
54365.28  19.994  0.044
54376.20  21.327  0.071
54378.31  21.659  0.118
54380.30  21.750  0.120
54383.21  21.890  0.141
54386.29  21.928  0.115
filter g
54354.27  19.265  0.012
54357.32  19.291  0.018
54359.27  19.343  0.035
54363.20  19.650  0.024
54365.29  19.737  0.029
54376.20  20.659  0.032
54378.29  20.984  0.049
54380.28  21.061  0.044
54383.19  21.281  0.048
54386.29  21.441  0.046
54392.24  21.662  0.083
filter i
54354.29  19.409  0.022
54357.33  19.401  0.032
54359.28  19.556  0.108
54363.22  19.703  0.034
54365.31  19.835  0.047
54376.22  20.103  0.046
54378.30  20.068  0.045
54380.29  19.831  0.045
54383.20  19.984  0.041
54386.29  19.923  0.035
54392.25  20.450  0.079
54411.23  21.331  0.125
filter r
54354.28  19.056  0.013
54357.33  19.065  0.017
54359.27  19.023  0.062
54363.21  19.285  0.017
54365.30  19.446  0.026
54376.21  19.891  0.026
54378.29  19.931  0.034
54380.28  19.994  0.030
54383.20  20.181  0.033
54386.29  20.351  0.026
54392.25  20.678  0.059
54411.22  21.191  0.060
filter u
54354.26  20.167  0.081
54357.33  20.200  0.118
filter V
54354.24  19.131  0.017
54354.35  19.122  0.015
54357.34  19.139  0.022
54359.29  19.131  0.053
54363.18  19.408  0.030
54365.27  19.392  0.029
54376.19  20.092  0.029
54378.31  20.279  0.056
54380.30  20.452  0.058
54383.21  20.540  0.053
54386.29  21.043  0.056
filter Y
54355.33  19.375  0.082
54355.35  19.228  0.127
54379.29  19.341  0.070
54379.31  19.256  0.096
54386.21  19.183  0.064
54386.24  19.214  0.069
54387.21  19.204  0.106
54387.24  19.196  0.095
54393.21  19.331  0.090
54393.24  19.415  0.111
filter Ydw
54364.33  19.663  0.043
54365.30  19.739  0.041
54367.30  19.811  0.042
