SN2006X 0.005237 185.724958 15.809194
filter B
53775.19  16.690  0.008
53778.36  15.900  0.010
53780.37  15.613  0.011
53780.37  15.595  0.011
53783.23  15.401  0.009
53784.33  15.366  0.010
53785.30  15.352  0.011
53786.33  15.357  0.009
53788.34  15.414  0.010
53790.31  15.497  0.009
53795.28  15.893  0.009
53798.31  16.213  0.010
53799.30  16.311  0.008
53802.28  16.633  0.011
53804.27  16.842  0.011
53805.23  16.923  0.012
53809.25  17.233  0.024
53815.23  17.733  0.015
53818.28  17.902  0.017
53824.26  18.127  0.014
53831.22  18.197  0.015
53832.27  18.211  0.014
53835.16  18.233  0.017
53838.21  18.275  0.043
53841.22  18.332  0.023
53845.15  18.276  0.014
53850.16  18.361  0.015
53853.16  18.410  0.014
53858.11  18.496  0.028
53862.18  18.510  0.022
53866.11  18.491  0.024
53870.15  18.566  0.034
53872.14  18.597  0.019
53890.10  18.897  0.025
53891.10  18.852  0.026
53905.96  19.128  0.022
filter g
53775.17  16.154  0.006
53778.36  15.405  0.006
53783.22  14.892  0.005
53784.33  14.857  0.006
53785.31  14.827  0.006
53786.34  14.812  0.006
53788.35  14.817  0.008
53790.29  14.851  0.007
53795.29  15.094  0.006
53798.29  15.330  0.008
53799.29  15.409  0.006
53802.29  15.632  0.007
53804.28  15.801  0.006
53805.24  15.863  0.007
53809.23  16.191  0.013
53815.21  16.727  0.008
53818.29  16.943  0.008
53819.27  17.001  0.011
53824.23  17.168  0.007
53831.19  17.310  0.012
53832.29  17.328  0.011
53835.18  17.381  0.011
53838.19  17.441  0.016
53841.24  17.463  0.011
53845.16  17.454  0.009
53850.17  17.595  0.009
53853.17  17.640  0.012
53858.09  17.720  0.012
53862.16  17.779  0.012
53866.12  17.830  0.013
53870.13  17.885  0.015
53872.12  17.923  0.011
53890.08  18.190  0.013
53891.08  18.221  0.014
filter i
53775.18  14.929  0.006
53778.37  14.182  0.007
53783.22  13.839  0.006
53784.34  13.825  0.009
53785.32  13.856  0.009
53786.35  13.884  0.006
53788.36  13.920  0.009
53790.30  13.970  0.006
53795.29  14.325  0.006
53798.29  14.505  0.008
53799.29  14.506  0.006
53802.30  14.447  0.009
53804.29  14.357  0.006
53805.25  14.335  0.009
53809.23  14.219  0.008
53815.22  14.316  0.009
53818.30  14.548  0.007
53819.29  14.621  0.013
53824.24  14.930  0.007
53831.20  15.246  0.016
53832.30  15.276  0.009
53835.19  15.386  0.009
53838.19  15.497  0.009
53841.25  15.623  0.007
53845.17  15.720  0.006
53850.18  15.940  0.010
53853.18  16.044  0.011
53858.10  16.228  0.007
53862.17  16.347  0.008
53866.13  16.483  0.010
53870.14  16.621  0.008
53872.13  16.662  0.011
53890.09  17.201  0.009
53891.09  17.246  0.011
filter H
53776.34  13.306  0.019
53777.35  13.186  0.020
53777.38  13.216  0.020
53779.38  13.054  0.021
53782.35  13.014  0.018
53784.34  13.109  0.026
53784.35  13.100  0.027
53786.35  13.198  0.026
53786.35  13.201  0.026
53787.35  13.208  0.027
53787.35  13.219  0.027
53788.34  13.268  0.027
53788.34  13.277  0.027
53789.32  13.261  0.022
53796.33  13.421  0.020
53797.32  13.424  0.019
53800.34  13.327  0.021
53803.31  13.209  0.021
53807.27  13.059  0.017
53808.31  13.028  0.020
53810.27  13.003  0.019
53813.26  13.011  0.019
53817.33  13.172  0.022
53820.25  13.409  0.022
53826.28  13.714  0.020
53829.25  13.846  0.023
53830.25  13.906  0.023
53833.26  14.058  0.027
53833.27  14.071  0.027
53835.18  14.168  0.026
53835.18  14.100  0.028
53839.18  14.242  0.023
53843.22  14.494  0.027
53843.22  14.531  0.027
53845.20  14.605  0.027
53845.20  14.617  0.027
53846.19  14.631  0.027
53846.20  14.626  0.027
53848.22  14.647  0.028
53851.17  14.781  0.028
53859.14  15.097  0.047
53868.13  15.511  0.033
filter K
53784.35  12.918  0.014
53784.36  12.910  0.012
53786.36  12.928  0.013
53786.36  12.918  0.012
53787.36  12.997  0.014
53787.36  12.940  0.013
53788.34  12.971  0.014
53788.35  12.944  0.013
53833.27  14.138  0.016
53833.28  14.126  0.014
53835.19  14.153  0.018
53835.19  14.206  0.014
53843.23  14.521  0.017
53843.23  14.531  0.015
53845.21  14.561  0.021
53846.20  14.657  0.016
53846.21  14.627  0.016
filter J
53776.34  13.322  0.022
53777.34  13.150  0.022
53777.37  13.156  0.023
53779.36  12.941  0.023
53782.34  12.850  0.018
53784.33  12.933  0.022
53784.34  12.916  0.022
53786.34  13.024  0.022
53786.35  13.058  0.022
53787.34  13.135  0.022
53787.34  13.135  0.022
53789.32  13.244  0.019
53796.33  14.370  0.024
53797.32  14.506  0.023
53800.33  14.560  0.023
53803.30  14.463  0.024
53807.26  14.268  0.020
53808.31  14.193  0.021
53810.27  14.065  0.021
53813.26  13.805  0.021
53817.33  13.876  0.021
53820.24  14.135  0.022
53826.27  14.688  0.021
53829.24  14.894  0.026
53830.24  15.017  0.027
53833.26  15.149  0.023
53833.26  15.262  0.022
53835.17  15.376  0.022
53835.17  15.372  0.022
53839.18  15.564  0.035
53843.21  15.947  0.023
53843.22  15.929  0.022
53845.19  16.068  0.023
53846.18  16.125  0.024
53846.19  16.114  0.024
53848.22  16.164  0.058
53851.17  16.329  0.055
53859.13  16.764  0.081
53860.13  16.892  0.054
53868.12  17.269  0.053
filter r
53775.18  14.795  0.006
53778.37  14.178  0.008
53783.22  13.774  0.007
53785.32  13.692  0.008
53786.34  13.669  0.008
53788.36  13.635  0.008
53790.29  13.680  0.008
53795.29  13.970  0.007
53798.29  14.172  0.009
53799.29  14.198  0.007
53802.30  14.266  0.009
53804.28  14.283  0.007
53805.24  14.295  0.010
53809.23  14.329  0.008
53815.22  14.642  0.008
53818.30  14.900  0.009
53819.28  14.968  0.013
53824.24  15.224  0.006
53831.20  15.483  0.017
53832.29  15.512  0.008
53835.18  15.616  0.010
53838.19  15.722  0.010
53841.25  15.822  0.009
53845.16  15.928  0.009
53850.17  16.112  0.009
53853.17  16.201  0.011
53858.10  16.368  0.010
53862.17  16.497  0.008
53866.12  16.613  0.011
53870.13  16.741  0.008
53872.13  16.804  0.011
53890.08  17.361  0.009
53891.09  17.386  0.011
filter u
53775.18  18.542  0.043
53778.36  17.807  0.035
53783.22  17.453  0.033
53784.33  17.465  0.026
53785.31  17.468  0.025
53786.34  17.487  0.018
53788.35  17.558  0.017
53790.30  17.728  0.017
53795.28  18.119  0.020
53798.30  18.447  0.023
53799.30  18.607  0.026
53802.29  19.021  0.032
53804.28  19.235  0.041
53805.23  19.372  0.060
53809.24  19.660  0.175
53815.23  20.242  0.079
53818.29  20.451  0.088
53819.26  20.518  0.048
53824.25  20.712  0.116
filter V
53775.18  15.486  0.006
53778.35  14.791  0.008
53780.37  14.513  0.006
53783.23  14.263  0.007
53784.32  14.210  0.007
53785.30  14.176  0.010
53786.33  14.139  0.007
53788.34  14.112  0.008
53790.31  14.120  0.007
53795.28  14.331  0.006
53798.30  14.550  0.007
53799.30  14.607  0.005
53802.28  14.776  0.007
53804.27  14.862  0.006
53805.22  14.915  0.008
53809.24  15.095  0.008
53815.23  15.488  0.009
53818.28  15.720  0.009
53819.25  15.778  0.009
53824.26  15.986  0.007
53831.22  16.206  0.011
53832.27  16.229  0.010
53835.15  16.317  0.009
53838.21  16.402  0.011
53841.22  16.491  0.009
53845.15  16.546  0.008
53850.16  16.708  0.008
53853.15  16.789  0.009
53858.11  16.923  0.009
53862.18  17.022  0.010
53866.12  17.104  0.011
53870.14  17.215  0.009
53872.14  17.253  0.011
53890.09  17.651  0.011
53891.10  17.689  0.012
53905.96  18.018  0.014
filter Y
53776.33  13.549  0.011
53777.33  13.392  0.016
53777.36  13.384  0.015
53779.34  13.204  0.013
53782.33  13.181  0.015
53789.31  13.650  0.016
53796.32  13.956  0.015
53797.31  13.939  0.019
53800.32  13.801  0.015
53803.29  13.589  0.020
53808.30  13.226  0.016
53810.26  13.058  0.015
53813.25  12.864  0.014
53817.32  12.897  0.017
53820.23  13.098  0.019
53826.26  13.438  0.013
53829.23  13.606  0.015
53830.23  13.672  0.016
53839.17  14.166  0.014
53848.21  14.664  0.018
53851.16  14.825  0.017
53859.10  15.241  0.017
53868.11  15.671  0.024
filter Ydw
53784.32  13.342  0.013
53784.33  13.337  0.014
53786.33  13.487  0.013
53786.34  13.427  0.013
53787.33  13.600  0.013
53787.33  13.561  0.015
53833.24  13.847  0.012
53833.25  13.768  0.013
53835.16  13.963  0.013
53835.16  13.904  0.013
53843.20  14.432  0.013
53843.21  14.388  0.013
53845.17  14.553  0.018
53845.18  14.481  0.013
53846.17  14.594  0.012
53846.18  14.615  0.013
