SN2012hr 0.007557 95.410250 -59.714056
filter B
56279.33  14.672  0.008
56280.28  14.461  0.009
56281.28  14.278  0.008
56282.27  14.136  0.007
56283.19  14.018  0.009
56284.27  13.933  0.008
56285.18  13.861  0.009
56286.23  13.813  0.010
56288.37  13.794  0.008
56289.21  13.773  0.009
56290.19  13.780  0.010
56291.23  13.825  0.014
56292.23  13.858  0.013
56293.23  13.910  0.011
56294.25  13.963  0.009
56295.19  14.023  0.007
56296.19  14.092  0.009
56297.27  14.179  0.007
56298.28  14.270  0.007
56299.20  14.349  0.008
56300.14  14.441  0.008
56301.16  14.563  0.007
56304.18  14.916  0.009
56305.17  15.026  0.008
56306.17  15.139  0.010
56307.13  15.254  0.011
56308.14  15.339  0.012
56309.07  15.456  0.010
56310.12  15.572  0.010
56311.15  15.665  0.011
56312.14  15.760  0.011
56314.15  15.916  0.011
56315.16  16.009  0.011
56316.11  16.074  0.011
56317.15  16.174  0.012
56318.12  16.241  0.009
56319.11  16.308  0.009
56320.08  16.385  0.009
56321.08  16.444  0.010
56322.11  16.490  0.010
56323.13  16.554  0.010
56324.09  16.595  0.008
56325.11  16.657  0.010
56326.10  16.691  0.008
56327.09  16.737  0.008
56328.12  16.765  0.008
56329.07  16.782  0.010
56330.06  16.815  0.008
56331.06  16.838  0.010
56332.06  16.863  0.008
56336.10  16.949  0.009
56337.10  16.963  0.010
56338.12  16.994  0.011
56340.13  17.020  0.011
56343.10  17.064  0.011
56346.16  17.160  0.036
56351.12  17.206  0.015
56353.14  17.226  0.014
56355.13  17.254  0.017
56358.06  17.321  0.020
56365.05  17.380  0.014
56371.04  17.460  0.012
56377.06  17.558  0.014
56385.04  17.679  0.013
56390.99  17.768  0.016
56423.04  18.298  0.010
56581.35  20.629  0.033
56584.34  20.670  0.175
56584.35  20.583  0.105
56594.30  20.805  0.041
56594.31  20.767  0.035
filter g
56279.34  14.599  0.007
56280.26  14.403  0.008
56281.29  14.213  0.009
56282.28  14.076  0.007
56283.20  13.964  0.008
56284.27  13.875  0.008
56285.17  13.790  0.009
56286.22  13.746  0.008
56288.36  13.704  0.007
56289.20  13.710  0.011
56290.19  13.722  0.010
56291.23  13.740  0.008
56292.23  13.742  0.010
56293.24  13.782  0.009
56294.24  13.822  0.008
56295.18  13.882  0.008
56296.19  13.934  0.008
56297.27  13.994  0.007
56298.27  14.057  0.007
56299.20  14.120  0.008
56300.14  14.191  0.007
56301.15  14.279  0.008
56304.17  14.556  0.008
56305.17  14.650  0.008
56306.16  14.748  0.008
56307.14  14.842  0.009
56308.12  14.931  0.010
56309.08  15.033  0.008
56310.13  15.130  0.008
56311.16  15.219  0.009
56312.13  15.301  0.010
56314.14  15.492  0.008
56315.15  15.581  0.008
56316.10  15.660  0.008
56317.14  15.731  0.009
56318.11  15.815  0.009
56319.11  15.887  0.009
56320.09  15.965  0.009
56321.08  16.017  0.010
56322.11  16.084  0.009
56323.14  16.133  0.008
56324.09  16.196  0.008
56325.12  16.248  0.009
56326.10  16.292  0.008
56327.09  16.331  0.008
56328.12  16.383  0.008
56329.07  16.403  0.009
56330.08  16.414  0.016
56331.05  16.448  0.008
56332.07  16.464  0.010
56336.10  16.557  0.009
56337.08  16.580  0.010
56338.13  16.596  0.012
56340.14  16.641  0.013
56343.10  16.698  0.012
56346.14  16.744  0.021
56351.11  16.816  0.013
56353.13  16.859  0.010
56355.12  16.901  0.016
56358.06  16.934  0.011
56365.05  17.041  0.013
56371.04  17.122  0.013
56377.04  17.227  0.013
56385.05  17.348  0.011
56390.99  17.439  0.012
56423.01  17.950  0.009
56578.23  20.229  0.021
56578.23  20.202  0.017
56578.30  20.153  0.020
56581.36  20.218  0.020
56583.36  20.164  0.074
56584.30  20.204  0.057
56586.29  20.340  0.080
56594.34  20.415  0.021
56611.31  20.631  0.043
56641.22  21.204  0.053
filter i
56279.34  15.028  0.007
56280.26  14.832  0.010
56281.29  14.677  0.009
56282.28  14.544  0.007
56283.20  14.466  0.011
56284.28  14.411  0.010
56285.17  14.376  0.012
56286.22  14.372  0.011
56288.36  14.453  0.007
56289.19  14.465  0.012
56290.19  14.525  0.011
56291.24  14.567  0.012
56292.22  14.590  0.013
56292.22  14.573  0.012
56293.24  14.600  0.011
56294.24  14.639  0.011
56294.24  14.646  0.010
56295.17  14.709  0.010
56296.18  14.766  0.009
56297.27  14.875  0.009
56298.27  14.957  0.008
56299.21  15.052  0.010
56300.13  15.116  0.008
56301.15  15.162  0.008
56304.17  15.204  0.009
56305.17  15.194  0.009
56306.16  15.152  0.009
56307.14  15.114  0.013
56308.13  15.092  0.013
56309.08  15.056  0.012
56310.13  15.031  0.009
56311.16  15.016  0.009
56312.13  14.989  0.011
56314.14  14.967  0.009
56315.15  14.959  0.008
56316.10  14.955  0.009
56317.14  14.966  0.010
56318.11  14.977  0.008
56319.11  15.008  0.010
56320.09  15.078  0.008
56321.08  15.133  0.009
56322.12  15.205  0.009
56323.14  15.280  0.009
56324.09  15.371  0.008
56325.12  15.438  0.008
56326.11  15.509  0.007
56327.09  15.559  0.008
56328.12  15.629  0.008
56329.08  15.665  0.011
56330.08  15.712  0.009
56331.05  15.761  0.010
56332.07  15.804  0.010
56336.11  15.983  0.010
56337.09  16.026  0.009
56338.13  16.069  0.013
56340.14  16.188  0.017
56343.11  16.260  0.013
56346.15  16.364  0.027
56351.11  16.555  0.014
56353.13  16.633  0.012
56355.12  16.680  0.016
56358.06  16.796  0.013
56365.05  17.046  0.016
56371.04  17.246  0.017
56377.05  17.435  0.021
56385.05  17.671  0.017
56391.00  17.868  0.026
56422.99  18.650  0.017
56581.38  20.912  0.065
56583.36  20.952  0.168
56584.31  20.874  0.111
56584.33  20.808  0.135
56611.29  21.356  0.100
56641.24  21.465  0.104
filter H
56284.19  14.408  0.015
56285.23  14.406  0.016
56287.28  14.515  0.015
56288.24  14.536  0.015
56289.21  14.607  0.016
56292.21  14.702  0.015
56293.30  15.075  0.018
56294.24  14.742  0.016
56295.26  14.753  0.016
56296.28  14.793  0.016
56318.13  14.578  0.016
56319.09  14.618  0.016
56320.07  14.643  0.016
56326.10  15.038  0.016
56327.11  15.111  0.014
56344.09  15.879  0.017
56347.06  16.024  0.018
56348.05  16.068  0.018
56349.06  16.065  0.022
56350.10  16.129  0.022
56351.07  16.175  0.021
56353.08  16.236  0.018
56354.10  16.288  0.019
56375.03  17.136  0.034
56379.01  17.342  0.021
56382.11  17.443  0.042
56382.13  17.438  0.039
56583.23  20.046  0.138
filter r
56279.33  14.653  0.007
56280.27  14.464  0.009
56281.29  14.302  0.009
56282.28  14.174  0.006
56283.20  14.064  0.009
56284.28  14.003  0.009
56285.17  13.916  0.010
56286.22  13.886  0.008
56288.36  13.841  0.006
56289.19  13.841  0.010
56290.19  13.837  0.010
56291.23  13.830  0.009
56292.22  13.825  0.010
56293.24  13.848  0.010
56294.24  13.889  0.008
56295.17  13.946  0.009
56296.18  14.000  0.008
56297.28  14.064  0.006
56298.27  14.140  0.007
56299.21  14.210  0.010
56300.13  14.280  0.007
56301.15  14.338  0.006
56304.17  14.475  0.007
56305.17  14.503  0.006
56306.16  14.508  0.008
56307.14  14.537  0.011
56308.13  14.527  0.012
56309.08  14.543  0.011
56310.13  14.548  0.009
56311.16  14.590  0.008
56312.13  14.624  0.008
56314.14  14.667  0.008
56315.15  14.703  0.008
56315.15  14.701  0.007
56316.10  14.745  0.008
56317.14  14.794  0.008
56318.11  14.845  0.007
56319.11  14.916  0.009
56320.09  14.979  0.006
56321.08  15.036  0.008
56322.11  15.123  0.009
56323.14  15.207  0.008
56324.09  15.264  0.006
56325.11  15.332  0.007
56326.11  15.385  0.007
56327.09  15.445  0.006
56328.12  15.486  0.006
56329.07  15.533  0.009
56330.08  15.576  0.007
56331.04  15.618  0.009
56332.07  15.640  0.008
56336.10  15.796  0.008
56337.08  15.830  0.007
56338.13  15.870  0.012
56340.14  15.912  0.012
56343.10  16.029  0.010
56346.14  16.129  0.013
56351.11  16.279  0.011
56353.13  16.338  0.009
56355.12  16.414  0.011
56358.06  16.508  0.010
56365.05  16.718  0.011
56371.04  16.927  0.012
56377.05  17.087  0.016
56385.05  17.398  0.013
56391.00  17.549  0.015
56423.00  18.474  0.011
56581.37  21.995  0.135
56594.35  22.117  0.102
56641.23  22.400  0.173
filter u
56279.34  15.566  0.013
56280.27  15.269  0.015
56281.30  15.002  0.015
56282.29  14.852  0.014
56283.20  14.741  0.016
56284.28  14.623  0.014
56285.17  14.580  0.016
56286.22  14.561  0.017
56288.36  14.558  0.015
56289.20  14.588  0.016
56290.19  14.644  0.017
56291.24  14.719  0.019
56292.23  14.799  0.022
56292.23  14.797  0.017
56293.24  14.858  0.017
56294.24  14.969  0.017
56295.18  15.015  0.014
56296.19  15.119  0.014
56297.28  15.288  0.014
56298.28  15.370  0.014
56299.20  15.448  0.015
56300.14  15.582  0.015
56301.15  15.726  0.016
56305.18  16.237  0.017
56306.17  16.346  0.017
56307.15  16.436  0.018
56308.13  16.561  0.018
56309.09  16.683  0.019
56310.13  16.802  0.018
56311.16  16.952  0.020
56312.14  17.002  0.022
56314.14  17.151  0.022
56315.16  17.292  0.023
56316.10  17.337  0.023
56317.14  17.435  0.025
56318.11  17.492  0.021
56319.12  17.521  0.023
56320.10  17.614  0.023
56321.09  17.633  0.021
56322.12  17.681  0.022
56323.15  17.714  0.021
56324.10  17.742  0.020
56325.12  17.794  0.022
56326.11  17.831  0.019
56327.10  17.890  0.021
56328.13  17.984  0.021
56329.08  17.876  0.018
56330.08  17.932  0.019
56331.05  17.954  0.020
56332.07  17.946  0.018
56336.11  18.050  0.020
56337.09  18.098  0.020
56338.13  18.064  0.020
56340.14  18.144  0.021
56343.11  18.216  0.022
56346.15  18.398  0.069
56351.12  18.349  0.026
56353.14  18.437  0.025
56355.13  18.439  0.024
56358.07  18.549  0.035
56365.06  18.609  0.021
56371.05  18.735  0.023
56377.06  18.873  0.034
56391.00  19.143  0.023
56423.02  19.942  0.050
filter V
56279.33  14.651  0.008
56280.27  14.453  0.013
56281.29  14.274  0.012
56282.28  14.143  0.012
56283.19  14.030  0.014
56284.27  13.965  0.007
56285.18  13.878  0.014
56286.23  13.828  0.013
56288.36  13.778  0.008
56289.20  13.764  0.014
56290.19  13.730  0.013
56291.23  13.756  0.015
56292.23  13.769  0.015
56293.23  13.794  0.016
56294.24  13.798  0.013
56295.18  13.847  0.012
56296.19  13.870  0.013
56297.27  13.922  0.013
56298.28  13.968  0.013
56299.20  14.008  0.013
56300.14  14.074  0.012
56301.16  14.129  0.012
56304.18  14.335  0.012
56305.17  14.386  0.013
56306.17  14.445  0.013
56307.13  14.509  0.014
56308.13  14.566  0.015
56309.07  14.620  0.013
56310.12  14.682  0.013
56311.15  14.749  0.014
56312.14  14.805  0.013
56314.15  14.921  0.014
56315.16  14.994  0.013
56316.11  15.045  0.012
56317.14  15.108  0.014
56318.12  15.165  0.013
56319.11  15.254  0.014
56320.09  15.304  0.013
56321.08  15.386  0.014
56322.11  15.453  0.014
56323.14  15.518  0.013
56324.08  15.567  0.012
56325.11  15.618  0.013
56326.10  15.659  0.014
56327.09  15.727  0.013
56328.11  15.774  0.014
56329.07  15.796  0.014
56330.07  15.865  0.019
56331.05  15.861  0.015
56332.07  15.905  0.014
56336.10  16.002  0.013
56337.10  16.040  0.014
56338.12  16.077  0.016
56340.13  16.125  0.017
56343.10  16.209  0.016
56346.16  16.247  0.022
56351.12  16.415  0.016
56353.14  16.458  0.016
56355.13  16.495  0.017
56358.06  16.580  0.016
56365.04  16.746  0.025
56371.04  16.894  0.017
56377.06  17.029  0.020
56385.04  17.205  0.016
56390.99  17.340  0.019
56423.03  17.980  0.013
56581.35  20.439  0.037
56583.36  20.253  0.140
56584.34  20.341  0.083
56584.34  20.400  0.121
56586.28  20.392  0.122
56594.32  20.583  0.122
56594.33  20.724  0.048
56641.27  21.250  0.088
filter Y
56284.18  14.296  0.017
56285.22  14.291  0.020
56287.27  14.381  0.017
56288.23  14.444  0.020
56289.20  14.547  0.017
56292.20  14.795  0.020
56293.30  14.915  0.023
56294.24  14.968  0.019
56295.26  15.010  0.019
56296.28  15.059  0.020
56318.12  14.239  0.020
56319.08  14.260  0.023
56320.08  14.202  0.026
56326.09  14.526  0.017
56327.09  14.581  0.016
56344.10  15.501  0.021
56347.06  15.620  0.020
56348.05  15.723  0.017
56349.05  15.767  0.020
56350.10  15.811  0.022
56351.06  15.838  0.021
56353.07  15.932  0.026
56354.10  15.996  0.022
56375.03  17.014  0.027
56379.00  17.092  0.025
56382.10  17.271  0.027
56583.21  20.823  0.082
filter Jrc2
56284.20  14.202  0.008
56285.23  14.188  0.008
56287.30  14.251  0.008
56288.25  14.298  0.009
56289.21  14.366  0.007
56292.19  14.576  0.007
56293.29  14.701  0.009
56294.25  14.796  0.009
56295.27  14.928  0.009
56296.29  15.057  0.008
56318.13  15.258  0.007
56319.10  15.269  0.023
56320.07  15.268  0.008
56326.10  15.747  0.008
56327.12  15.828  0.008
56344.12  17.049  0.013
56347.04  17.250  0.014
56348.06  17.285  0.015
56349.06  17.365  0.025
56350.11  17.389  0.025
56354.11  17.684  0.020
56382.11  19.023  0.051
56583.27  20.651  0.098
