SN2007le 0.006717 354.701708 -6.522583
filter B
54392.11  14.350  0.008
54394.10  14.148  0.013
54395.10  14.087  0.009
54398.00  14.022  0.012
54400.09  14.024  0.011
54403.06  14.118  0.010
54407.12  14.352  0.008
54409.08  14.520  0.009
54411.07  14.718  0.008
54413.09  14.929  0.007
54417.12  15.368  0.009
54421.06  15.747  0.009
54426.07  16.189  0.010
54428.06  16.352  0.013
54430.05  16.497  0.011
54435.04  16.772  0.010
54440.06  16.916  0.011
54443.13  16.979  0.012
54445.05  17.000  0.011
54449.05  17.021  0.012
54455.04  17.121  0.015
54456.05  17.182  0.017
54457.03  17.158  0.023
54466.03  17.258  0.023
54470.05  17.345  0.014
filter g
54392.09  14.232  0.008
54392.09  14.233  0.010
54394.09  14.015  0.008
54395.09  13.963  0.009
54400.09  13.874  0.006
54403.06  13.908  0.005
54407.11  14.090  0.005
54409.07  14.220  0.009
54411.08  14.365  0.007
54413.09  14.522  0.004
54417.13  14.850  0.007
54421.05  15.175  0.007
54426.05  15.616  0.008
54430.05  15.929  0.008
54435.03  16.225  0.007
54440.05  16.399  0.006
54443.13  16.470  0.007
54445.05  16.517  0.009
54449.04  16.583  0.008
54455.03  16.688  0.008
54456.04  16.699  0.009
54457.04  16.706  0.008
54466.04  16.860  0.009
54470.04  16.926  0.009
filter i
54392.10  14.327  0.010
54394.09  14.191  0.008
54395.09  14.167  0.007
54398.01  14.169  0.009
54400.10  14.216  0.007
54403.07  14.286  0.007
54403.08  14.295  0.007
54407.11  14.492  0.008
54409.07  14.646  0.010
54411.09  14.833  0.010
54413.10  14.921  0.006
54417.14  14.868  0.009
54421.05  14.756  0.008
54426.06  14.644  0.009
54428.08  14.653  0.005
54430.04  14.707  0.010
54435.04  15.075  0.006
54440.06  15.380  0.007
54443.14  15.522  0.006
54445.06  15.606  0.009
54449.05  15.784  0.007
54455.03  16.020  0.009
54456.05  16.045  0.009
54457.04  16.088  0.009
54466.04  16.408  0.009
54470.04  16.562  0.010
filter H
54388.08  14.463  0.014
54388.10  14.512  0.014
54393.13  13.996  0.013
54393.14  13.988  0.010
54396.16  14.007  0.012
54396.17  14.019  0.012
54399.15  14.103  0.011
54399.16  14.106  0.012
54402.15  14.220  0.012
54402.16  14.229  0.011
54408.21  14.378  0.015
54408.22  14.359  0.016
54410.14  14.467  0.022
54410.15  14.407  0.015
54415.10  14.352  0.014
54415.11  14.352  0.013
54426.18  14.030  0.018
54426.18  14.044  0.018
54434.09  14.293  0.018
54434.10  14.319  0.018
54439.13  14.593  0.014
54439.14  14.545  0.014
54444.05  14.835  0.015
54444.06  14.871  0.018
54448.07  14.995  0.017
54448.08  15.035  0.017
54454.05  15.256  0.018
54454.06  15.247  0.023
54467.04  15.778  0.021
54467.05  15.800  0.020
54469.06  15.891  0.020
54469.06  15.844  0.021
filter J
54388.07  14.412  0.012
54388.08  14.429  0.012
54393.12  13.798  0.012
54396.15  13.781  0.012
54396.15  13.790  0.011
54399.13  13.925  0.008
54399.14  13.914  0.011
54402.13  14.134  0.013
54402.14  14.121  0.011
54408.20  14.882  0.012
54408.20  14.923  0.014
54410.12  15.249  0.020
54410.13  15.298  0.016
54415.08  15.574  0.020
54415.09  15.532  0.016
54426.16  14.982  0.017
54426.17  14.974  0.017
54434.08  14.967  0.017
54434.09  14.946  0.017
54439.11  15.393  0.015
54439.12  15.451  0.015
54444.03  15.807  0.022
54444.04  15.799  0.020
54448.06  16.079  0.027
54448.07  16.108  0.021
54454.03  16.394  0.031
54454.04  16.494  0.034
54463.04  16.952  0.045
54463.05  16.942  0.039
54467.03  17.340  0.028
54467.03  17.280  0.031
54469.03  17.465  0.031
54469.03  17.419  0.038
filter r
54392.10  14.000  0.009
54394.09  13.815  0.007
54395.09  13.751  0.007
54398.01  13.643  0.010
54400.10  13.603  0.005
54403.07  13.619  0.008
54407.11  13.826  0.006
54409.07  13.968  0.009
54411.09  14.110  0.008
54413.10  14.248  0.004
54417.13  14.345  0.008
54421.05  14.372  0.006
54426.05  14.483  0.006
54428.08  14.559  0.004
54430.04  14.681  0.008
54435.04  15.031  0.005
54440.06  15.284  0.005
54443.13  15.394  0.005
54445.06  15.463  0.009
54449.04  15.599  0.005
54455.03  15.809  0.006
54456.05  15.836  0.009
54457.04  15.875  0.007
54466.04  16.157  0.007
54470.04  16.283  0.008
filter u
54392.10  15.183  0.025
54395.09  15.001  0.043
54400.09  14.983  0.032
54403.06  15.158  0.031
54407.12  15.451  0.031
54411.08  15.889  0.029
54413.09  16.146  0.027
54417.13  16.649  0.033
54421.05  17.123  0.037
54426.06  17.584  0.030
54428.07  17.749  0.084
54428.07  17.859  0.063
54430.05  17.895  0.047
54435.04  18.206  0.051
54440.06  18.290  0.048
54445.05  18.343  0.036
54449.05  18.402  0.070
54455.03  18.481  0.075
54456.05  18.519  0.098
54457.03  18.679  0.066
54466.03  18.631  0.043
54470.05  18.694  0.042
filter V
54392.10  14.119  0.008
54394.09  13.921  0.010
54395.09  13.848  0.006
54398.00  13.741  0.010
54400.08  13.699  0.006
54403.05  13.710  0.009
54407.12  13.841  0.005
54409.08  13.946  0.008
54411.07  14.077  0.008
54413.09  14.211  0.005
54417.12  14.422  0.007
54421.06  14.602  0.007
54426.07  14.873  0.007
54428.07  14.981  0.006
54430.06  15.111  0.008
54435.04  15.446  0.006
54440.06  15.674  0.006
54443.12  15.761  0.006
54445.04  15.820  0.008
54449.05  15.940  0.007
54455.04  16.091  0.008
54456.05  16.118  0.009
54457.02  16.171  0.011
54466.02  16.381  0.015
54470.05  16.486  0.009
filter Y
54388.05  14.532  0.011
54388.06  14.542  0.013
54393.09  13.956  0.013
54393.10  13.976  0.019
54396.13  14.002  0.014
54399.12  14.231  0.013
54399.13  14.234  0.011
54402.11  14.493  0.012
54402.12  14.500  0.012
54408.18  14.819  0.014
54408.19  14.827  0.012
54410.11  14.876  0.017
54410.11  14.860  0.020
54415.06  14.687  0.015
54415.07  14.704  0.019
54439.10  14.125  0.009
54439.10  14.143  0.010
54444.02  14.404  0.012
54444.03  14.398  0.009
54448.04  14.622  0.009
54448.05  14.631  0.009
54454.01  14.951  0.011
54454.02  14.955  0.013
54463.02  15.452  0.010
54463.03  15.438  0.011
filter Ydw
54426.15  13.911  0.014
54426.16  13.925  0.014
54434.07  13.809  0.014
54434.07  13.846  0.014
54467.05  15.667  0.014
54467.06  15.667  0.014
54469.04  15.796  0.014
54469.05  15.782  0.014
