SN2014I 0.029993 85.582500 -25.544417
filter B
56676.16  16.828  0.010
56677.08  16.713  0.012
56678.20  16.579  0.010
56679.15  16.504  0.008
56680.15  16.434  0.009
56681.15  16.380  0.008
56682.21  16.351  0.010
56684.13  16.347  0.007
56685.14  16.366  0.009
56686.17  16.390  0.008
56687.13  16.458  0.009
56688.17  16.521  0.009
56689.11  16.582  0.012
56692.10  16.822  0.012
56694.09  17.018  0.012
56696.04  17.231  0.016
56697.03  17.363  0.014
56698.06  17.538  0.017
56699.05  17.631  0.019
56700.20  17.808  0.026
56701.05  17.851  0.023
56702.09  18.052  0.035
56703.13  18.136  0.037
56704.08  18.183  0.030
56705.03  18.357  0.029
56706.08  18.469  0.028
56707.08  18.533  0.028
56708.10  18.630  0.032
56709.10  18.747  0.029
56710.10  18.873  0.033
56711.10  18.926  0.028
56712.09  18.944  0.030
56713.11  18.996  0.036
56714.05  19.120  0.048
56714.05  19.025  0.049
56714.05  19.061  0.052
56715.02  19.189  0.050
56717.09  19.217  0.038
56718.07  19.385  0.054
56720.08  19.375  0.029
56722.04  19.438  0.028
56726.06  19.582  0.042
56733.05  19.548  0.049
56733.05  19.595  0.055
56733.06  19.649  0.060
56742.04  19.810  0.025
56750.01  19.908  0.026
56752.04  19.919  0.023
filter g
56676.16  16.801  0.008
56677.09  16.665  0.012
56678.18  16.557  0.010
56679.16  16.454  0.011
56680.15  16.401  0.010
56681.14  16.341  0.007
56682.21  16.318  0.007
56684.13  16.297  0.005
56685.14  16.301  0.006
56686.15  16.335  0.005
56687.12  16.360  0.007
56688.16  16.421  0.007
56689.12  16.468  0.009
56692.10  16.658  0.012
56694.09  16.826  0.008
56696.05  17.017  0.011
56697.04  17.113  0.010
56698.07  17.233  0.011
56699.05  17.341  0.013
56700.21  17.501  0.019
56701.06  17.544  0.013
56702.10  17.681  0.018
56703.12  17.790  0.022
56704.07  17.893  0.021
56705.02  17.948  0.016
56706.07  18.080  0.017
56707.07  18.207  0.016
56708.10  18.295  0.019
56709.09  18.372  0.017
56710.09  18.473  0.016
56711.09  18.532  0.016
56712.09  18.604  0.017
56713.10  18.667  0.017
56714.05  18.745  0.033
56714.06  18.792  0.027
56714.06  18.773  0.026
56717.10  18.942  0.023
56718.04  18.953  0.031
56720.06  19.020  0.027
56722.02  19.153  0.027
56726.04  19.207  0.019
56733.01  19.359  0.037
56733.02  19.297  0.034
56733.02  19.304  0.036
56742.02  19.511  0.017
56749.99  19.665  0.020
56752.01  19.652  0.026
filter i
56676.16  17.136  0.012
56677.09  17.039  0.018
56678.19  16.918  0.015
56679.16  16.849  0.016
56680.16  16.889  0.015
56681.10  16.863  0.015
56682.20  16.905  0.012
56684.12  16.970  0.009
56685.15  17.002  0.012
56686.15  17.027  0.012
56687.12  17.019  0.014
56688.16  17.050  0.012
56689.12  17.119  0.018
56692.10  17.336  0.017
56694.09  17.494  0.017
56696.05  17.592  0.019
56697.04  17.589  0.018
56698.07  17.607  0.019
56699.05  17.585  0.019
56700.21  17.590  0.021
56701.06  17.523  0.018
56702.10  17.472  0.018
56703.13  17.477  0.018
56704.08  17.485  0.018
56705.02  17.477  0.018
56706.08  17.467  0.019
56707.07  17.496  0.015
56708.09  17.450  0.017
56709.09  17.509  0.017
56710.09  17.485  0.018
56711.09  17.488  0.016
56712.08  17.523  0.015
56713.10  17.588  0.017
56714.05  17.633  0.018
56714.05  17.633  0.020
56715.03  17.723  0.017
56717.10  17.859  0.022
56718.04  17.949  0.032
56720.07  18.098  0.024
56722.02  18.177  0.027
56726.04  18.377  0.016
56733.00  18.712  0.029
56742.03  19.042  0.026
56749.98  19.326  0.037
56752.00  19.436  0.039
56759.00  19.663  0.039
filter H
56676.16  17.134  0.019
56677.13  16.946  0.019
56680.09  16.935  0.020
56681.14  17.052  0.025
56700.11  17.380  0.025
56703.07  17.389  0.020
56707.10  17.215  0.019
56709.10  17.158  0.026
56725.05  17.873  0.042
filter r
56676.16  16.913  0.011
56677.09  16.790  0.016
56678.19  16.660  0.013
56679.16  16.591  0.015
56680.15  16.520  0.010
56681.14  16.484  0.011
56682.21  16.426  0.010
56684.13  16.393  0.007
56685.15  16.383  0.008
56686.15  16.397  0.007
56687.12  16.401  0.010
56688.16  16.443  0.008
56689.12  16.464  0.010
56692.10  16.616  0.012
56694.09  16.752  0.011
56696.05  16.840  0.013
56697.04  16.925  0.010
56698.07  16.959  0.012
56699.05  17.004  0.014
56700.21  17.024  0.014
56701.06  17.046  0.013
56702.10  17.059  0.013
56703.12  17.069  0.014
56704.07  17.110  0.013
56705.02  17.139  0.013
56706.08  17.182  0.013
56707.07  17.218  0.012
56708.09  17.260  0.014
56709.09  17.290  0.014
56710.09  17.334  0.014
56711.09  17.412  0.014
56712.08  17.463  0.015
56713.10  17.542  0.012
56714.05  17.627  0.014
56714.05  17.593  0.014
56715.03  17.672  0.014
56717.10  17.788  0.017
56718.04  17.878  0.021
56720.07  17.971  0.016
56722.02  18.052  0.018
56726.04  18.217  0.013
56733.01  18.450  0.018
56733.01  18.415  0.018
56742.02  18.722  0.014
56749.99  18.953  0.019
56752.00  18.980  0.019
56758.99  19.210  0.020
filter u
56676.16  17.033  0.012
56677.09  16.910  0.012
56678.19  16.802  0.012
56679.16  16.705  0.026
56680.16  16.713  0.010
56681.14  16.704  0.009
56682.21  16.720  0.009
56684.13  16.815  0.009
56685.15  16.899  0.011
56686.16  16.989  0.011
56687.12  17.093  0.012
56688.16  17.221  0.012
56689.12  17.354  0.014
56692.11  17.782  0.018
56694.09  18.025  0.019
56696.06  18.393  0.024
56697.04  18.466  0.030
56698.07  18.640  0.035
56699.05  18.816  0.033
56700.21  18.970  0.090
56700.21  19.168  0.120
56701.06  19.162  0.042
56702.10  19.229  0.050
56703.14  19.330  0.141
56704.08  19.524  0.056
56705.02  19.677  0.044
56706.08  19.674  0.041
56707.07  19.896  0.064
56708.10  19.921  0.052
56709.09  20.084  0.049
56710.09  20.184  0.052
56711.09  20.104  0.051
56712.09  20.326  0.057
56713.10  20.398  0.060
56714.06  20.340  0.093
56714.06  20.319  0.098
56714.06  20.445  0.095
56714.06  20.359  0.082
56715.03  20.383  0.074
56717.10  20.557  0.057
56717.11  20.450  0.055
56718.05  20.676  0.088
56718.06  20.668  0.072
56720.07  20.669  0.058
56722.03  20.767  0.064
56726.05  20.908  0.099
56742.03  21.189  0.087
56749.99  21.363  0.080
56750.00  21.187  0.076
filter V
56676.16  16.932  0.011
56677.08  16.825  0.016
56678.20  16.678  0.011
56679.15  16.585  0.007
56680.15  16.544  0.010
56681.14  16.459  0.011
56682.21  16.437  0.009
56684.13  16.399  0.006
56685.14  16.410  0.010
56686.16  16.430  0.009
56687.12  16.424  0.010
56688.17  16.471  0.009
56689.12  16.477  0.011
56692.10  16.602  0.012
56694.09  16.702  0.011
56696.05  16.854  0.013
56697.04  16.914  0.013
56698.07  16.953  0.013
56699.05  17.052  0.014
56700.20  17.178  0.018
56701.05  17.204  0.015
56702.10  17.239  0.016
56703.13  17.313  0.019
56704.08  17.396  0.020
56705.03  17.465  0.019
56706.08  17.560  0.018
56707.07  17.612  0.017
56708.10  17.680  0.017
56709.10  17.776  0.018
56710.09  17.830  0.018
56711.10  17.853  0.020
56712.09  17.974  0.019
56713.10  18.001  0.018
56714.04  18.058  0.023
56714.04  18.086  0.025
56714.05  18.046  0.022
56715.02  18.142  0.025
56715.02  18.153  0.025
56717.10  18.269  0.024
56718.07  18.339  0.035
56720.08  18.448  0.024
56722.04  18.477  0.025
56726.06  18.611  0.017
56733.04  18.766  0.030
56742.04  18.998  0.017
56750.01  19.171  0.017
56752.03  19.279  0.037
56752.03  19.254  0.028
56758.98  19.458  0.027
filter Y
56676.14  17.087  0.015
56677.11  16.982  0.016
56679.27  16.870  0.014
56681.12  16.900  0.016
56700.09  17.413  0.016
56703.03  17.228  0.014
56707.09  17.040  0.018
56709.09  16.944  0.016
56725.04  17.427  0.018
filter Jrc2
56676.17  17.015  0.018
56677.14  16.889  0.016
56680.07  16.765  0.019
56681.15  16.832  0.016
56700.12  18.374  0.028
56703.09  18.268  0.032
56707.12  18.056  0.021
56709.13  17.902  0.022
