SN2008fr 0.038973 17.954750 14.640833
filter B
54740.23  17.220  0.009
54742.26  17.412  0.012
54744.19  17.514  0.014
54747.20  17.814  0.013
54749.18  18.020  0.014
54752.17  18.456  0.095
54752.18  18.335  0.102
54755.15  18.735  0.032
54756.18  18.818  0.029
54759.16  19.109  0.016
54760.15  19.268  0.018
54765.15  19.700  0.031
54766.15  19.671  0.023
54772.16  19.929  0.025
54779.14  20.056  0.056
54783.15  20.194  0.133
54789.11  20.326  0.032
54793.08  20.373  0.030
54798.11  20.467  0.041
54801.13  20.448  0.035
54807.09  20.661  0.146
filter g
54740.21  17.064  0.008
54744.20  17.380  0.009
54747.17  17.556  0.009
54749.16  17.777  0.009
54751.18  17.924  0.050
54755.16  18.337  0.020
54756.20  18.424  0.015
54759.13  18.666  0.010
54760.12  18.771  0.013
54765.16  19.196  0.013
54766.17  19.239  0.014
54772.13  19.486  0.016
54779.11  19.674  0.040
54783.12  19.854  0.088
54789.13  19.922  0.026
54793.05  19.975  0.022
54798.13  20.012  0.021
54801.15  20.089  0.022
54807.05  20.095  0.060
filter i
54740.21  17.803  0.010
54744.21  18.148  0.013
54747.18  18.367  0.013
54749.16  18.398  0.016
54755.18  18.305  0.021
54756.21  18.291  0.015
54759.14  18.220  0.011
54760.14  18.203  0.010
54765.18  18.256  0.016
54766.18  18.307  0.013
54772.14  18.605  0.015
54779.12  19.044  0.023
54783.13  19.254  0.049
54789.15  19.425  0.023
54793.06  19.579  0.025
54798.14  19.863  0.041
54801.16  19.889  0.041
54807.06  20.002  0.062
filter H
54741.29  18.101  0.107
54745.24  18.448  0.043
54745.24  18.567  0.050
54751.18  18.081  0.117
54757.13  18.112  0.053
54758.16  18.151  0.055
54758.17  17.974  0.051
54767.18  17.923  0.114
filter J
54738.29  18.277  0.082
54741.26  18.711  0.084
54745.22  19.240  0.050
54767.16  18.533  0.091
54767.17  18.759  0.097
54780.13  19.146  0.157
filter r
54740.21  17.134  0.007
54744.21  17.364  0.009
54747.18  17.534  0.009
54749.16  17.625  0.009
54751.19  17.708  0.063
54755.17  17.744  0.014
54756.21  17.775  0.012
54759.13  17.824  0.009
54760.13  17.877  0.009
54765.17  18.112  0.008
54766.17  18.146  0.009
54772.13  18.476  0.009
54779.11  18.751  0.017
54783.12  18.873  0.029
54789.14  19.094  0.013
54793.05  19.181  0.016
54798.14  19.288  0.017
54801.15  19.385  0.016
54807.06  19.577  0.036
filter u
54740.22  18.111  0.016
54747.19  18.978  0.029
54749.17  19.131  0.040
54756.19  19.998  0.114
54759.15  20.172  0.057
54760.14  20.346  0.056
54766.16  20.595  0.070
54772.14  20.814  0.079
filter V
54740.23  17.114  0.009
54742.25  17.181  0.013
54744.18  17.281  0.010
54747.19  17.479  0.012
54749.18  17.585  0.011
54751.16  17.674  0.071
54752.16  17.739  0.050
54752.16  17.855  0.043
54755.14  17.914  0.018
54756.17  17.971  0.018
54759.17  18.185  0.014
54760.15  18.218  0.012
54765.15  18.587  0.018
54766.14  18.546  0.014
54772.15  18.852  0.016
54779.13  19.201  0.032
54783.14  19.154  0.057
54789.10  19.402  0.021
54793.08  19.467  0.020
54798.10  19.610  0.024
54801.12  19.671  0.023
54807.08  19.974  0.062
filter Y
54738.27  18.315  0.048
54738.28  18.178  0.045
54741.23  18.386  0.052
54741.24  18.359  0.043
54743.26  18.363  0.035
54743.27  18.308  0.039
54748.24  18.434  0.043
54748.24  18.415  0.050
54750.20  18.274  0.064
54750.21  18.206  0.088
54767.14  17.462  0.025
54767.15  17.549  0.028
54775.11  17.875  0.041
54775.12  17.902  0.039
54780.11  18.187  0.039
54780.12  18.156  0.043
54784.11  18.630  0.083
54784.12  18.479  0.067
54788.07  18.523  0.068
54791.06  18.662  0.083
54791.07  18.779  0.076
54800.08  19.336  0.152
54800.09  19.142  0.106
filter Ydw
54745.25  18.480  0.028
54745.26  18.454  0.030
54751.14  18.160  0.065
54751.15  18.337  0.074
54757.09  17.930  0.024
54757.10  17.947  0.024
54758.13  17.833  0.026
54758.14  17.848  0.026
