SN2007mm 0.066354 16.444458 -0.758833
filter i
54385.24  20.154  0.067
54392.17  19.462  0.020
54394.18  19.394  0.024
54395.16  19.382  0.027
54400.26  19.538  0.045
54403.18  19.688  0.027
54409.24  19.971  0.030
54418.19  20.701  0.082
filter B
54385.20  20.543  0.051
54392.21  20.121  0.024
54394.22  20.141  0.037
54395.19  20.225  0.056
54403.14  21.541  0.067
54409.26  22.268  0.121
filter r
54385.23  20.137  0.038
54392.16  19.302  0.015
54394.17  19.247  0.017
54395.14  19.154  0.019
54400.24  19.456  0.052
54403.17  19.726  0.019
54407.27  19.945  0.040
54409.23  20.229  0.023
54418.19  20.895  0.054
filter g
54385.22  20.315  0.027
54392.15  19.727  0.015
54394.16  19.746  0.018
54395.13  19.825  0.024
54400.23  20.437  0.099
54403.15  20.982  0.043
54409.21  21.525  0.042
54418.19  21.999  0.091
filter V
54385.19  20.066  0.036
54392.20  19.372  0.017
54394.21  19.358  0.020
54395.18  19.356  0.032
54400.20  19.834  0.078
54403.12  20.177  0.025
54409.25  20.842  0.044
54418.20  21.511  0.093
