SN2007al 0.012113 149.827000 -19.473833
filter B
54170.26  17.493  0.010
54174.11  17.792  0.010
54179.06  18.640  0.016
54181.23  18.982  0.019
54190.14  19.543  0.066
54194.11  19.687  0.062
54197.13  19.868  0.048
54202.20  20.023  0.038
54207.19  20.079  0.046
54213.07  20.328  0.060
54218.06  20.524  0.150
54235.03  20.825  0.055
54239.06  20.839  0.071
54240.99  20.888  0.080
filter g
54170.28  17.102  0.015
54174.09  17.347  0.013
54179.09  18.041  0.018
54181.21  18.359  0.017
54190.16  19.152  0.038
54194.09  19.170  0.029
54197.11  19.386  0.025
54202.22  19.675  0.025
54207.17  19.807  0.028
54213.05  19.891  0.033
54218.07  20.221  0.083
54224.14  20.276  0.155
54235.01  20.311  0.035
54239.04  20.389  0.044
54241.00  20.570  0.038
filter i
54170.29  16.791  0.009
54174.10  16.658  0.009
54179.08  16.780  0.012
54181.22  16.948  0.010
54190.17  17.749  0.016
54194.09  18.052  0.016
54197.12  18.235  0.016
54202.23  18.482  0.019
54207.18  18.728  0.070
54213.06  18.959  0.028
54218.08  19.157  0.036
54235.02  19.673  0.043
54239.05  19.802  0.044
54241.02  19.855  0.051
filter H
54171.17  15.903  0.063
54171.17  15.931  0.050
54172.28  15.857  0.041
54180.17  16.372  0.036
54180.18  16.282  0.036
54183.19  16.582  0.058
54183.19  16.572  0.045
54193.21  17.428  0.132
54193.21  17.332  0.109
54198.14  17.786  0.141
filter J
54171.15  16.320  0.040
54171.16  16.320  0.013
54172.26  16.118  0.031
54172.27  16.171  0.033
54180.13  16.432  0.040
54180.14  16.441  0.030
54183.17  16.803  0.033
54183.18  16.765  0.036
54189.16  17.262  0.080
54189.17  17.176  0.076
54193.19  17.799  0.092
54198.11  18.178  0.117
filter r
54170.28  16.675  0.009
54174.10  16.577  0.008
54179.08  16.858  0.012
54181.22  17.075  0.011
54190.16  17.977  0.016
54194.09  18.181  0.014
54197.11  18.373  0.014
54202.22  18.659  0.015
54207.18  18.965  0.024
54213.05  19.200  0.025
54218.07  19.349  0.046
54224.13  19.643  0.084
54235.01  20.300  0.046
54239.04  20.463  0.056
54241.01  20.577  0.047
54246.07  20.942  0.194
filter u
54170.27  18.727  0.024
54174.11  19.336  0.044
54179.07  20.407  0.095
54181.23  20.610  0.113
filter V
54170.26  16.826  0.008
54174.11  16.812  0.008
54179.06  17.347  0.011
54181.23  17.636  0.011
54190.14  18.381  0.025
54194.10  18.596  0.027
54197.13  18.729  0.019
54202.20  18.973  0.021
54207.19  19.077  0.058
54213.07  19.331  0.030
54218.05  19.476  0.052
54235.03  20.012  0.033
54239.06  20.167  0.044
54240.98  20.190  0.051
54246.09  20.256  0.098
filter Y
54180.15  16.420  0.021
54180.16  16.430  0.019
54183.15  16.539  0.023
54183.16  16.533  0.027
54189.14  16.832  0.033
54189.15  16.956  0.045
54193.17  17.289  0.031
54193.18  17.315  0.036
54198.09  17.500  0.048
54198.10  17.674  0.052
54220.08  18.402  0.088
54220.09  18.662  0.118
54230.09  18.702  0.142
54230.10  18.864  0.133
filter Ydw
54171.14  16.443  0.032
54171.15  16.434  0.028
54172.25  16.354  0.025
54172.25  16.378  0.026
54243.03  19.452  0.105
54243.04  19.325  0.109
