SN2009al 0.022090 162.841958 8.578528
filter Jrc2
54891.21  16.487  0.013
54891.22  16.473  0.014
54892.19  16.439  0.014
54892.20  16.403  0.015
54894.22  16.380  0.020
54894.23  16.391  0.020
54899.19  16.601  0.017
54899.19  16.582  0.024
54907.21  17.339  0.025
54907.22  17.333  0.048
54913.17  17.384  0.025
54913.18  17.450  0.028
filter g
54894.17  16.306  0.061
54898.14  16.192  0.007
54908.12  16.757  0.008
54911.17  17.018  0.007
54914.10  17.289  0.008
54917.15  17.576  0.008
54920.11  17.850  0.011
54927.11  18.448  0.024
54930.05  18.643  0.033
54931.06  18.649  0.028
54933.09  18.695  0.018
54937.14  18.792  0.013
54938.11  18.824  0.012
54946.09  18.961  0.014
54947.06  19.000  0.013
filter i
54894.17  16.562  0.052
54898.14  16.638  0.009
54908.13  17.064  0.010
54911.18  17.046  0.009
54914.11  16.966  0.013
54917.16  16.959  0.011
54920.12  16.948  0.012
54927.10  17.298  0.017
54930.06  17.494  0.014
54931.07  17.526  0.015
54933.09  17.640  0.011
54937.15  17.814  0.013
54938.12  17.869  0.013
54946.10  18.154  0.016
54947.07  18.203  0.015
filter H
54891.23  16.683  0.030
54891.24  16.646  0.032
54892.21  16.646  0.030
54892.22  16.595  0.036
54894.24  16.783  0.063
54894.25  16.657  0.063
54899.20  16.718  0.038
54899.21  16.835  0.043
54907.22  17.032  0.048
54907.23  17.015  0.042
54913.19  16.773  0.048
54913.20  16.831  0.043
filter J
54936.09  17.851  0.057
54936.09  17.895  0.057
filter r
54894.17  16.351  0.066
54898.14  16.216  0.015
54908.12  16.558  0.011
54911.17  16.651  0.010
54914.10  16.708  0.012
54917.15  16.787  0.011
54920.12  16.907  0.016
54927.10  17.392  0.014
54930.06  17.562  0.014
54931.07  17.603  0.014
54933.09  17.689  0.012
54937.15  17.852  0.014
54938.11  17.865  0.011
54946.10  18.154  0.020
54947.07  18.139  0.013
filter u
54894.17  16.544  0.042
54898.15  16.960  0.021
54908.13  18.056  0.020
54914.11  18.769  0.030
54917.14  19.099  0.031
54920.13  19.390  0.035
54927.11  19.836  0.121
54931.08  20.054  0.182
54933.10  20.018  0.102
54937.14  20.196  0.065
54938.12  20.157  0.061
54946.11  20.416  0.077
54947.08  20.351  0.063
filter V
54894.17  16.223  0.061
54897.21  16.147  0.006
54898.15  16.144  0.007
54908.15  16.517  0.010
54911.16  16.705  0.009
54914.12  16.887  0.009
54917.13  17.064  0.009
54920.13  17.261  0.012
54927.12  17.827  0.021
54930.09  17.927  0.022
54931.08  18.003  0.021
54933.11  18.080  0.014
54937.13  18.192  0.013
54938.13  18.251  0.012
54946.12  18.446  0.015
54947.08  18.443  0.013
filter Y
54891.19  16.604  0.014
54891.20  16.591  0.014
54892.17  16.532  0.015
54892.18  16.557  0.016
54894.21  16.543  0.017
54894.21  16.523  0.017
54899.17  16.732  0.020
54899.18  16.712  0.017
54907.19  16.906  0.015
54907.20  16.922  0.017
54913.16  16.748  0.018
54913.16  16.765  0.017
54973.04  18.479  0.059
54973.04  18.514  0.058
filter B
54894.17  16.360  0.033
54897.20  16.309  0.009
54898.16  16.343  0.009
54908.15  17.070  0.010
54911.15  17.367  0.012
54917.13  17.985  0.013
54920.14  18.262  0.016
54927.13  18.887  0.053
54930.09  18.994  0.046
54931.09  19.089  0.052
54933.11  19.113  0.037
54937.13  19.171  0.023
54938.13  19.208  0.018
54946.12  19.342  0.021
54947.09  19.354  0.022
