SN2008R 0.013493 45.973750 -11.994278
filter B
54493.12  15.529  0.004
54494.08  15.502  0.007
54497.10  15.620  0.004
54499.09  15.808  0.005
54508.07  17.152  0.008
54512.06  17.651  0.013
54517.07  18.086  0.028
54519.05  18.236  0.016
54521.03  18.338  0.013
54527.02  18.562  0.015
filter g
54493.13  15.400  0.005
54494.09  15.372  0.008
54497.08  15.410  0.005
54499.07  15.543  0.004
54508.08  16.665  0.006
54512.04  17.164  0.008
54515.06  17.455  0.011
54519.07  17.787  0.015
54521.06  17.887  0.009
54523.01  17.970  0.013
54527.00  18.137  0.021
filter i
54493.14  15.674  0.007
54494.10  15.697  0.011
54497.09  15.742  0.007
54499.08  15.842  0.006
54508.09  16.100  0.007
54512.05  16.101  0.006
54515.07  16.289  0.012
54517.06  16.502  0.007
54519.08  16.675  0.009
54521.06  16.833  0.008
54523.02  16.984  0.008
54527.01  17.186  0.010
54532.03  17.448  0.012
filter H
54495.11  15.643  0.012
54503.10  15.962  0.025
54503.11  15.915  0.038
54520.04  16.414  0.050
54520.05  16.319  0.047
54522.04  16.386  0.053
54522.06  16.553  0.074
54524.03  16.684  0.057
54524.04  16.638  0.069
filter J
54495.08  15.557  0.028
54498.12  15.785  0.015
54498.13  15.844  0.020
54503.08  16.555  0.021
54503.09  16.531  0.021
54516.07  16.431  0.023
54516.08  16.442  0.025
54520.02  16.972  0.048
54520.03  16.941  0.032
54522.03  17.077  0.039
54522.03  17.170  0.036
54524.01  17.325  0.084
54524.02  17.435  0.072
54528.02  17.790  0.077
filter r
54493.14  15.361  0.006
54494.09  15.333  0.009
54497.09  15.287  0.007
54499.07  15.360  0.004
54508.09  15.873  0.006
54512.04  16.068  0.005
54515.07  16.350  0.008
54519.07  16.739  0.008
54521.06  16.879  0.006
54523.01  16.995  0.008
54527.01  17.195  0.009
54532.02  17.386  0.008
filter u
54493.13  16.176  0.014
54494.08  16.234  0.013
54497.09  16.516  0.014
54499.08  16.803  0.015
54508.08  18.325  0.022
54512.05  18.816  0.067
54519.06  19.388  0.101
54521.05  19.352  0.041
54523.02  19.625  0.066
54527.02  19.602  0.061
filter V
54493.12  15.428  0.005
54494.07  15.395  0.009
54497.10  15.361  0.006
54499.09  15.413  0.005
54508.06  16.127  0.006
54512.06  16.477  0.007
54517.07  16.982  0.011
54519.05  17.124  0.010
54521.02  17.248  0.009
54523.03  17.349  0.009
54527.02  17.513  0.011
54532.01  17.700  0.010
filter Y
54498.10  15.811  0.013
54498.11  15.817  0.013
54503.07  16.002  0.011
54503.08  15.990  0.009
54516.05  15.519  0.008
54516.06  15.513  0.009
54520.01  15.812  0.012
54520.02  15.815  0.011
54522.01  15.952  0.013
54522.02  15.945  0.011
54523.99  16.070  0.019
54524.00  16.095  0.011
54528.01  16.313  0.013
54530.02  16.474  0.015
54530.03  16.434  0.013
filter Ydw
54495.10  15.724  0.021
