SN2013az 0.037253 84.967208 -40.507806
filter B
56382.99  17.415  0.008
56384.01  17.472  0.007
56385.03  17.547  0.009
56386.04  17.627  0.008
56386.98  17.705  0.012
56388.02  17.825  0.010
56388.99  17.939  0.010
56390.00  18.073  0.010
56396.99  19.058  0.017
56399.01  19.287  0.019
56402.02  19.804  0.053
56412.01  20.403  0.029
filter g
56383.00  17.258  0.009
56384.02  17.297  0.007
56385.01  17.346  0.008
56386.02  17.421  0.008
56386.98  17.500  0.009
56388.00  17.586  0.008
56389.00  17.673  0.009
56390.01  17.772  0.011
56396.98  18.643  0.016
56398.98  18.878  0.017
56401.99  19.249  0.023
56403.98  19.459  0.025
56406.97  19.693  0.042
56411.99  19.988  0.018
filter i
56383.00  17.649  0.013
56384.02  17.665  0.015
56385.02  17.722  0.016
56386.02  17.837  0.014
56386.99  17.941  0.017
56388.00  18.084  0.019
56389.01  18.155  0.018
56390.01  18.270  0.024
56396.97  18.159  0.025
56398.99  18.105  0.016
56402.00  18.059  0.016
56403.99  18.178  0.017
56406.98  18.462  0.021
56411.98  18.892  0.019
filter H
56383.08  17.777  0.042
56384.03  17.846  0.046
56385.00  18.031  0.037
56386.97  18.166  0.024
filter J
56386.97  18.329  0.023
filter r
56383.00  17.156  0.010
56384.02  17.186  0.007
56385.01  17.209  0.011
56386.02  17.267  0.009
56386.99  17.313  0.010
56388.00  17.397  0.012
56389.00  17.472  0.011
56390.01  17.561  0.012
56396.98  17.777  0.016
56398.99  17.847  0.012
56401.99  18.012  0.011
56403.99  18.217  0.013
56406.98  18.463  0.017
56411.97  18.778  0.013
filter u
56383.00  18.374  0.023
56384.01  18.488  0.026
56385.02  18.646  0.019
56386.03  18.769  0.020
56387.00  18.870  0.018
56388.01  19.014  0.020
56389.01  19.175  0.024
56390.02  19.279  0.029
56396.98  20.365  0.050
56399.00  20.593  0.074
filter V
56382.99  17.267  0.012
56384.00  17.285  0.010
56385.03  17.311  0.013
56386.03  17.364  0.012
56386.98  17.389  0.012
56388.01  17.463  0.014
56389.00  17.512  0.013
56390.00  17.580  0.016
56396.99  18.083  0.016
56399.01  18.253  0.016
56402.01  18.512  0.019
56403.97  18.769  0.023
56412.00  19.347  0.022
filter Y
56383.06  17.758  0.014
56384.00  17.796  0.013
56384.98  17.866  0.018
56386.98  18.092  0.009
filter Jrc2
56383.09  17.700  0.020
56384.05  17.832  0.022
56385.02  17.908  0.021
