SN2006ef 0.017870 31.081292 -8.728389
filter B
53979.42  16.182  0.006
53981.32  16.440  0.007
53986.32  17.099  0.013
53998.31  18.324  0.015
54001.35  18.507  0.014
54003.31  18.587  0.014
54008.29  18.716  0.014
54014.20  18.802  0.036
54036.22  19.165  0.016
54040.20  19.233  0.025
filter g
53979.39  15.942  0.005
53981.30  16.159  0.009
53986.30  16.697  0.008
53998.29  17.924  0.008
54001.33  18.101  0.009
54003.33  18.185  0.009
54008.31  18.331  0.010
54014.22  18.457  0.021
54036.24  18.824  0.012
54040.21  18.846  0.014
filter i
53979.40  16.823  0.006
53981.31  16.887  0.009
53986.31  16.731  0.008
53998.30  16.968  0.008
54001.33  17.208  0.008
54003.34  17.335  0.011
54008.32  17.610  0.010
54014.23  17.867  0.016
54036.25  18.762  0.016
54040.22  18.912  0.021
filter r
53979.40  16.010  0.006
53981.30  16.135  0.007
53986.30  16.230  0.007
53998.30  16.875  0.006
54001.33  17.081  0.009
54003.33  17.190  0.009
54008.31  17.400  0.008
54014.22  17.639  0.020
54036.24  18.368  0.009
54040.22  18.473  0.014
filter u
53979.41  17.077  0.023
53981.31  17.446  0.021
53998.30  19.454  0.059
54001.34  19.670  0.035
54003.32  19.777  0.040
54014.21  19.977  0.111
filter V
53979.41  15.866  0.005
53981.31  15.993  0.008
53986.31  16.316  0.008
53998.31  17.278  0.008
54001.35  17.459  0.009
54003.31  17.553  0.010
54008.29  17.746  0.011
54014.20  17.899  0.017
54036.22  18.519  0.013
54040.19  18.601  0.016
