SN2009J 0.015797 88.838042 -76.922444
filter B
54848.22  18.868  0.020
54855.23  20.015  0.034
54856.21  20.150  0.043
54858.21  20.286  0.068
54859.24  20.548  0.056
54867.19  21.161  0.127
filter g
54848.19  18.671  0.012
54855.25  19.572  0.017
54856.19  19.723  0.019
54858.19  19.830  0.025
54859.22  20.088  0.030
54866.15  20.486  0.055
54867.17  20.427  0.066
filter i
54848.20  18.860  0.020
54855.26  18.834  0.021
54856.19  18.829  0.024
54858.20  19.014  0.031
54859.22  19.005  0.030
54866.16  19.445  0.028
54867.17  19.389  0.033
filter r
54848.20  18.645  0.014
54855.25  18.818  0.014
54856.19  18.879  0.014
54858.19  19.020  0.017
54859.22  19.071  0.019
54866.15  19.508  0.022
54867.17  19.514  0.032
filter u
54848.21  19.538  0.058
54855.24  21.088  0.158
54858.20  21.255  0.184
filter V
54848.21  18.657  0.018
54855.23  19.155  0.017
54856.20  19.270  0.022
54858.21  19.391  0.029
54859.23  19.552  0.028
54866.17  19.912  0.045
54867.19  20.040  0.059
filter Y
54846.24  18.939  0.049
54847.19  18.881  0.064
54853.21  18.641  0.048
54860.19  18.710  0.070
