SN2007cq 0.026040 333.668460 5.080250
filter B
54276.000  16.358  0.012
54280.000  16.260  0.011
54282.000  16.350  0.017
54288.750  16.759  0.010
54291.000  16.918  0.018
54293.000  17.103  0.015
54295.000  17.345  0.018
54297.000  17.580  0.017
54299.750  17.977  0.027
54303.000  18.244  0.037
54306.000  18.547  0.042
54309.000  18.874  0.089
54315.000  19.227  0.086
54318.750  19.325  0.059
54322.750  19.385  0.052
54326.750  19.324  0.043
54330.750  19.532  0.068
54334.750  19.682  0.063
54342.750  19.694  0.116
54346.750  19.712  0.113
54352.750  19.663  0.076
54356.750  19.970  0.102
filter Bk
54274.456  16.559  0.018
54276.436  16.388  0.017
54277.408  16.336  0.017
54277.450  16.325  0.017
54278.333  16.303  0.018
54279.445  16.258  0.017
54280.308  16.258  0.027
54288.434  16.685  0.019
54292.395  17.012  0.030
54296.388  17.583  0.166
54348.211  19.938  0.085
54350.352  19.984  0.119
54351.359  20.103  0.111
54352.338  19.952  0.132
54353.249  20.026  0.160
54354.242  20.162  0.198
54355.313  20.188  0.218
54356.288  20.071  0.122
54357.309  20.026  0.138
54361.353  20.133  0.231
54363.220  20.269  0.162
54377.247  20.382  0.123
54381.121  20.505  0.148
54383.192  20.537  0.224
54402.141  20.944  0.292
54404.138  20.951  0.281
filter B_UVOT
54276.79  16.235000  0.059000
54276.86  16.323000  0.063000
54278.73  16.279000  0.051000
54280.37  16.243000  0.051000
54283.09  16.326000  0.053000
54284.15  16.319000  0.053000
54288.76  16.665000  0.065000
54290.44  16.788000  0.069000
54292.73  16.979000  0.082000
54294.94  17.315000  0.083000
54296.46  17.482000  0.086000
54301.62  18.110000  0.098000
filter H2m
54279.39062  1827.201  321.618
54280.35156  1811.452  347.499
54281.33984  1939.485  314.517
54282.33984  2088.967  355.637
54285.32031  1801.100  259.799
54292.35938  1796.434  240.966
filter H_K
54384.16406  46.260  120.900
54383.20703  -542.670  414.100
54292.35156  1042.210  242.750
54282.32422  1098.500  375.430
54280.33594  1199.690  351.260
54279.37891  1289.680  262.040
54281.32422  1710.320  325.890
filter Is
54276.000  16.352  0.034
54278.000  16.315  0.019
54280.000  16.370  0.021
54282.000  16.435  0.038
54288.750  16.816  0.049
54291.000  16.953  0.020
54293.000  17.049  0.034
54295.000  17.072  0.020
54297.000  17.050  0.031
54299.750  16.993  0.025
54303.000  16.962  0.025
54306.000  16.930  0.023
54309.000  16.938  0.042
54315.000  17.228  0.039
54318.750  17.519  0.049
54322.750  17.698  0.049
54326.750  17.785  0.088
54330.750  18.010  0.051
54334.750  18.215  0.058
54342.750  18.685  0.148
54346.750  18.625  0.118
54352.750  18.757  0.175
54356.750  19.177  0.112
filter J2m
54279.39062  2752.677  91.817
54280.35156  2347.437  102.567
54281.33984  2336.439  143.738
54282.33984  2268.292  76.822
54285.32031  1745.518  127.870
54292.35938  931.202  103.729
filter J_P
54384.16406  39.540  136.590
54383.20703  -79.710  193.930
54292.35156  818.130  102.720
54282.32422  2197.030  164.920
54281.32422  2473.110  153.730
54280.33594  2506.560  98.680
54279.37891  2835.960  128.390
filter Ks2m
54279.39062  6410.825  1450.601
54280.35156  6059.720  1371.155
54281.33984  7668.711  1735.227
54282.33984  7138.251  1615.198
54285.32031  3888.510  879.867
54292.35938  6589.807  1491.100
filter K_P
54384.16406  289.720  978.060
54292.35156  924.280  1082.860
54383.20703  -404.440  1155.600
54280.33594  1445.800  777.390
54279.37891  2741.320  957.560
54282.32812  2946.400  1378.570
filter Rs
54276.000  16.259  0.010
54278.000  16.170  0.010
54280.000  16.099  0.010
54282.000  16.104  0.012
54288.750  16.357  0.014
54291.000  16.503  0.015
54293.000  16.649  0.011
54295.000  16.778  0.012
54297.000  16.818  0.015
54299.750  16.892  0.017
54303.000  16.950  0.016
54306.000  17.035  0.012
54309.000  17.141  0.018
54315.000  17.529  0.033
54318.750  17.739  0.021
54322.750  17.912  0.030
54326.750  18.079  0.036
54330.750  18.237  0.039
54334.750  18.345  0.036
54342.750  18.545  0.088
54346.750  18.717  0.051
54352.750  18.918  0.057
54356.750  19.042  0.056
filter U_UVOT
54276.79  16.041000  0.079000
54276.86  16.097000  0.081000
54278.73  16.063000  0.064000
54280.37  16.122000  0.067000
54283.09  16.402000  0.080000
54284.15  16.428000  0.082000
54288.76  17.038000  0.088000
54290.43  17.208000  0.089000
54292.73  17.459000  0.096000
54294.94  17.659000  0.096000
54296.46  17.984000  0.104000
54301.62  18.641000  0.146000
filter V
54276.000  16.347  0.011
54278.000  16.246  0.010
54280.000  16.165  0.012
54282.000  16.164  0.014
54288.750  16.383  0.014
54291.000  16.471  0.014
54293.000  16.606  0.014
54295.000  16.725  0.012
54297.000  16.826  0.013
54299.750  17.035  0.015
54303.000  17.211  0.016
54306.000  17.414  0.016
54309.000  17.587  0.030
54315.000  17.902  0.044
54318.750  18.192  0.043
54322.750  18.310  0.033
54326.750  18.409  0.042
54330.750  18.538  0.037
54334.750  18.512  0.036
54342.750  18.828  0.081
54346.750  19.021  0.075
54352.750  19.066  0.046
54356.750  19.188  0.062
filter Vk
54274.454  16.488  0.014
54276.434  16.312  0.013
54277.406  16.261  0.013
54277.448  16.241  0.013
54278.331  16.218  0.017
54279.442  16.155  0.013
54280.306  16.106  0.019
54282.363  16.119  0.017
54283.446  16.124  0.016
54288.432  16.337  0.020
54292.393  16.514  0.014
54296.386  16.767  0.036
54296.431  16.749  0.020
54311.348  17.654  0.054
54348.204  19.025  0.043
54350.348  19.142  0.053
54351.351  19.198  0.050
54352.270  19.179  0.078
54354.235  19.273  0.060
54355.309  19.280  0.054
54356.284  19.267  0.059
54357.302  19.282  0.060
54361.345  19.328  0.065
54363.213  19.424  0.084
54377.243  19.786  0.089
54383.184  19.986  0.097
54402.118  20.410  0.153
54402.137  20.428  0.149
54404.134  20.524  0.157
filter V_UVOT
54276.80  16.336000  0.085000
54276.86  16.378000  0.088000
54278.74  16.206000  0.077000
54280.64  16.177000  0.076000
54283.09  16.121000  0.076000
54284.15  16.186000  0.076000
54288.77  16.384000  0.077000
54290.44  16.488000  0.078000
54292.73  16.586000  0.082000
54294.94  16.732000  0.092000
54296.46  16.725000  0.092000
54301.62  17.263000  0.094000
filter ik
54274.451  16.793  0.019
54276.431  16.643  0.017
54277.402  16.620  0.017
54277.445  16.613  0.016
54278.328  16.610  0.021
54279.439  16.646  0.017
54280.303  16.654  0.022
54282.360  16.726  0.019
54288.429  16.976  0.023
54292.390  17.276  0.020
54296.383  17.416  0.064
54296.427  17.399  0.024
54311.345  17.458  0.038
54348.198  18.920  0.057
54350.342  19.126  0.063
54351.345  19.137  0.082
54352.328  19.185  0.071
54353.239  19.246  0.061
54354.229  19.246  0.070
54355.303  19.151  0.062
54356.278  19.364  0.082
54357.296  19.354  0.077
54361.339  19.384  0.091
54377.237  19.677  0.208
54383.178  20.094  0.244
54402.131  20.450  0.212
54404.128  20.326  0.279
filter rk
54274.452  16.520  0.018
54276.432  16.390  0.016
54277.404  16.295  0.015
54277.446  16.289  0.014
54278.329  16.269  0.017
54279.441  16.211  0.014
54280.304  16.218  0.020
54282.361  16.198  0.018
54283.445  16.160  0.017
54288.430  16.347  0.018
54292.392  16.612  0.016
54296.429  16.837  0.019
54311.346  17.615  0.042
54348.201  18.774  0.038
54350.345  18.860  0.037
54351.348  18.898  0.038
54352.267  18.876  0.040
54352.331  18.884  0.043
54353.242  18.923  0.042
54354.232  18.930  0.043
54355.306  18.981  0.042
54356.281  18.972  0.044
54357.299  19.094  0.041
54361.342  19.171  0.053
54363.210  19.206  0.059
54377.240  19.591  0.076
54381.115  19.606  0.083
54402.115  20.108  0.221
54404.131  20.237  0.122
filter UVM2
54276.80  18.635000  0.200000
54276.87  18.596000  0.201000
54278.74  18.723000  0.149000
54280.65  18.541000  0.157000
54283.09  18.991000  0.173000
54284.15  19.296000  0.207000
54288.77  20.057000  0.334000
54290.44  19.680000  0.253000
filter UVW1
54276.81  17.396000  0.109000
54276.89  17.588000  0.111000
54278.73  17.610000  0.097000
54280.37  17.587000  0.097000
54283.09  17.829000  0.103000
54284.14  17.871000  0.105000
54288.76  18.421000  0.129000
54290.43  18.738000  0.148000
54292.73  18.977000  0.143000
54294.94  19.298000  0.180000
54296.46  19.356000  0.181000
54301.61  20.007000  0.339000
filter UVW2
54276.79  18.629000  0.160000
54276.86  18.602000  0.161000
54278.74  18.699000  0.136000
54280.38  18.914000  0.150000
54283.09  18.964000  0.151000
54284.15  19.128000  0.163000
54288.77  19.713000  0.220000
54290.44  19.621000  0.206000
