SN2006gt 0.044740 14.072083 -1.629444
filter B
54001.18  18.424  0.013
54003.18  18.386  0.013
54007.20  18.653  0.015
54008.17  18.766  0.017
54018.24  20.431  0.098
54024.13  20.837  0.020
54028.18  21.056  0.042
54036.16  21.247  0.059
54039.13  21.614  0.158
54052.15  21.724  0.078
54056.16  21.649  0.092
54066.07  21.930  0.119
filter g
54001.16  18.232  0.009
54003.19  18.165  0.010
54007.21  18.331  0.009
54008.18  18.424  0.011
54018.25  19.786  0.040
54024.13  20.320  0.013
54028.19  20.580  0.031
54036.16  20.931  0.046
54039.14  21.002  0.076
54046.11  21.283  0.166
54052.13  21.384  0.052
54056.14  21.301  0.067
54066.08  21.753  0.094
filter i
54001.16  18.339  0.014
54003.20  18.327  0.015
54007.22  18.438  0.015
54008.19  18.491  0.015
54018.26  18.833  0.024
54024.13  19.024  0.011
54028.20  19.348  0.026
54036.17  19.981  0.043
54039.15  20.001  0.043
54046.12  20.437  0.095
54052.13  20.649  0.058
54056.15  20.703  0.113
54066.10  21.250  0.100
filter H
54002.21  18.245  0.190
54013.23  18.738  0.098
filter J
54002.18  18.089  0.102
54002.19  17.975  0.091
54006.19  18.284  0.115
54006.21  18.220  0.103
54011.25  18.794  0.149
54011.26  18.636  0.146
54013.21  19.102  0.050
54013.22  19.095  0.056
54017.27  19.298  0.126
54017.27  19.243  0.099
filter r
54001.16  18.204  0.013
54003.20  18.101  0.012
54007.22  18.093  0.010
54008.19  18.109  0.009
54018.25  18.715  0.016
54024.13  19.125  0.008
54028.19  19.434  0.020
54036.17  19.941  0.026
54039.15  20.094  0.035
54046.12  20.287  0.066
54052.13  20.541  0.041
54056.14  20.709  0.058
54066.09  21.049  0.076
54076.11  21.388  0.168
filter u
54001.17  19.125  0.040
54003.18  19.350  0.049
54007.21  19.927  0.063
54008.18  20.014  0.053
filter V
54001.17  18.211  0.012
54003.17  18.101  0.011
54007.20  18.135  0.012
54008.16  18.191  0.013
54018.23  19.161  0.028
54024.13  19.607  0.012
54028.17  19.887  0.026
54036.15  20.325  0.040
54039.13  20.534  0.073
54046.13  20.537  0.122
54052.14  20.763  0.051
54066.06  21.054  0.078
54076.12  21.136  0.190
filter Y
54002.16  18.022  0.050
54006.18  18.243  0.083
54006.19  18.305  0.077
54010.24  18.332  0.062
54010.25  18.355  0.104
54011.22  18.396  0.072
54011.24  18.376  0.068
54027.16  18.432  0.086
54027.17  18.315  0.081
filter Ydw
54013.19  18.485  0.052
54013.20  18.534  0.053
54017.25  18.422  0.059
54017.26  18.516  0.047
54038.05  19.141  0.055
54038.06  19.076  0.042
54040.11  19.154  0.055
54048.12  19.716  0.097
