SN2009D 0.024990 58.595125 -19.181722
filter B
54834.16  16.213  0.007
54837.23  16.000  0.005
54838.19  15.956  0.007
54839.10  15.919  0.006
54840.13  15.906  0.007
54841.11  15.900  0.008
54842.08  15.923  0.008
54842.08  15.925  0.009
54844.13  15.976  0.007
54845.13  16.021  0.005
54848.12  16.200  0.011
54855.10  16.809  0.007
54856.11  16.921  0.010
54859.14  17.256  0.008
54866.11  17.910  0.015
54867.12  17.968  0.014
54870.07  18.228  0.018
54871.05  18.265  0.017
54872.11  18.353  0.028
54874.04  18.506  0.018
54878.04  18.790  0.022
54884.01  19.016  0.031
filter g
54834.17  16.097  0.005
54837.21  15.892  0.004
54838.17  15.850  0.006
54839.08  15.821  0.005
54840.11  15.795  0.005
54841.08  15.802  0.006
54842.10  15.802  0.007
54842.10  15.802  0.007
54844.14  15.849  0.006
54845.14  15.875  0.004
54848.10  15.996  0.007
54855.12  16.497  0.004
54856.09  16.593  0.006
54859.12  16.865  0.004
54866.08  17.447  0.009
54867.10  17.520  0.008
54870.09  17.779  0.010
54871.07  17.820  0.011
54872.12  17.925  0.014
54874.02  18.030  0.014
54878.02  18.302  0.014
54884.03  18.544  0.009
filter i
54834.18  16.565  0.007
54837.22  16.456  0.005
54838.18  16.467  0.008
54839.09  16.470  0.007
54840.12  16.512  0.007
54841.09  16.530  0.015
54842.11  16.568  0.009
54842.11  16.569  0.009
54844.15  16.599  0.009
54845.15  16.616  0.005
54848.10  16.723  0.011
54855.13  17.171  0.006
54856.10  17.186  0.009
54859.12  17.163  0.007
54866.09  17.086  0.009
54867.11  17.054  0.008
54870.10  17.061  0.009
54871.08  17.057  0.009
54872.13  17.074  0.008
54874.02  17.121  0.008
54874.03  17.122  0.007
54878.03  17.331  0.010
54884.04  17.728  0.010
filter H
54838.01  16.656  0.027
54838.02  16.641  0.035
54839.03  16.692  0.034
54839.03  16.674  0.034
54841.02  16.791  0.033
54841.02  16.767  0.025
54847.11  16.839  0.083
54849.11  17.045  0.047
54849.12  17.120  0.044
54854.06  17.109  0.047
54854.07  17.108  0.052
54868.05  16.907  0.040
54868.06  16.839  0.032
54875.04  16.890  0.041
filter J
54838.00  16.383  0.031
54838.01  16.377  0.010
54839.06  16.430  0.031
54839.06  16.435  0.031
54840.99  16.494  0.032
54840.99  16.528  0.010
filter r
54834.18  16.253  0.006
54837.21  16.057  0.006
54838.17  16.011  0.008
54839.08  15.973  0.006
54840.12  15.957  0.006
54841.09  15.927  0.009
54842.10  15.912  0.008
54842.10  15.912  0.008
54844.14  15.910  0.007
54845.15  15.924  0.005
54848.10  16.015  0.009
54855.12  16.420  0.004
54856.09  16.474  0.007
54859.12  16.556  0.004
54866.09  16.698  0.006
54867.10  16.712  0.008
54870.09  16.808  0.008
54871.08  16.836  0.008
54872.12  16.893  0.008
54874.02  16.981  0.008
54878.02  17.241  0.007
54884.04  17.545  0.006
filter u
54834.17  16.759  0.011
54837.22  16.513  0.012
54838.18  16.495  0.013
54839.09  16.470  0.012
54840.12  16.470  0.013
54841.10  16.504  0.014
54842.09  16.547  0.011
54842.09  16.547  0.011
54844.13  16.678  0.011
54845.13  16.773  0.010
54848.11  17.085  0.011
54855.11  17.909  0.014
54856.10  18.097  0.015
54859.13  18.472  0.018
54866.10  19.250  0.033
54867.11  19.288  0.050
54870.08  19.559  0.058
54871.06  19.625  0.077
54872.11  19.573  0.124
54878.03  19.948  0.077
54884.02  20.149  0.044
filter V
54834.16  16.220  0.006
54837.23  16.008  0.004
54838.19  15.966  0.007
54839.10  15.942  0.008
54840.13  15.915  0.007
54841.10  15.900  0.008
54842.08  15.909  0.008
54842.08  15.909  0.008
54844.12  15.923  0.007
54845.12  15.939  0.006
54848.12  16.035  0.012
54855.10  16.365  0.004
54856.11  16.454  0.008
54859.14  16.619  0.006
54866.10  16.989  0.007
54867.12  17.035  0.009
54870.07  17.203  0.009
54871.05  17.251  0.011
54872.10  17.316  0.010
54874.04  17.430  0.009
54878.04  17.688  0.007
54884.01  17.945  0.016
filter Y
54847.08  17.108  0.021
54847.09  17.112  0.018
54849.08  17.133  0.016
54849.09  17.139  0.021
54853.09  17.153  0.019
54854.02  17.148  0.022
54854.03  17.165  0.022
54868.01  16.636  0.013
54868.02  16.610  0.013
54875.01  16.404  0.013
54875.02  16.400  0.011
54890.00  17.114  0.024
54890.01  17.142  0.019
filter Ydw
54838.03  16.562  0.023
54838.04  16.530  0.018
54839.04  16.607  0.023
54839.05  16.634  0.041
54841.00  16.748  0.024
54841.01  16.802  0.042
filter Jrc2
54847.09  17.002  0.039
54847.10  16.973  0.034
54849.09  17.344  0.032
54849.10  17.269  0.027
54854.04  17.857  0.047
54854.05  17.771  0.036
54868.03  17.575  0.030
54868.04  17.641  0.033
54875.03  17.451  0.028
54875.03  17.411  0.038
54890.02  18.508  0.109
54890.03  18.453  0.111
