SN2006bh 0.010840 340.067083 -66.485083
filter B
53828.38  14.724  0.006
53829.38  14.618  0.006
53830.38  14.544  0.006
53831.41  14.476  0.006
53832.42  14.447  0.006
53833.41  14.429  0.006
53835.42  14.493  0.006
53838.39  14.668  0.006
53841.41  14.955  0.006
53845.37  15.460  0.006
53846.37  15.595  0.006
53850.36  16.135  0.007
53853.41  16.490  0.008
53858.37  16.996  0.029
53861.38  17.216  0.010
53862.35  17.275  0.010
53866.33  17.466  0.014
53867.34  17.502  0.016
53870.36  17.587  0.018
53871.34  17.611  0.016
53872.34  17.644  0.016
53886.29  17.919  0.010
53891.29  17.997  0.014
53892.29  18.001  0.008
53893.29  18.030  0.008
filter g
53828.38  14.636  0.007
53829.38  14.523  0.009
53830.38  14.422  0.011
53831.40  14.411  0.006
53832.42  14.402  0.006
53833.42  14.367  0.006
53838.37  14.547  0.006
53841.42  14.764  0.006
53845.39  15.153  0.006
53846.39  15.256  0.006
53850.35  15.709  0.006
53853.43  16.048  0.007
53858.35  16.544  0.006
53861.36  16.782  0.006
53862.34  16.857  0.007
53866.34  17.086  0.009
53867.33  17.097  0.010
53870.34  17.193  0.011
53871.32  17.221  0.009
53872.31  17.243  0.010
53886.29  17.543  0.043
53891.28  17.632  0.008
53892.29  17.651  0.023
53893.29  17.657  0.011
filter i
53828.38  15.004  0.021
53830.38  15.030  0.051
53831.40  14.973  0.007
53831.40  14.977  0.007
53832.43  15.013  0.008
53833.42  15.062  0.007
53835.43  15.126  0.012
53838.38  15.273  0.005
53841.43  15.601  0.007
53845.39  15.803  0.006
53846.39  15.792  0.007
53850.35  15.675  0.005
53853.43  15.607  0.008
53858.36  15.677  0.005
53861.37  15.944  0.005
53862.34  16.023  0.008
53866.35  16.330  0.008
53867.33  16.385  0.009
53870.35  16.549  0.008
53871.33  16.605  0.009
53872.32  16.657  0.010
53886.29  17.064  0.041
53891.29  17.483  0.014
53892.25  17.449  0.018
53893.29  17.490  0.016
filter H
53829.42  15.022  0.018
53829.42  15.012  0.022
53830.40  15.017  0.022
53830.41  14.993  0.022
53843.40  15.619  0.018
53843.43  15.648  0.020
53848.39  15.376  0.029
53848.40  15.392  0.032
53851.38  15.319  0.031
53851.38  15.398  0.030
53855.42  15.290  0.028
53855.43  15.292  0.030
53860.40  15.584  0.052
53863.41  15.797  0.036
53863.42  15.766  0.036
53864.39  15.818  0.035
53864.39  15.824  0.040
53868.38  16.038  0.056
53868.39  16.133  0.068
filter J
53829.41  14.803  0.021
53829.41  14.813  0.018
53830.39  14.812  0.018
53830.40  14.818  0.019
53843.39  16.475  0.014
53843.40  16.457  0.014
53846.42  16.594  0.014
53846.43  16.574  0.015
53848.39  16.599  0.089
53848.39  16.571  0.074
53851.37  16.361  0.053
53851.37  16.293  0.053
53855.41  16.139  0.038
53855.42  16.078  0.036
53860.38  16.220  0.042
53860.39  16.099  0.035
53863.40  16.438  0.036
53863.41  16.484  0.036
53864.37  16.585  0.036
53864.38  16.557  0.034
53868.37  17.048  0.080
53868.38  16.828  0.049
filter r
53828.38  14.672  0.024
53830.38  14.560  0.022
53830.42  14.519  0.014
53831.40  14.510  0.005
53831.40  14.510  0.006
53832.43  14.492  0.006
53833.42  14.455  0.005
53838.38  14.558  0.005
53841.42  14.815  0.005
53845.39  15.107  0.005
53846.39  15.140  0.005
53850.35  15.234  0.005
53853.43  15.307  0.006
53858.35  15.599  0.005
53861.36  15.859  0.005
53862.34  15.941  0.005
53866.35  16.208  0.005
53867.33  16.252  0.007
53870.35  16.380  0.006
53871.33  16.431  0.006
53872.32  16.469  0.008
53886.29  16.890  0.041
53891.28  17.184  0.007
53892.25  17.209  0.030
53893.29  17.188  0.020
filter u
53829.38  14.924  0.011
53830.38  14.882  0.011
53830.42  14.880  0.011
53832.42  14.899  0.011
53833.41  14.906  0.012
53835.43  15.082  0.014
53838.38  15.379  0.015
53841.42  15.750  0.012
53845.38  16.366  0.013
53846.38  16.546  0.011
53853.42  17.589  0.015
53858.36  18.073  0.036
53861.37  18.248  0.026
53862.35  18.297  0.028
53866.35  18.436  0.040
53867.34  18.470  0.042
53870.35  18.550  0.077
53871.33  18.775  0.068
53872.32  18.673  0.044
53886.29  19.033  0.020
53891.29  19.200  0.056
53892.29  19.236  0.036
53893.29  19.271  0.031
filter V
53828.38  14.748  0.007
53828.38  14.755  0.006
53829.38  14.663  0.009
53830.38  14.550  0.008
53831.41  14.510  0.006
53832.41  14.473  0.006
53833.41  14.452  0.006
53835.42  14.459  0.006
53838.38  14.535  0.006
53841.41  14.690  0.006
53845.37  14.982  0.006
53846.37  15.044  0.006
53850.36  15.326  0.006
53853.41  15.534  0.006
53858.36  15.942  0.008
53861.37  16.176  0.007
53862.35  16.261  0.007
53866.34  16.473  0.009
53867.34  16.518  0.009
53870.36  16.636  0.009
53871.34  16.669  0.009
53872.33  16.708  0.009
53886.29  17.139  0.050
53891.29  17.275  0.009
53892.29  17.293  0.009
53893.29  17.320  0.009
filter Y
53829.40  14.898  0.019
53829.41  14.905  0.027
53830.39  14.921  0.016
53830.39  14.924  0.025
53837.42  15.474  0.022
53837.43  15.500  0.028
53848.38  15.539  0.019
53848.39  15.566  0.029
53851.36  15.310  0.015
53851.36  15.317  0.019
53855.40  15.030  0.022
53855.41  15.044  0.026
53860.37  14.990  0.016
53860.38  14.957  0.014
53863.39  15.219  0.019
53863.40  15.216  0.024
53864.36  15.290  0.017
53864.37  15.292  0.031
53868.36  15.512  0.019
53868.37  15.569  0.029
filter Ydw
53843.38  15.848  0.011
53843.38  15.836  0.011
53846.41  15.710  0.009
53846.41  15.726  0.009
