SN2010ev 0.009211 156.370790 -39.830889
filter Bp1
55377.08200  15.451  0.007
55386.97700  15.008  0.008
55388.95900  15.078  0.010
55399.98700  16.193  0.017
55403.03400  16.610  0.028
55403.97100  16.756  0.015
55403.97400  16.703  0.017
55404.96400  16.774  0.059
55404.96400  16.789  0.032
55405.98000  16.948  0.014
55405.98000  16.907  0.025
55406.97700  17.059  0.018
55406.97700  17.082  0.025
55408.99200  17.287  0.024
55413.97800  17.639  0.039
55415.98200  17.788  0.039
55426.98500  18.302  0.064
filter B_UVOT
55377.87  15.380  0.060
55382.06  14.940  0.050
55384.67  14.880  0.050
55386.48  14.930  0.050
55388.28  15.060  0.060
55390.13  15.160  0.060
55392.96  15.440  0.060
55394.01  15.550  0.060
55396.25  15.800  0.070
55398.18  16.020  0.070
55400.86  16.420  0.080
55404.07  16.730  0.090
55406.17  17.040  0.120
filter B_UVOT
55377.87  15.380  0.060
55382.06  14.940  0.050
55384.67  14.880  0.050
55386.48  14.930  0.050
55388.28  15.060  0.060
55390.13  15.160  0.060
55392.96  15.440  0.060
55394.01  15.550  0.060
55396.25  15.800  0.070
55398.18  16.020  0.070
55400.86  16.420  0.080
55404.07  16.730  0.090
55406.17  17.040  0.120
filter ip5
55377.08200  15.022  0.011
55386.97700  14.685  0.009
55388.95900  14.800  0.014
55388.95900  14.756  0.013
55389.97700  14.851  0.013
55399.98700  15.149  0.008
55400.95300  15.121  0.039
55403.03400  15.033  0.018
55403.97100  15.027  0.021
55403.97400  15.040  0.014
55404.96400  15.008  0.015
55405.98000  15.017  0.011
55406.97700  15.001  0.011
55408.99200  14.974  0.008
55409.97100  14.976  0.008
55413.97800  15.074  0.007
55415.98200  15.242  0.014
55426.98500  16.050  0.059
filter rp5
55377.08200  15.004  0.012
55386.97700  14.478  0.008
55388.95900  14.503  0.010
55388.95900  14.504  0.010
55389.97700  14.575  0.011
55399.98700  15.144  0.007
55400.95300  15.140  0.026
55403.03400  15.143  0.014
55403.97100  15.133  0.023
55403.97400  15.153  0.011
55404.96400  15.147  0.015
55405.98000  15.215  0.010
55406.97700  15.211  0.010
55408.99200  15.256  0.007
55409.97100  15.301  0.008
55413.97800  15.516  0.008
55415.98200  15.643  0.008
55421.98000  16.010  0.012
55426.98500  16.206  0.012
filter U_UVOT
55377.86  15.370  0.070
55382.06  14.960  0.060
55384.67  15.190  0.070
55386.48  15.220  0.070
55388.28  15.430  0.070
55388.75  15.510  0.070
55390.13  15.630  0.070
55392.96  15.950  0.080
55394.01  16.010  0.080
55396.25  16.360  0.090
55398.18  16.620  0.100
55400.86  17.110  0.130
55404.07  17.270  0.140
55406.24  17.560  0.100
filter Vp135
55377.08200  15.215  0.014
55386.97700  14.640  0.011
55388.95900  14.689  0.012
55388.95900  14.650  0.014
55389.97700  14.708  0.013
55399.98700  15.269  0.009
55400.95300  15.270  0.039
55403.03400  15.379  0.015
55403.97100  15.394  0.026
55403.97400  15.437  0.013
55404.96400  15.485  0.020
55404.96400  15.456  0.020
55405.98000  15.585  0.013
55405.98000  15.554  0.013
55406.97700  15.634  0.014
55406.97700  15.603  0.014
55408.99200  15.758  0.010
55409.97100  15.805  0.010
55412.97800  15.940  0.027
55415.98200  16.237  0.013
55426.98500  16.704  0.021
filter V_UVOT
55377.88  15.160  0.060
55382.06  14.680  0.060
55384.67  14.620  0.060
55386.48  14.540  0.060
55388.29  14.620  0.060
55390.13  14.650  0.060
55392.96  14.730  0.060
55394.01  14.830  0.060
55396.26  15.010  0.070
55398.18  15.120  0.070
55400.86  15.260  0.070
55404.07  15.410  0.080
55406.18  15.570  0.100
filter gp3
55377.06700  15.340  0.009
55386.97600  14.800  0.008
55388.97200  14.880  0.009
55399.99500  15.708  0.011
55403.99700  15.957  0.019
55405.96900  16.161  0.012
55406.97100  16.217  0.019
55408.96500  16.398  0.008
55413.97200  16.747  0.012
55415.97700  16.882  0.013
55426.97800  17.346  0.023
filter ip5
55377.06700  15.498  0.013
55386.97600  15.236  0.010
55388.97200  15.269  0.012
55400.95500  15.878  0.047
55403.99700  15.754  0.018
55405.96900  15.673  0.030
55408.96500  15.691  0.030
55413.97200  15.744  0.014
55415.97700  15.885  0.017
55416.96800  16.016  0.053
55426.97800  16.561  0.042
filter rp5
55377.06700  15.119  0.012
55386.97600  14.623  0.005
55388.97200  14.640  0.009
55400.95500  15.256  0.020
55403.99700  15.283  0.012
55405.96900  15.299  0.018
55408.96500  15.394  0.021
55413.97200  15.666  0.008
55415.97700  15.836  0.007
55426.97800  16.368  0.011
55674.07700  22.201  0.312
filter u_s
55377.06700  16.530  0.055
55386.97600  16.189  0.047
55388.97200  16.395  0.052
55399.99500  17.790  0.088
55403.99700  18.403  0.125
55405.96900  18.472  0.104
55406.97100  18.663  0.094
filter UVM2
55377.88  19.220  0.100
55382.07  19.630  0.390
55382.56  19.690  0.400
55384.64  19.230  0.360
55386.48  19.610  0.100
55388.29  19.660  0.100
55390.13  19.620  0.100
55392.97  19.550  0.390
55394.01  19.640  0.100
55396.26  19.590  0.100
55398.19  19.550  0.100
55400.86  19.580  0.100
55404.07  19.540  0.100
55406.18  19.250  0.100
filter UVW1
55377.86  16.970  0.100
55382.06  16.600  0.080
55382.76  16.650  0.070
55383.19  16.710  0.080
55384.66  16.850  0.090
55386.48  16.800  0.090
55388.28  17.000  0.100
55390.13  17.150  0.100
55392.96  17.390  0.120
55394.00  17.630  0.120
55396.25  17.850  0.150
55398.18  18.030  0.170
55400.85  18.140  0.170
55402.86  18.770  0.280
55404.07  18.690  0.260
55406.24  18.870  0.260
filter UVW2
55377.87  18.700  0.210
55382.06  18.340  0.170
55382.77  18.310  0.150
55384.67  18.450  0.190
55386.48  18.540  0.200
55388.29  18.640  0.200
55389.30  18.620  0.180
55389.62  18.660  0.190
55390.13  18.830  0.230
55392.96  18.890  0.250
55394.01  19.370  0.330
55396.25  19.610  0.100
55398.18  19.610  0.100
55400.86  19.610  0.420
55404.07  19.600  0.100
55406.18  19.250  0.100
filter z_s
55377.08200  15.423  0.015
55386.97700  15.164  0.013
55388.95900  15.230  0.014
55400.95300  15.427  0.040
55403.97100  15.536  0.027
55404.96400  15.588  0.025
55408.99200  15.290  0.014
55413.97200  15.347  0.011
