SN2009ab 0.011163 64.151625 2.764167
filter B
54874.07  16.384  0.008
54878.08  15.697  0.007
54879.05  15.597  0.006
54883.02  15.447  0.006
54885.03  15.484  0.006
54888.04  15.636  0.006
54900.04  16.939  0.010
54902.03  17.152  0.014
54908.02  17.774  0.013
54911.01  18.021  0.013
filter g
54874.05  16.249  0.008
54878.05  15.571  0.005
54879.07  15.475  0.006
54883.04  15.316  0.006
54885.01  15.345  0.005
54888.01  15.444  0.006
54900.02  16.454  0.007
54902.00  16.667  0.009
54907.99  17.256  0.011
54911.02  17.500  0.009
filter i
54874.06  16.115  0.006
54878.06  15.556  0.004
54879.08  15.513  0.006
54883.05  15.607  0.006
54885.02  15.682  0.005
54888.02  15.772  0.005
54900.03  16.211  0.007
54902.01  16.153  0.007
54908.00  16.131  0.010
54911.03  16.227  0.007
filter H
54875.11  15.484  0.022
54875.12  15.517  0.019
54886.03  15.621  0.023
54886.04  15.639  0.026
54887.03  15.631  0.021
54887.04  15.674  0.020
54889.03  15.767  0.029
54889.04  15.814  0.031
54891.05  15.855  0.024
54891.06  15.870  0.023
54893.06  15.984  0.034
54893.06  15.901  0.032
54901.02  15.642  0.024
54901.03  15.647  0.025
filter r
54874.05  16.064  0.009
54878.06  15.422  0.004
54879.07  15.340  0.005
54883.04  15.194  0.005
54885.01  15.182  0.004
54888.01  15.241  0.004
54900.02  15.900  0.005
54902.00  15.937  0.005
54908.00  16.131  0.009
54911.02  16.316  0.005
filter u
54874.09  16.656  0.017
54878.07  16.031  0.014
54879.06  15.966  0.015
54883.03  15.956  0.014
54885.02  16.106  0.014
54888.03  16.397  0.014
54900.03  18.143  0.035
54902.02  18.388  0.046
54908.01  19.024  0.031
54911.01  19.242  0.038
filter V
54874.07  16.220  0.006
54878.08  15.555  0.006
54879.02  15.468  0.005
54883.02  15.275  0.004
54885.03  15.270  0.005
54888.03  15.325  0.005
54900.04  16.052  0.006
54902.02  16.166  0.007
54908.01  16.562  0.007
54911.00  16.774  0.008
filter Y
54875.08  15.572  0.012
54875.09  15.600  0.013
54886.00  15.761  0.010
54886.01  15.783  0.015
54887.00  15.813  0.012
54887.01  15.831  0.010
54889.00  15.978  0.014
54889.01  15.946  0.011
54891.01  16.087  0.010
54891.02  16.064  0.012
54893.02  16.112  0.012
54893.03  16.124  0.011
54900.99  15.750  0.013
54901.00  15.731  0.013
filter Jrc2
54875.09  15.428  0.013
54875.10  15.431  0.011
54886.02  15.500  0.013
54886.02  15.531  0.013
54887.01  15.614  0.014
54887.02  15.582  0.013
54889.02  15.852  0.014
54889.02  15.859  0.015
54891.03  16.240  0.023
54891.04  16.203  0.016
54893.04  16.655  0.023
54893.05  16.613  0.020
54901.01  16.687  0.026
54901.02  16.657  0.022
