SN2004gc 0.032078 80.458125 6.676028
filter i
53329.31  17.758  0.036
53330.29  17.683  0.013
53331.25  17.689  0.012
53332.24  17.710  0.015
53333.28  17.780  0.013
53336.26  17.975  0.018
53337.27  18.016  0.017
53340.28  18.034  0.015
53341.29  18.065  0.012
53344.25  18.039  0.014
53345.24  18.061  0.020
53348.29  18.041  0.012
53349.29  18.079  0.020
53352.25  18.045  0.011
53353.22  18.055  0.015
53356.26  18.222  0.016
53361.20  18.655  0.016
53369.21  19.129  0.040
53372.21  19.234  0.024
53373.20  19.346  0.037
53380.22  19.591  0.060
53381.20  19.655  0.038
53385.20  19.787  0.038
53387.20  19.843  0.051
53394.15  20.093  0.074
53397.16  20.160  0.056
filter r
53329.31  17.216  0.014
53330.29  17.180  0.008
53331.25  17.193  0.010
53332.24  17.208  0.007
53333.28  17.226  0.008
53336.25  17.359  0.012
53337.27  17.433  0.011
53340.27  17.575  0.011
53341.28  17.563  0.018
53344.24  17.732  0.009
53345.23  17.759  0.014
53348.28  17.856  0.011
53349.28  17.901  0.007
53352.24  18.002  0.010
53353.20  18.061  0.010
53356.25  18.261  0.018
53357.20  18.341  0.015
53361.19  18.589  0.015
53369.20  18.956  0.048
53372.20  19.023  0.016
53373.19  19.034  0.014
53376.23  19.090  0.019
53380.21  19.187  0.026
53381.19  19.320  0.020
53385.19  19.271  0.031
53387.19  19.427  0.021
53390.09  19.421  0.030
53397.15  19.716  0.032
filter B
53329.35  17.625  0.009
53330.27  17.669  0.009
53331.28  17.727  0.010
53332.26  17.798  0.013
53333.31  17.919  0.009
53336.28  18.180  0.015
53337.30  18.338  0.017
53340.24  18.664  0.013
53341.25  18.812  0.015
53344.27  19.163  0.016
53345.26  19.286  0.016
53348.32  19.613  0.019
53352.22  19.906  0.022
53353.18  20.000  0.022
53356.29  20.197  0.022
53361.17  20.426  0.045
53369.23  20.697  0.096
53372.23  20.697  0.055
53373.23  20.860  0.074
53376.20  20.822  0.051
53380.25  20.944  0.164
53381.23  20.911  0.050
53385.23  20.904  0.049
53387.23  20.862  0.079
53390.13  21.006  0.127
53397.19  21.075  0.137
filter g
53329.33  17.440  0.010
53330.28  17.448  0.007
53331.24  17.505  0.008
53332.24  17.564  0.009
53333.27  17.623  0.007
53336.25  17.860  0.013
53337.26  17.957  0.012
53340.26  18.296  0.010
53341.26  18.389  0.010
53344.23  18.741  0.011
53345.22  18.824  0.011
53348.27  19.131  0.013
53349.27  19.181  0.011
53352.23  19.434  0.012
53353.19  19.499  0.014
53356.23  19.726  0.015
53357.19  19.750  0.016
53361.18  19.986  0.029
53369.18  20.225  0.064
53372.18  20.249  0.022
53373.18  20.281  0.029
53376.19  20.349  0.022
53380.20  20.494  0.050
53381.18  20.485  0.024
53385.18  20.550  0.027
53397.13  20.652  0.048
filter V
53329.34  17.349  0.010
53330.28  17.359  0.010
53331.27  17.363  0.009
53332.26  17.389  0.009
53333.29  17.408  0.008
53336.27  17.561  0.011
53337.28  17.602  0.011
53340.23  17.812  0.011
53341.24  17.888  0.009
53344.26  18.079  0.013
53345.25  18.185  0.011
53348.31  18.384  0.013
53349.30  18.394  0.040
53352.20  18.603  0.014
53353.16  18.693  0.015
53356.27  18.892  0.013
53361.15  19.231  0.018
53369.22  19.413  0.036
53372.22  19.577  0.020
53373.21  19.552  0.029
53376.22  19.668  0.024
53380.23  19.849  0.059
53381.22  19.703  0.031
53385.22  19.888  0.026
53387.21  19.867  0.031
53390.12  19.947  0.049
53394.16  19.996  0.069
53397.17  20.038  0.051
