SN2006eq 0.049467 322.154708 1.228111
filter B
53981.15  18.857  0.021
53983.05  19.029  0.056
53986.13  19.440  0.080
53988.06  19.749  0.040
53991.11  20.244  0.038
53994.03  20.573  0.037
53998.04  21.061  0.102
54001.03  21.315  0.061
54003.01  21.357  0.106
54007.03  21.524  0.083
54007.99  21.544  0.115
54018.01  21.743  0.098
54023.00  21.770  0.056
54023.96  21.672  0.093
filter g
53981.12  18.616  0.013
53983.02  18.744  0.070
53986.11  19.058  0.041
53991.12  19.765  0.021
53994.05  20.179  0.021
53998.01  20.435  0.054
54000.99  20.803  0.031
54003.03  20.968  0.028
54007.05  21.192  0.054
54008.01  21.150  0.047
filter i
53981.13  18.652  0.018
53983.03  18.634  0.037
53986.11  18.909  0.036
53988.05  19.043  0.021
53991.13  19.019  0.025
53994.06  19.028  0.020
53998.02  19.108  0.038
54001.01  19.243  0.026
54003.04  19.407  0.028
54007.06  19.790  0.040
54008.02  19.845  0.038
54013.02  20.161  0.113
54014.12  19.963  0.115
54018.03  20.413  0.056
filter H
53980.08  18.290  0.176
54012.07  19.328  0.136
54012.08  19.031  0.186
filter J
53980.06  18.386  0.107
53980.07  18.400  0.084
53980.07  18.485  0.127
53982.03  18.790  0.094
53982.03  18.953  0.162
53982.05  18.682  0.103
53987.02  19.302  0.191
53995.06  19.331  0.142
53995.06  19.195  0.182
53995.07  19.195  0.140
53999.03  19.132  0.138
53999.05  19.058  0.158
54012.05  20.590  0.170
54016.01  20.385  0.195
filter r
53981.13  18.294  0.011
53983.03  18.311  0.022
53986.11  18.477  0.022
53988.05  18.582  0.016
53991.13  18.777  0.015
53994.05  18.951  0.013
53998.02  19.188  0.028
54001.00  19.417  0.019
54003.04  19.584  0.020
54007.05  19.900  0.024
54008.02  19.950  0.028
54013.02  20.353  0.114
54014.12  20.225  0.107
54018.02  20.404  0.041
54022.96  20.297  0.045
54023.96  20.294  0.069
54029.01  20.750  0.049
filter u
53981.14  20.204  0.119
54001.01  22.347  0.196
filter V
53981.14  18.462  0.017
53983.04  18.541  0.055
53986.12  18.725  0.038
53988.06  18.859  0.018
53991.10  19.168  0.018
53994.03  19.495  0.020
53998.03  19.757  0.036
54001.02  20.049  0.034
54003.00  20.252  0.034
54007.02  20.523  0.052
54007.98  20.340  0.060
54018.00  20.833  0.054
54022.00  20.942  0.049
54023.96  20.900  0.054
filter Y
53980.04  18.346  0.066
53980.04  18.426  0.046
53980.05  18.465  0.063
53982.00  18.463  0.047
53982.00  18.373  0.056
53982.01  18.515  0.062
53986.98  18.681  0.108
53986.98  18.729  0.083
53986.99  18.765  0.104
53995.03  18.542  0.061
53995.03  18.540  0.047
53995.04  18.503  0.061
53999.00  18.432  0.042
53999.00  18.415  0.052
53999.02  18.463  0.063
54001.98  18.494  0.064
54001.98  18.532  0.062
54002.00  18.557  0.081
54010.98  18.979  0.078
54010.98  18.948  0.112
54010.99  18.976  0.120
filter Ydw
54012.04  19.060  0.037
54012.04  19.024  0.051
54012.04  19.113  0.065
54014.99  19.233  0.061
54015.99  19.259  0.046
54016.00  19.298  0.044
