SN2013aj 0.009120 208.502833 -7.928833
filter Jrc2
56356.27  14.418  0.008
56375.33  16.034  0.011
56377.38  15.991  0.013
56378.40  15.863  0.013
56383.27  15.651  0.008
56385.37  15.574  0.009
56406.33  17.499  0.038
filter g
56356.33  14.382  0.012
56356.34  14.385  0.011
56357.34  14.279  0.012
56358.33  14.196  0.013
56359.36  14.164  0.010
56360.34  14.141  0.011
56364.38  14.178  0.010
56365.36  14.209  0.012
56366.30  14.348  0.044
56366.30  14.255  0.016
56366.40  14.264  0.012
56367.35  14.332  0.013
56368.32  14.407  0.013
56369.31  14.501  0.012
56370.38  14.608  0.013
56371.30  14.705  0.013
56372.33  14.810  0.013
56373.39  14.923  0.010
56374.41  15.039  0.011
56376.39  15.273  0.011
56377.32  15.405  0.015
56382.36  15.975  0.013
56385.38  16.262  0.013
56386.38  16.337  0.013
56387.32  16.418  0.013
56390.25  16.611  0.016
56393.33  16.745  0.013
56397.36  16.861  0.015
56400.35  16.952  0.013
56403.20  17.008  0.020
56409.32  17.157  0.019
56416.23  17.288  0.017
56419.20  17.340  0.020
56424.29  17.447  0.014
56426.13  17.482  0.023
56437.22  17.678  0.023
56445.21  17.816  0.016
filter i
56356.34  14.697  0.011
56357.34  14.637  0.011
56358.33  14.631  0.014
56359.36  14.675  0.010
56360.35  14.720  0.013
56364.39  14.891  0.010
56366.41  15.027  0.011
56366.41  15.010  0.013
56367.35  15.123  0.017
56368.32  15.246  0.018
56369.31  15.322  0.013
56370.38  15.388  0.013
56371.31  15.428  0.019
56372.33  15.455  0.015
56373.39  15.446  0.011
56374.41  15.423  0.011
56376.39  15.367  0.011
56377.33  15.311  0.016
56382.36  15.282  0.012
56385.38  15.360  0.010
56386.38  15.459  0.010
56387.32  15.538  0.011
56390.25  15.801  0.012
56393.33  16.043  0.011
56397.36  16.267  0.014
56400.34  16.385  0.013
56403.21  16.562  0.020
56409.33  16.813  0.014
56416.24  17.121  0.018
56419.21  17.232  0.015
56424.28  17.443  0.016
56426.13  17.534  0.023
56437.23  17.921  0.030
56445.22  18.210  0.022
filter H
56356.26  14.602  0.015
56371.42  15.162  0.016
56375.32  14.961  0.013
56377.39  14.929  0.014
56378.41  14.855  0.018
56383.27  14.874  0.012
56385.36  14.949  0.013
56406.31  16.325  0.029
filter J
56371.42  16.004  0.008
filter r
56356.34  14.416  0.017
56357.34  14.330  0.016
56358.33  14.253  0.017
56359.36  14.193  0.016
56360.35  14.183  0.017
56364.38  14.183  0.015
56365.36  14.207  0.016
56366.31  14.277  0.016
56366.40  14.281  0.017
56367.35  14.355  0.019
56368.32  14.438  0.017
56369.31  14.530  0.017
56370.38  14.639  0.016
56371.30  14.675  0.018
56372.33  14.735  0.017
56373.39  14.804  0.015
56374.41  14.826  0.016
56376.39  14.877  0.016
56377.32  14.857  0.019
56382.36  15.089  0.016
56385.38  15.298  0.016
56386.38  15.395  0.015
56387.32  15.467  0.015
56390.25  15.709  0.016
56393.33  15.915  0.015
56397.36  16.127  0.015
56400.34  16.249  0.016
56403.20  16.361  0.016
56409.32  16.602  0.015
56416.24  16.866  0.017
56419.21  16.981  0.015
56424.28  17.193  0.015
56426.13  17.251  0.019
56437.22  17.638  0.022
56445.22  17.943  0.017
filter u
56357.35  15.012  0.041
56358.33  14.943  0.033
56359.36  14.990  0.035
56360.35  14.985  0.033
56364.39  15.259  0.032
56366.41  15.409  0.036
56367.35  15.538  0.033
56368.32  15.680  0.032
56369.31  15.799  0.034
56370.38  15.885  0.035
56371.31  16.065  0.035
56372.34  16.196  0.034
56373.39  16.392  0.033
56374.41  16.538  0.035
56376.39  16.851  0.033
56377.33  17.015  0.035
56382.36  17.633  0.038
56385.38  17.884  0.037
56386.39  17.918  0.038
56390.25  18.090  0.035
56393.34  18.253  0.041
56393.34  18.247  0.037
56397.37  18.302  0.044
56400.35  18.378  0.042
56403.21  18.519  0.039
56409.33  18.724  0.126
56409.34  18.485  0.112
56416.25  18.756  0.042
56419.22  18.883  0.039
56424.29  18.962  0.041
56426.14  19.058  0.043
56437.24  19.303  0.117
56445.23  19.546  0.047
filter V
56356.34  14.440  0.019
56357.35  14.334  0.021
56358.33  14.240  0.019
56359.36  14.192  0.019
56360.35  14.165  0.019
56364.38  14.160  0.018
56365.36  14.171  0.019
56366.40  14.222  0.019
56367.35  14.264  0.019
56368.32  14.307  0.021
56370.39  14.461  0.018
56371.30  14.546  0.020
56372.34  14.610  0.019
56373.40  14.718  0.017
56374.41  14.781  0.017
56376.39  14.927  0.018
56377.32  15.010  0.021
56382.36  15.382  0.018
56385.39  15.621  0.019
56386.38  15.731  0.018
56387.33  15.788  0.019
56390.25  15.996  0.019
56393.34  16.182  0.018
56397.35  16.348  0.019
56400.33  16.453  0.018
56403.20  16.544  0.018
56409.31  16.758  0.022
56416.25  16.927  0.018
56419.20  17.023  0.017
56424.30  17.133  0.017
56426.12  17.225  0.019
56437.25  17.492  0.029
56445.21  17.718  0.018
filter Y
56356.25  14.585  0.011
56371.42  15.346  0.012
56375.32  15.182  0.012
56377.39  15.066  0.011
56378.41  14.979  0.009
56383.26  14.672  0.009
56385.35  14.614  0.010
56406.28  15.992  0.011
filter B
56356.34  14.466  0.023
56357.35  14.359  0.026
56358.32  14.309  0.024
56359.36  14.294  0.029
56360.35  14.220  0.024
56364.38  14.322  0.023
56365.36  14.359  0.024
56366.40  14.460  0.024
56367.35  14.510  0.024
56368.33  14.650  0.025
56370.39  14.885  0.028
56371.30  14.968  0.025
56372.34  15.117  0.025
56373.40  15.259  0.023
56374.41  15.416  0.025
56376.38  15.693  0.024
56377.32  15.824  0.026
56382.35  16.410  0.026
56385.39  16.665  0.025
56386.38  16.776  0.025
56387.33  16.832  0.024
56390.24  17.002  0.024
56393.35  17.132  0.028
56397.36  17.262  0.025
56400.33  17.352  0.027
56403.20  17.418  0.025
56409.32  17.543  0.037
56416.26  17.657  0.023
56419.19  17.721  0.023
56424.30  17.816  0.026
56426.12  17.842  0.026
56437.25  18.122  0.059
56445.20  18.142  0.022
