SN2013aa 0.003997 218.141167 -44.224389
filter B
56338.36  11.881  0.010
56339.37  11.803  0.013
56340.38  11.756  0.012
56341.39  11.704  0.011
56342.39  11.692  0.011
56343.38  11.695  0.014
56344.39  11.690  0.014
56345.38  11.741  0.018
56346.39  11.755  0.016
56351.40  12.016  0.014
56352.38  12.103  0.016
56353.39  12.166  0.014
56354.38  12.252  0.014
56355.36  12.327  0.014
56356.41  12.444  0.016
56357.36  12.532  0.014
56358.34  12.642  0.016
56359.39  12.756  0.013
56360.36  12.855  0.014
56364.40  13.298  0.014
56365.40  13.401  0.015
56366.33  13.494  0.012
56367.36  13.593  0.016
56368.33  13.691  0.015
56370.39  13.902  0.015
56371.37  13.982  0.013
56372.37  14.069  0.013
56373.41  14.136  0.012
56374.42  14.224  0.013
56376.41  14.363  0.013
56377.35  14.388  0.015
56378.43  14.457  0.016
56379.30  14.505  0.016
56380.32  14.569  0.016
56381.31  14.590  0.014
56382.38  14.653  0.013
56384.41  14.714  0.013
56386.40  14.768  0.010
56393.40  14.916  0.011
56397.39  14.979  0.012
56400.26  15.032  0.012
56403.23  15.068  0.012
56406.21  15.118  0.012
56409.30  15.160  0.011
56417.19  15.276  0.010
56422.36  15.354  0.010
56426.16  15.407  0.011
56434.23  15.545  0.012
56436.31  15.562  0.014
56444.13  15.678  0.011
56446.18  15.707  0.012
56448.23  15.751  0.011
56653.35  18.715  0.024
56685.32  19.214  0.016
56707.34  19.537  0.043
56714.32  19.709  0.027
56714.32  19.724  0.028
56714.32  19.721  0.027
56724.32  19.803  0.024
56756.23  20.355  0.030
56762.27  20.280  0.066
56762.27  20.533  0.077
56783.37  20.783  0.048
56885.03  22.631  0.121
filter g
56338.37  11.824  0.007
56339.37  11.743  0.011
56340.39  11.679  0.008
56341.38  11.641  0.007
56342.38  11.634  0.007
56343.37  11.625  0.008
56344.39  11.627  0.008
56345.37  11.665  0.012
56346.39  11.658  0.012
56351.39  11.902  0.010
56351.39  11.899  0.010
56352.38  11.937  0.012
56353.39  11.984  0.009
56354.37  12.058  0.008
56355.35  12.124  0.011
56356.41  12.200  0.008
56357.36  12.289  0.009
56358.34  12.355  0.011
56359.39  12.453  0.007
56360.36  12.529  0.009
56364.39  12.879  0.008
56365.40  12.966  0.010
56366.32  13.044  0.013
56367.36  13.142  0.010
56368.34  13.232  0.012
56369.34  13.319  0.011
56370.39  13.430  0.009
56371.37  13.515  0.009
56372.37  13.607  0.010
56373.41  13.678  0.008
56374.42  13.748  0.010
56376.41  13.894  0.010
56377.34  13.939  0.013
56378.43  13.995  0.014
56379.29  14.044  0.015
56379.29  14.043  0.013
56380.31  14.105  0.013
56381.30  14.153  0.013
56382.38  14.190  0.010
56384.41  14.276  0.009
56386.39  14.346  0.008
56389.42  14.395  0.008
56393.41  14.494  0.007
56397.38  14.572  0.007
56400.27  14.626  0.008
56403.22  14.667  0.009
56406.22  14.724  0.009
56409.28  14.779  0.009
56417.19  14.918  0.008
56422.34  14.995  0.007
56426.15  15.050  0.008
56434.22  15.201  0.008
56436.30  15.234  0.009
56444.13  15.357  0.008
56446.17  15.377  0.009
56448.21  15.424  0.008
56685.31  18.880  0.017
56707.33  19.221  0.026
56714.32  19.380  0.014
56714.32  19.368  0.015
56714.33  19.369  0.015
56724.33  19.475  0.019
56756.24  19.996  0.024
56762.25  20.049  0.073
56762.25  20.093  0.070
56783.40  20.411  0.035
56885.04  22.285  0.066
filter i
56338.37  12.164  0.011
56339.38  12.160  0.012
56340.39  12.144  0.009
56341.39  12.161  0.008
56342.38  12.189  0.007
56343.37  12.243  0.010
56344.39  12.287  0.009
56345.38  12.327  0.016
56346.39  12.361  0.016
56351.40  12.643  0.013
56352.38  12.756  0.017
56353.40  12.819  0.012
56354.37  12.922  0.013
56355.35  13.015  0.013
56356.41  13.105  0.015
56357.36  13.154  0.013
56358.34  13.164  0.013
56359.39  13.167  0.009
56360.36  13.157  0.014
56364.40  13.043  0.009
56365.40  13.010  0.013
56366.32  12.983  0.015
56367.36  12.951  0.013
56368.34  12.919  0.016
56369.34  12.873  0.013
56370.39  12.857  0.011
56371.38  12.850  0.011
56372.37  12.858  0.011
56373.41  12.873  0.009
56374.42  12.898  0.010
56376.41  12.972  0.012
56377.34  12.994  0.015
56378.43  13.109  0.017
56379.30  13.129  0.018
56380.31  13.265  0.020
56381.30  13.319  0.016
56382.37  13.369  0.009
56384.41  13.506  0.009
56386.39  13.608  0.009
56389.42  13.747  0.009
56393.41  13.924  0.009
56397.38  14.076  0.008
56400.26  14.187  0.008
56403.22  14.282  0.010
56406.23  14.411  0.011
56409.28  14.527  0.009
56417.20  14.810  0.009
56422.35  14.996  0.007
56426.15  15.120  0.010
56434.22  15.384  0.010
56436.31  15.454  0.012
56444.14  15.700  0.008
56446.17  15.745  0.012
56448.22  15.803  0.012
56653.36  19.023  0.038
56685.30  19.391  0.022
56714.33  19.701  0.026
56714.33  19.719  0.029
56714.33  19.744  0.027
56724.34  19.860  0.040
56756.25  20.233  0.036
56762.26  20.372  0.091
56762.26  20.288  0.075
56783.38  20.454  0.068
filter H
56342.31  12.279  0.013
56343.30  12.347  0.012
56344.33  12.384  0.011
56345.35  12.434  0.013
56346.31  12.533  0.012
56347.32  12.477  0.011
56348.33  12.485  0.011
56349.37  12.524  0.011
56350.37  12.558  0.011
56351.36  12.607  0.011
56352.33  12.619  0.011
56353.36  12.643  0.011
56354.35  12.676  0.011
56377.41  12.470  0.015
56383.35  12.818  0.012
56399.40  13.576  0.013
56405.28  13.806  0.011
filter r
56338.37  11.867  0.010
56339.37  11.822  0.013
56340.39  11.743  0.010
56341.39  11.701  0.008
56342.38  11.710  0.008
56343.37  11.673  0.009
56344.39  11.695  0.010
56345.37  11.693  0.014
56346.39  11.674  0.012
56351.39  11.887  0.011
56352.38  11.967  0.013
56353.39  12.040  0.012
56354.37  12.124  0.009
56355.35  12.218  0.011
56356.41  12.290  0.010
56357.36  12.341  0.010
56358.34  12.408  0.011
56359.39  12.444  0.008
56360.36  12.473  0.011
56364.40  12.526  0.008
56365.40  12.535  0.010
56366.32  12.549  0.011
56367.36  12.570  0.013
56368.34  12.592  0.012
56369.34  12.594  0.011
56370.39  12.655  0.009
56371.38  12.674  0.010
56372.37  12.717  0.011
56373.41  12.762  0.008
56374.42  12.807  0.010
56376.41  12.925  0.012
56377.34  12.984  0.013
56378.43  13.067  0.013
56379.29  13.127  0.014
56380.31  13.178  0.015
56381.30  13.232  0.013
56382.37  13.317  0.009
56384.41  13.427  0.009
56386.39  13.505  0.008
56389.42  13.638  0.008
56393.41  13.777  0.008
56397.38  13.908  0.008
56400.26  14.012  0.009
56403.22  14.102  0.010
56406.22  14.193  0.013
56409.27  14.290  0.013
56417.19  14.545  0.012
56422.35  14.710  0.008
56426.15  14.833  0.009
56434.22  15.079  0.008
56436.30  15.162  0.010
56444.14  15.382  0.009
56446.17  15.432  0.013
56448.22  15.511  0.013
56653.36  20.034  0.056
56685.30  20.541  0.036
56714.33  20.990  0.047
56714.33  21.142  0.058
56714.33  21.114  0.050
56724.33  21.162  0.063
56756.25  21.650  0.066
filter u
56338.37  12.200  0.018
56339.38  12.149  0.019
56340.39  12.128  0.016
56341.39  12.126  0.016
56342.38  12.139  0.016
56343.37  12.158  0.017
56344.39  12.244  0.022
56345.38  12.287  0.019
56346.39  12.333  0.020
56351.40  12.806  0.018
56352.38  12.888  0.017
56353.40  12.996  0.014
56354.37  13.098  0.015
56355.35  13.213  0.015
56357.36  13.498  0.016
56358.34  13.602  0.016
56359.39  13.755  0.014
56360.36  13.868  0.016
56364.40  14.429  0.015
56365.40  14.569  0.016
56366.32  14.666  0.021
56367.37  14.785  0.017
56368.34  14.863  0.014
56369.34  14.966  0.014
56371.38  15.172  0.015
56372.37  15.244  0.013
56373.41  15.324  0.013
56374.42  15.412  0.019
56376.41  15.494  0.013
56377.34  15.532  0.016
56378.43  15.598  0.026
56379.30  15.648  0.016
56380.31  15.682  0.016
56381.30  15.705  0.016
56382.38  15.763  0.014
56384.42  15.835  0.015
56386.40  15.890  0.013
56393.41  16.031  0.013
56397.38  16.115  0.013
56400.27  16.183  0.015
56403.22  16.216  0.015
56406.23  16.318  0.015
56409.29  16.373  0.016
56417.20  16.521  0.012
56422.35  16.656  0.014
56426.15  16.701  0.016
56434.22  16.902  0.020
56436.31  16.940  0.030
56444.14  17.145  0.015
56446.17  17.163  0.015
56448.22  17.210  0.013
filter V
56338.36  11.862  0.011
56339.37  11.785  0.013
56340.39  11.716  0.011
56341.39  11.655  0.011
56342.38  11.645  0.011
56343.37  11.637  0.013
56344.39  11.614  0.013
56345.38  11.629  0.016
56346.39  11.634  0.016
56351.40  11.817  0.014
56352.38  11.842  0.017
56353.39  11.914  0.016
56354.38  11.944  0.013
56355.36  12.012  0.016
56356.41  12.103  0.014
56357.36  12.182  0.013
56358.34  12.210  0.015
56359.39  12.285  0.012
56360.36  12.320  0.014
56364.40  12.560  0.013
56365.40  12.603  0.013
56366.33  12.650  0.012
56367.36  12.697  0.015
56368.33  12.766  0.014
56370.39  12.900  0.013
56371.37  12.940  0.014
56372.37  13.002  0.014
56373.41  13.062  0.013
56374.42  13.138  0.014
56376.41  13.233  0.015
56377.35  13.301  0.018
56378.42  13.382  0.015
56379.30  13.402  0.017
56380.32  13.495  0.017
56381.31  13.533  0.016
56382.38  13.600  0.014
56384.41  13.682  0.014
56386.40  13.740  0.012
56393.40  13.954  0.013
56397.38  14.058  0.011
56400.26  14.134  0.011
56403.23  14.214  0.012
56406.22  14.298  0.012
56409.30  14.372  0.011
56417.19  14.571  0.011
56422.36  14.694  0.011
56426.16  14.792  0.012
56434.23  14.994  0.013
56436.31  15.038  0.012
56444.13  15.216  0.011
56446.18  15.235  0.013
56448.22  15.302  0.012
56653.35  18.556  0.022
56685.31  19.035  0.017
56707.34  19.445  0.040
56714.31  19.578  0.024
56714.32  19.522  0.024
56714.32  19.515  0.023
56724.33  19.640  0.028
56756.24  20.126  0.031
56762.26  20.241  0.072
56762.27  20.122  0.065
56783.38  20.657  0.055
filter Y
56342.31  12.209  0.015
56343.30  12.360  0.013
56344.33  12.464  0.013
56345.36  12.612  0.014
56346.31  12.668  0.014
56347.32  12.719  0.012
56348.32  12.796  0.012
56349.38  12.876  0.012
56350.37  12.935  0.012
56351.35  13.036  0.012
56352.32  13.082  0.012
56352.34  13.099  0.012
56353.36  13.099  0.012
56354.34  13.137  0.012
56377.41  12.015  0.014
56383.35  12.332  0.014
56399.39  13.261  0.014
56405.27  13.598  0.013
filter Jrc2
56342.32  12.015  0.012
56343.30  11.989  0.011
56344.33  12.133  0.010
56345.35  12.211  0.012
56346.31  12.177  0.012
56347.32  12.379  0.010
56348.32  12.467  0.010
56349.38  12.595  0.010
56350.37  12.727  0.010
56351.35  12.897  0.010
56352.34  13.110  0.010
56353.36  13.309  0.010
56354.35  13.515  0.010
56377.40  13.170  0.011
56383.36  13.658  0.011
56399.40  14.880  0.013
56405.29  15.240  0.012
