SN2007if 0.074149 17.714042 15.461083
filter B
54357.28  18.027  0.012
54359.25  18.224  0.016
54362.24  18.544  0.015
54363.23  18.628  0.016
54364.19  18.694  0.025
54366.25  18.951  0.075
54368.25  19.119  0.100
54376.14  19.893  0.033
54380.21  20.086  0.028
54386.17  20.281  0.021
54392.23  20.417  0.058
54403.20  20.675  0.118
54409.17  20.676  0.051
54421.15  20.695  0.067
54435.10  21.034  0.063
54443.09  21.116  0.045
filter g
54357.26  17.783  0.007
54359.23  17.911  0.009
54362.25  18.176  0.009
54363.25  18.250  0.009
54364.20  18.339  0.013
54368.21  18.619  0.069
54376.15  19.284  0.012
54380.17  19.486  0.014
54386.17  19.718  0.009
54392.22  19.826  0.028
54395.21  19.822  0.062
54403.21  20.077  0.053
54409.15  20.230  0.026
54421.13  20.329  0.040
54435.08  20.539  0.025
54443.10  20.689  0.026
filter i
54357.27  17.817  0.010
54359.24  17.852  0.013
54362.26  17.931  0.012
54364.21  17.964  0.012
54368.23  17.977  0.027
54376.16  18.204  0.011
54380.18  18.283  0.012
54386.17  18.460  0.007
54392.23  18.668  0.020
54395.22  18.802  0.029
54403.22  19.085  0.033
54409.16  19.380  0.027
54421.14  19.736  0.037
54428.11  19.790  0.100
54435.09  20.105  0.055
54443.11  20.382  0.050
filter H
54355.29  17.952  0.171
54355.31  17.997  0.194
54363.20  18.160  0.299
54363.20  18.271  0.296
54365.22  18.124  0.061
54365.23  18.398  0.298
54367.28  18.199  0.295
54379.23  18.237  0.194
filter J
54355.27  17.936  0.067
54355.28  18.021  0.067
54363.19  18.395  0.030
54365.21  18.294  0.115
54365.21  18.379  0.066
54367.26  18.320  0.020
54367.27  18.372  0.018
54369.24  18.448  0.110
54369.25  18.314  0.079
54423.17  19.953  0.134
54423.18  20.086  0.139
54434.16  20.045  0.147
filter r
54357.27  17.493  0.006
54359.24  17.549  0.008
54362.26  17.657  0.007
54363.25  17.697  0.007
54363.26  17.688  0.007
54364.20  17.745  0.008
54368.22  17.904  0.029
54376.16  18.270  0.007
54380.18  18.413  0.011
54386.17  18.624  0.005
54392.22  18.796  0.013
54395.22  18.898  0.027
54403.22  19.144  0.027
54409.16  19.282  0.018
54421.14  19.584  0.026
54428.12  19.521  0.069
54435.08  19.899  0.023
54443.11  20.069  0.021
filter u
54357.27  19.200  0.078
54359.24  19.462  0.095
54362.24  19.971  0.081
54363.24  20.137  0.085
filter V
54357.28  17.564  0.008
54359.25  17.647  0.011
54362.23  17.809  0.010
54363.23  17.880  0.009
54364.17  17.934  0.014
54364.18  17.930  0.014
54366.24  18.084  0.029
54368.24  18.165  0.037
54376.14  18.734  0.013
54380.21  18.915  0.016
54386.17  19.125  0.009
54392.23  19.257  0.021
54395.23  19.242  0.048
54403.20  19.588  0.042
54409.17  19.689  0.027
54421.15  19.811  0.038
54428.13  19.896  0.153
54435.09  20.094  0.032
54443.08  20.225  0.028
filter Y
54355.25  17.765  0.039
54355.26  17.835  0.044
54369.21  17.688  0.032
54369.22  17.633  0.031
54379.20  17.733  0.037
54379.21  17.702  0.031
filter Ydw
54363.21  17.884  0.017
54363.22  17.863  0.021
54365.19  17.871  0.021
54365.20  17.745  0.044
54367.24  17.838  0.014
54367.25  17.825  0.016
54423.14  18.990  0.051
54423.16  19.062  0.054
54434.14  19.339  0.052
54434.15  19.304  0.065
