SN2002ha 0.014046 311.827420 0.312667
filter B
52568.750  17.247  0.033
52569.500  16.796  0.021
52570.750  16.421  0.012
52572.500  15.825  0.073
52573.750  15.626  0.010
52574.500  15.473  0.010
52575.750  15.338  0.010
52576.750  15.215  0.010
52577.500  15.147  0.010
52578.500  15.123  0.010
52579.500  15.079  0.010
52580.500  15.061  0.010
52581.500  15.117  0.010
52581.500  15.109  0.010
52582.500  15.108  0.010
52582.750  15.152  0.010
52583.500  15.192  0.010
52589.500  15.613  0.020
52593.500  16.171  0.011
52595.500  16.453  0.015
52601.500  17.170  0.020
52604.500  17.478  0.025
52607.500  17.746  0.027
52610.500  17.903  0.022
52612.500  18.052  0.012
52613.500  18.212  0.148
52616.500  18.126  0.171
52619.500  18.269  0.117
52619.500  18.100  0.062
52632.500  18.574  0.107
filter B4sh
52577.179  15.227  0.017
52580.120  15.096  0.024
52580.132  15.102  0.022
52589.085  15.522  0.010
52593.071  15.976  0.013
52601.072  17.012  0.014
52602.148  17.194  0.043
52603.096  17.232  0.014
52614.102  18.015  0.022
52819.447  21.120  0.216
filter Is
52568.750  16.883  0.029
52569.500  16.446  0.013
52570.750  16.095  0.017
52572.500  15.548  0.018
52573.750  15.386  0.012
52574.500  15.254  0.010
52575.750  15.146  0.010
52576.750  15.094  0.010
52577.500  15.055  0.010
52578.500  15.088  0.014
52579.500  15.096  0.010
52580.500  15.139  0.011
52581.500  15.220  0.010
52581.500  15.152  0.010
52582.500  15.220  0.010
52582.750  15.203  0.010
52583.500  15.279  0.010
52589.500  15.827  0.189
52593.500  15.880  0.021
52595.500  15.824  0.020
52601.500  15.668  0.023
52604.500  15.687  0.014
52607.500  15.775  0.012
52610.500  16.053  0.017
52612.500  16.168  0.013
52616.500  16.468  0.066
52619.500  16.609  0.054
52619.500  16.604  0.074
filter I4sh
52577.185  15.018  0.013
52580.126  15.084  0.016
52580.137  15.092  0.037
52589.091  15.650  0.015
52593.077  15.844  0.015
52601.080  15.662  0.021
52602.154  15.654  0.021
52603.101  15.599  0.020
52614.108  16.244  0.018
filter Rs
52568.750  17.037  0.026
52569.500  16.599  0.019
52570.750  16.232  0.010
52572.500  15.604  0.017
52573.750  15.448  0.010
52574.500  15.294  0.010
52575.750  15.174  0.010
52576.750  15.088  0.010
52577.500  15.023  0.010
52578.500  14.979  0.010
52579.500  14.967  0.010
52580.500  14.931  0.010
52581.500  14.944  0.010
52581.500  14.962  0.010
52582.500  14.927  0.010
52582.750  14.944  0.010
52583.500  14.938  0.010
52589.500  15.401  0.104
52593.500  15.669  0.011
52595.500  15.713  0.011
52601.500  15.805  0.014
52604.500  15.942  0.010
52607.500  16.138  0.013
52610.500  16.386  0.015
52612.500  16.517  0.010
52613.500  16.608  0.201
52616.500  16.777  0.061
52619.500  16.849  0.018
52619.500  16.922  0.057
filter R4sh
52577.183  15.052  0.013
52580.136  14.962  0.017
52589.089  15.294  0.010
52593.075  15.626  0.010
52601.078  15.747  0.012
52602.153  15.847  0.024
52603.100  15.804  0.012
52614.106  16.566  0.015
filter Us
52577.176  14.788  0.031
52589.082  15.550  0.020
52593.068  16.141  0.030
52601.068  17.380  0.028
52602.145  17.500  0.036
52603.092  17.538  0.035
52614.099  18.116  0.084
filter V
52568.750  17.143  0.032
52569.500  16.793  0.019
52570.750  16.411  0.010
52572.500  15.826  0.017
52573.750  15.659  0.010
52574.500  15.497  0.010
52575.750  15.374  0.010
52576.750  15.267  0.010
52577.500  15.196  0.010
52578.500  15.147  0.010
52579.500  15.110  0.010
52580.500  15.080  0.010
52581.500  15.087  0.010
52581.500  15.075  0.010
52582.500  15.072  0.010
52582.750  15.073  0.010
52583.500  15.097  0.010
52589.500  15.361  0.033
52593.500  15.661  0.010
52595.500  15.788  0.013
52601.500  16.160  0.010
52604.500  16.389  0.020
52607.500  16.605  0.018
52610.500  16.844  0.013
52612.500  16.941  0.010
52613.500  17.055  0.209
52616.500  17.029  0.070
52619.500  17.248  0.021
52619.500  17.292  0.045
52632.500  17.685  0.179
52644.500  17.935  0.305
filter V4sh
52577.181  15.242  0.013
52580.123  15.110  0.023
52580.134  15.093  0.023
52589.088  15.286  0.013
52593.073  15.566  0.011
52601.075  16.086  0.012
52602.151  16.195  0.025
52603.098  16.229  0.010
52614.105  17.009  0.015
52819.450  21.020  0.205
