SN2009I 0.026150 41.293333 -4.713722
filter Jrc2
54846.08  16.748  0.019
54846.09  16.796  0.020
54849.04  16.798  0.025
54849.05  16.771  0.028
54853.05  16.953  0.028
54853.06  16.939  0.024
54857.10  17.122  0.051
54857.11  17.193  0.084
54860.07  17.516  0.053
54860.08  17.583  0.056
filter g
54848.07  18.135  0.010
54855.08  18.107  0.009
54856.06  18.132  0.011
54866.05  18.649  0.016
54867.06  18.713  0.020
filter i
54848.07  17.443  0.012
54855.09  17.595  0.013
54856.06  17.632  0.012
54866.06  18.296  0.019
54867.07  18.362  0.022
filter H
54846.10  16.898  0.049
54846.10  16.884  0.044
54849.06  16.909  0.055
54849.06  17.018  0.069
54853.07  17.129  0.066
54853.08  17.113  0.066
54857.13  17.420  0.176
filter r
54848.07  17.414  0.010
54855.09  17.320  0.008
54856.06  17.351  0.009
54866.06  17.892  0.012
54867.07  17.937  0.013
filter u
54848.08  19.415  0.049
54855.07  19.667  0.056
54856.07  19.805  0.050
filter V
54848.08  17.774  0.013
54855.06  17.722  0.009
54856.07  17.746  0.014
54866.07  18.183  0.016
54867.09  18.286  0.022
filter Y
54846.06  16.986  0.017
54846.07  17.006  0.021
54849.02  17.049  0.027
54849.03  17.099  0.028
54853.02  17.369  0.026
54853.03  17.380  0.024
54857.09  17.674  0.049
54857.09  17.727  0.038
54860.05  17.863  0.042
54860.06  17.855  0.043
filter B
54848.09  18.427  0.015
54855.07  18.405  0.015
54856.08  18.479  0.014
54866.08  19.131  0.035
54867.09  19.215  0.047
