SN2007jh 0.040767 54.006417 1.103389
filter B
54363.35  18.780  0.019
54364.39  18.744  0.016
54368.38  18.834  0.034
54376.35  19.995  0.047
54392.37  21.175  0.138
54394.31  21.315  0.089
54395.37  21.434  0.158
filter g
54363.37  18.566  0.015
54364.40  18.505  0.011
54368.36  18.505  0.021
54376.36  19.528  0.029
54378.39  19.787  0.029
54380.37  20.028  0.026
54392.35  20.876  0.016
54394.29  21.019  0.081
54395.35  21.115  0.153
filter i
54363.38  18.523  0.023
54376.38  18.860  0.024
54378.39  18.875  0.034
54380.38  18.834  0.025
54392.36  19.595  0.066
54394.30  19.742  0.049
54398.35  19.770  0.073
54413.30  20.126  0.101
filter H
54363.40  18.099  0.074
filter r
54363.37  18.344  0.016
54364.40  18.281  0.016
54368.37  18.191  0.019
54376.37  18.544  0.017
54378.39  18.686  0.017
54380.38  18.823  0.124
54392.36  19.564  0.035
54394.30  19.604  0.035
54398.34  19.777  0.082
54409.36  20.374  0.074
filter V
54363.35  18.513  0.014
54364.38  18.429  0.016
54368.38  18.366  0.023
54376.34  18.902  0.021
54380.39  19.262  0.046
54385.39  19.573  0.090
54392.37  20.196  0.079
54394.30  20.388  0.058
54395.37  20.499  0.079
filter Y
54402.30  18.843  0.096
