SN2005ki 0.019193 160.117583 9.202333
filter B
53695.36  16.970  0.013
53702.34  15.729  0.008
53703.35  15.701  0.008
53706.33  15.701  0.007
53707.35  15.733  0.008
53712.34  16.035  0.007
53716.35  16.463  0.009
53720.33  17.007  0.012
53721.35  17.160  0.013
53728.35  17.987  0.016
53730.35  18.215  0.011
53736.32  18.574  0.011
53738.36  18.642  0.015
53740.36  18.712  0.015
53741.33  18.724  0.014
53745.28  18.876  0.015
53748.28  18.927  0.031
53751.30  18.941  0.044
53752.28  19.031  0.052
53761.29  19.138  0.016
53762.29  19.214  0.018
53763.29  19.199  0.026
53764.30  19.217  0.019
53765.28  19.222  0.018
53771.27  19.320  0.017
53772.35  19.330  0.021
53774.25  19.356  0.019
53775.13  19.341  0.026
53778.25  19.444  0.053
53783.21  19.514  0.046
53784.25  19.481  0.038
53795.22  19.730  0.024
53798.24  19.783  0.025
53804.24  19.841  0.048
53805.16  19.757  0.051
53818.16  20.135  0.033
53819.19  20.176  0.030
53823.15  20.256  0.032
53831.13  20.282  0.052
53838.15  20.398  0.175
53840.11  20.510  0.121
53846.13  20.573  0.045
53858.05  20.851  0.056
53861.01  20.890  0.127
filter g
53695.36  16.866  0.009
53702.32  15.665  0.007
53703.36  15.632  0.007
53706.34  15.597  0.006
53707.36  15.634  0.006
53712.33  15.877  0.006
53713.35  15.966  0.006
53716.35  16.242  0.006
53720.32  16.657  0.009
53721.33  16.773  0.008
53728.35  17.623  0.009
53730.36  17.814  0.011
53736.31  18.194  0.011
53738.35  18.287  0.011
53740.35  18.346  0.011
53741.31  18.379  0.011
53745.26  18.473  0.013
53748.26  18.579  0.022
53751.31  18.621  0.030
53752.30  18.690  0.035
53754.24  18.658  0.020
53761.26  18.806  0.012
53762.27  18.825  0.012
53763.27  18.838  0.014
53764.28  18.858  0.012
53765.26  18.871  0.011
53771.24  18.975  0.012
53772.33  18.991  0.013
53774.23  19.017  0.014
53775.10  19.045  0.019
53778.26  19.048  0.034
53783.18  19.211  0.032
53784.26  19.167  0.020
53790.20  19.294  0.012
53795.23  19.373  0.015
53798.23  19.423  0.014
53804.25  19.510  0.026
53805.17  19.544  0.046
53818.17  19.805  0.022
53819.19  19.821  0.018
53823.13  19.869  0.019
53831.11  20.000  0.032
53838.13  20.095  0.104
53840.09  20.041  0.059
53846.14  20.249  0.027
53858.04  20.424  0.033
53860.99  20.451  0.072
filter i
53695.36  17.093  0.012
53702.33  16.160  0.007
53703.37  16.208  0.009
53706.35  16.298  0.007
53707.36  16.323  0.009
53712.33  16.711  0.009
53713.36  16.839  0.009
53716.36  17.031  0.011
53720.32  17.019  0.012
53721.34  16.968  0.010
53728.36  16.777  0.009
53730.37  16.859  0.013
53736.31  17.359  0.011
53738.35  17.510  0.010
53740.35  17.642  0.010
53741.32  17.666  0.010
53745.27  17.857  0.014
53748.26  18.020  0.015
53751.32  18.123  0.019
53752.31  18.227  0.034
53754.25  18.272  0.019
53761.27  18.564  0.016
53762.28  18.605  0.018
53763.27  18.585  0.030
53764.28  18.685  0.017
53765.27  18.695  0.017
53771.25  18.951  0.020
53772.34  18.978  0.020
53774.24  19.070  0.023
53775.11  19.120  0.028
53778.27  19.118  0.039
53783.19  19.346  0.041
53784.27  19.410  0.032
53790.21  19.638  0.030
53795.24  19.722  0.038
53798.23  19.890  0.033
53804.25  20.067  0.060
53805.18  19.971  0.058
53818.17  20.397  0.065
53819.20  20.410  0.043
53823.14  20.451  0.064
53840.10  20.740  0.121
53846.15  20.936  0.109
filter H
53697.33  16.520  0.054
53701.33  16.219  0.028
53708.34  16.718  0.049
53708.34  16.695  0.061
53709.35  16.713  0.057
53709.36  16.771  0.073
53714.37  16.999  0.045
53715.33  16.962  0.060
53715.33  17.019  0.054
53717.36  17.012  0.052
53717.37  17.023  0.063
53719.37  16.888  0.055
53719.38  16.913  0.058
53750.36  17.802  0.032
53750.37  17.781  0.036
53756.33  18.054  0.065
53756.34  18.062  0.069
filter J
53696.32  16.650  0.033
53696.33  16.644  0.028
53701.31  16.088  0.019
53701.32  16.063  0.016
53705.33  16.276  0.033
53708.32  16.518  0.033
53708.33  16.624  0.034
53709.31  16.672  0.029
53709.32  16.684  0.032
53714.33  17.682  0.055
53714.34  17.737  0.053
53715.34  17.818  0.067
53715.35  17.828  0.060
53724.36  17.534  0.053
53724.38  17.512  0.098
53732.36  17.388  0.044
53732.37  17.268  0.041
53750.35  18.804  0.042
53750.36  18.904  0.045
53756.32  19.467  0.146
53756.32  19.373  0.101
filter r
53695.36  16.960  0.009
53702.32  15.789  0.006
53703.36  15.751  0.006
53706.34  15.686  0.006
53707.36  15.685  0.006
53712.33  15.955  0.006
53713.35  16.058  0.006
53716.36  16.306  0.006
53720.32  16.440  0.010
53721.34  16.433  0.009
53728.36  16.651  0.008
53730.36  16.806  0.009
53736.31  17.270  0.009
53738.35  17.381  0.009
53740.35  17.464  0.009
53741.31  17.526  0.009
53745.27  17.698  0.010
53748.26  17.766  0.012
53751.31  17.908  0.014
53752.31  17.930  0.018
53754.24  18.040  0.014
53761.27  18.250  0.010
53762.27  18.309  0.011
53763.27  18.333  0.012
53764.28  18.370  0.012
53765.26  18.406  0.011
53771.24  18.634  0.011
53772.33  18.655  0.012
53774.23  18.710  0.014
53775.11  18.727  0.017
53778.26  18.863  0.031
53783.19  18.998  0.023
53784.27  19.037  0.020
53790.21  19.278  0.016
53795.23  19.451  0.020
53798.23  19.535  0.019
53804.25  19.777  0.041
53805.17  19.793  0.045
53818.17  20.165  0.029
53819.20  20.207  0.031
53823.14  20.276  0.035
53831.11  20.525  0.055
53840.10  20.792  0.091
53846.14  20.852  0.055
53858.04  21.129  0.073
filter u
53695.37  17.164  0.042
53702.33  16.025  0.018
53703.36  16.035  0.019
53706.34  16.166  0.018
53707.35  16.255  0.019
53712.34  16.733  0.019
53713.36  16.881  0.021
53716.36  17.330  0.034
53720.33  17.985  0.034
53721.34  18.150  0.034
53728.35  19.002  0.045
53730.36  19.275  0.056
53736.31  19.659  0.058
53740.36  19.762  0.075
53741.32  19.838  0.085
53745.27  19.852  0.082
53748.27  19.887  0.110
53751.30  19.768  0.109
53752.30  19.900  0.118
53761.28  20.308  0.066
53762.28  20.307  0.060
53763.28  20.076  0.107
53764.29  20.290  0.063
53765.27  20.320  0.069
53771.25  20.373  0.076
53772.34  20.404  0.078
53774.24  20.395  0.180
53775.12  20.587  0.114
53783.20  20.731  0.175
53784.26  20.849  0.184
filter V
53695.35  16.965  0.009
53702.34  15.776  0.006
53703.35  15.733  0.006
53706.33  15.676  0.007
53707.34  15.691  0.006
53712.34  15.878  0.006
53716.35  16.173  0.006
53720.33  16.448  0.011
53721.35  16.496  0.010
53728.34  17.019  0.009
53730.34  17.189  0.013
53736.32  17.622  0.025
53738.35  17.720  0.011
53740.35  17.795  0.012
53741.32  17.845  0.011
53745.28  17.982  0.013
53748.27  18.046  0.014
53751.29  18.181  0.024
53752.28  18.137  0.025
53761.28  18.436  0.014
53762.29  18.454  0.012
53763.29  18.480  0.020
53764.30  18.492  0.015
53765.28  18.537  0.014
53771.26  18.689  0.014
53772.35  18.730  0.016
53774.25  18.785  0.016
53775.12  18.788  0.019
53778.24  18.814  0.034
53783.20  18.978  0.030
53784.24  18.986  0.020
53795.23  19.294  0.020
53798.24  19.367  0.024
53804.23  19.537  0.034
53805.16  19.502  0.044
53818.15  19.820  0.026
53819.18  19.864  0.026
53823.14  19.906  0.031
53831.12  20.087  0.045
53838.14  20.053  0.124
53840.11  20.143  0.083
53846.12  20.295  0.041
53858.05  20.525  0.057
53861.00  20.531  0.092
filter Y
53696.30  16.726  0.023
53696.31  16.664  0.020
53701.30  16.130  0.015
53701.30  16.144  0.014
53704.33  16.296  0.021
53708.35  16.703  0.018
53708.36  16.684  0.020
53709.33  16.748  0.023
53709.34  16.762  0.020
53714.35  17.060  0.023
53714.36  17.047  0.023
53715.36  17.125  0.027
53719.35  16.912  0.021
53719.36  16.929  0.028
53724.34  16.533  0.024
53724.35  16.508  0.023
53732.35  16.211  0.016
53732.36  16.215  0.020
filter Ydw
53750.34  17.359  0.018
53756.30  17.717  0.026
53756.31  17.751  0.030
