SN2009ig 0.008770 39.548375 -1.312528
filter B
55065.010  17.304  0.039
55065.330  17.079  0.040
55065.960  16.519  0.036
55066.580  16.113  0.032
55068.020  15.115  0.036
55068.580  14.961  0.025
55069.000  14.748  0.036
55070.000  14.614  0.037
55070.500  14.403  0.024
55071.940  14.120  0.037
55072.960  14.048  0.022
55072.960  13.972  0.037
55073.990  13.847  0.036
55074.940  13.825  0.036
55075.120  13.776  0.022
55076.020  13.738  0.036
55076.580  13.714  0.023
55077.000  13.609  0.036
55077.930  13.643  0.036
55079.330  13.613  0.022
55079.890  13.629  0.036
55080.580  13.666  0.022
55081.010  13.583  0.036
55081.920  13.622  0.036
55082.940  13.669  0.039
55083.940  13.595  0.036
55084.420  13.720  0.022
55084.990  13.765  0.037
55085.930  13.769  0.037
55086.750  13.842  0.022
55087.940  13.861  0.037
55089.500  14.002  0.023
55090.920  13.989  0.036
55091.920  14.047  0.046
55092.960  14.123  0.038
55093.990  14.359  0.039
55094.870  14.416  0.037
55095.950  14.537  0.036
55097.020  14.639  0.038
55097.900  14.776  0.038
55098.930  14.885  0.036
55098.960  14.845  0.025
55099.940  15.000  0.036
55100.930  15.113  0.042
55101.980  15.145  0.037
55102.960  15.175  0.036
55104.960  15.381  0.036
55105.960  15.483  0.028
55106.870  15.591  0.039
55107.960  15.626  0.030
55112.910  16.076  0.044
55113.790  16.015  0.030
55114.900  16.112  0.037
55116.880  16.188  0.033
55116.960  16.206  0.091
55120.930  16.288  0.036
55123.890  16.480  0.039
55126.910  16.418  0.036
55129.810  16.514  0.036
55132.860  16.619  0.047
55133.850  16.546  0.040
55139.910  16.716  0.063
55143.810  17.001  0.148
55148.890  16.792  0.044
55154.820  16.974  0.037
55159.770  16.983  0.036
55168.810  17.187  0.045
55173.830  17.295  0.037
55182.760  17.286  0.036
55188.710  17.257  0.036
55196.790  17.589  0.061
filter Bk
55078.49609  13.571  0.018
55079.48828  13.575  0.018
55085.49609  13.687  0.019
55089.47266  13.942  0.016
55092.43359  14.158  0.031
55094.35156  14.339  0.019
55098.32812  14.730  0.016
55101.30078  15.026  0.016
55102.27344  15.087  0.022
55103.35547  15.201  0.020
55104.38281  15.292  0.020
55106.26953  15.459  0.026
55115.48438  16.083  0.032
55119.37109  16.220  0.026
55122.39844  16.302  0.024
55123.35156  16.315  0.025
55125.40625  16.410  0.036
55127.30469  16.399  0.022
55150.28516  16.788  0.033
55151.32812  16.862  0.041
55153.27344  16.830  0.030
55158.30078  16.912  0.031
55160.23438  16.948  0.037
55176.26172  17.203  0.037
55208.16016  17.777  0.053
55242.10938  18.362  0.071
filter B_UVOT
55064.84  17.051000  0.080000
55066.09  16.012000  0.050000
55068.09  14.873000  0.032000
55070.04  14.293000  0.028000
55072.50  13.915000  0.027000
55074.65  13.691000  0.026000
55076.12  13.637000  0.026000
55078.87  13.556000  0.026000
55080.13  13.581000  0.026000
55083.92  13.644000  0.026000
55086.26  13.753000  0.026000
55089.03  13.923000  0.027000
55098.47  14.754000  0.031000
55105.46  15.406000  0.038000
55107.41  15.564000  0.041000
55113.32  15.970000  0.049000
55116.40  16.131000  0.054000
filter H2m
55119.44141  13157.501  2102.562
55120.28125  11521.177  1841.079
55124.23828  11552.278  1846.049
55126.28906  9583.220  1531.394
55128.23828  9463.445  1512.254
55131.23047  8304.059  1326.985
55133.21875  7348.811  1174.336
55135.23047  6767.240  1081.402
55137.23047  5960.459  952.479
filter Is
55065.010  16.889  0.092
55065.960  16.346  0.038
55068.020  15.273  0.037
55069.000  14.892  0.037
55070.000  14.652  0.037
55071.940  14.232  0.043
55072.960  14.146  0.037
55073.990  14.103  0.037
55074.940  14.059  0.037
55076.020  13.935  0.038
55077.930  13.918  0.038
55079.890  13.880  0.037
55081.010  13.875  0.037
55081.920  13.940  0.037
55082.940  13.939  0.037
55083.940  13.942  0.039
55084.990  14.032  0.040
55085.930  14.080  0.037
55087.940  14.179  0.038
55089.970  14.295  0.037
55090.920  14.337  0.038
55091.920  14.311  0.038
55092.960  14.438  0.037
55093.990  14.618  0.037
55094.870  14.625  0.037
55095.950  14.615  0.037
55097.020  14.606  0.037
55097.900  14.663  0.037
55098.930  14.621  0.037
55099.940  14.601  0.037
55100.930  14.515  0.037
55101.980  14.461  0.040
55102.960  14.435  0.037
55104.960  14.394  0.037
55106.870  14.434  0.037
55114.900  14.430  0.037
55116.960  14.544  0.037
55120.930  14.754  0.037
55123.890  15.049  0.037
55126.910  15.169  0.037
55129.810  15.325  0.037
55132.860  15.442  0.038
55133.850  15.509  0.037
55139.910  15.880  0.061
55143.810  15.973  0.047
55148.890  16.063  0.037
55154.820  16.397  0.038
55159.770  16.490  0.040
55168.81  16.820  0.038
55173.830  16.981  0.040
55182.760  17.385  0.127
55188.710  17.509  0.069
filter J2m
55119.44141  7278.189  1163.051
55120.28125  6158.702  1393.552
55122.26953  5545.006  886.089
55124.23828  5120.893  818.316
55126.28906  4824.853  771.009
55128.23828  3893.600  881.019
55131.23047  3776.933  603.552
55132.26172  3721.544  594.701
55133.21875  3046.156  486.774
55135.23047  2479.407  396.208
55137.23047  2447.392  391.092
filter Ks2m
55119.44141  12902.018  2919.387
55126.28906  9100.419  1454.243
55128.23828  8703.953  1390.888
55130.39062  8610.971  1376.029
55131.23047  7963.909  1272.629
55133.21875  7377.592  1178.936
55135.23047  6299.711  1425.459
filter Rs
55065.010  16.957  0.034
55065.960  16.309  0.029
55068.020  15.117  0.035
55069.000  14.858  0.034
55070.000  14.592  0.029
55071.940  14.220  0.032
55072.960  14.137  0.029
55073.990  14.057  0.031
55074.940  13.986  0.029
55076.020  13.855  0.029
55077.930  13.779  0.029
55079.890  13.692  0.029
55081.010  13.637  0.029
55081.920  13.695  0.029
55082.940  13.708  0.029
55083.940  13.663  0.034
55084.990  13.749  0.029
55085.930  13.782  0.029
55087.940  13.941  0.029
55089.970  13.900  0.029
55090.920  14.006  0.029
55091.920  13.965  0.041
55092.960  14.125  0.029
55093.990  14.258  0.032
55094.870  14.334  0.029
55095.950  14.394  0.029
55097.020  14.345  0.029
55097.900  14.460  0.029
55098.930  14.482  0.029
55099.940  14.470  0.029
55100.930  14.444  0.031
55101.980  14.476  0.029
55102.960  14.425  0.029
55104.960  14.403  0.029
55106.870  14.425  0.029
55112.910  14.666  0.030
55114.900  14.781  0.029
55116.960  14.916  0.029
55120.930  15.066  0.031
55123.890  15.337  0.029
55126.910  15.363  0.030
55129.810  15.532  0.029
55132.860  15.572  0.029
55133.850  15.544  0.034
55139.910  15.809  0.088
55143.810  15.935  0.031
55148.890  16.074  0.029
55154.820  16.326  0.029
55159.770  16.402  0.029
55173.830  16.835  0.030
55182.760  17.066  0.041
55188.710  17.263  0.031
filter Us
55065.330  17.896  0.068
55066.580  16.712  0.042
55068.580  15.163  0.021
55070.500  14.257  0.015
55072.960  13.741  0.011
55075.130  13.504  0.011
55076.580  13.498  0.012
55079.330  13.517  0.006
55081.000  13.702  0.006
55084.420  13.827  0.012
55086.750  13.994  0.012
55088.920  14.264  0.005
55089.500  14.289  0.015
55098.960  15.385  0.024
filter U_UVOT
55064.84  17.704000  0.106000
55066.08  16.543000  0.081000
55068.09  14.905000  0.039000
55070.03  13.996000  0.030000
55072.50  13.434000  0.027000
55074.64  13.206000  0.026000
55076.12  13.175000  0.026000
55078.87  13.241000  0.027000
55080.13  13.316000  0.027000
55080.80  13.391000  0.026000
55083.92  13.565000  0.027000
55086.26  13.740000  0.028000
55088.46  13.977000  0.027000
55089.03  14.021000  0.030000
55098.47  15.183000  0.045000
55105.46  15.935000  0.068000
55107.41  16.085000  0.077000
55113.32  16.529000  0.081000
55116.40  16.721000  0.083000
filter V
55065.010  16.865  0.033
55065.330  16.546  0.052
55065.960  16.216  0.035
55066.580  15.827  0.042
55068.020  15.151  0.028
55068.580  14.926  0.031
55069.000  14.790  0.031
55070.000  14.546  0.029
55070.500  14.411  0.028
55071.940  14.199  0.072
55072.960  14.042  0.028
55073.000  14.010  0.024
55073.990  13.937  0.035
55074.940  13.851  0.028
55075.130  13.816  0.024
55076.020  13.672  0.031
55076.630  13.697  0.025
55077.000  13.623  0.028
55077.930  13.592  0.029
55079.330  13.561  0.024
55079.890  13.537  0.028
55080.580  13.568  0.024
55081.010  13.451  0.028
55081.920  13.494  0.030
55082.940  13.555  0.028
55083.940  13.487  0.039
55084.420  13.602  0.024
55084.990  13.586  0.029
55085.930  13.602  0.028
55086.750  13.654  0.024
55087.940  13.629  0.028
55089.500  13.748  0.025
55089.970  13.651  0.029
55090.920  13.768  0.028
55091.920  13.739  0.044
55092.960  13.815  0.034
55094.870  14.055  0.028
55095.950  14.115  0.028
55097.020  14.085  0.030
55097.900  14.238  0.028
55098.930  14.203  0.030
55098.960  14.273  0.028
55099.940  14.301  0.029
55101.980  14.330  0.028
55102.960  14.335  0.028
55104.960  14.413  0.028
55105.960  14.515  0.029
55106.870  14.524  0.029
55107.880  14.631  0.030
55112.910  14.825  0.029
55113.790  14.925  0.031
55114.900  14.928  0.038
55116.880  15.199  0.034
55116.960  15.104  0.029
55120.930  15.292  0.028
55123.890  15.388  0.028
55126.910  15.448  0.043
55129.810  15.636  0.029
55132.860  15.721  0.031
55133.850  15.704  0.029
55139.910  15.941  0.044
55143.810  16.088  0.043
55148.890  16.081  0.038
55154.820  16.316  0.029
55159.770  16.376  0.029
55168.810  16.682  0.033
55173.830  16.745  0.030
55182.760  16.994  0.030
55188.710  17.095  0.033
filter Vk
55078.49609  13.498  0.017
55079.48438  13.468  0.022
55086.46094  13.549  0.015
55087.43750  13.595  0.022
55089.46875  13.696  0.016
55092.42969  13.878  0.016
55094.34766  13.998  0.018
55098.32422  14.186  0.020
55101.30078  14.293  0.016
55102.27344  14.339  0.015
55103.35547  14.374  0.017
55104.38281  14.402  0.015
55106.26953  14.474  0.016
55115.48438  15.034  0.015
55119.37109  15.255  0.016
55122.39844  15.382  0.015
55123.35156  15.416  0.015
55127.29688  15.547  0.017
55150.28125  16.182  0.018
55151.32422  16.272  0.035
55153.26953  16.287  0.018
55158.29688  16.419  0.021
55160.23047  16.448  0.023
55176.25781  16.817  0.021
55208.16016  17.549  0.031
55242.10547  18.184  0.054
filter V_UVOT
55064.85  16.495000  0.084000
55066.09  15.793000  0.075000
55068.10  14.858000  0.049000
55070.04  14.311000  0.039000
55072.51  13.908000  0.032000
55074.65  13.714000  0.031000
55076.13  13.601000  0.030000
55078.87  13.471000  0.030000
55080.14  13.463000  0.029000
55083.93  13.497000  0.030000
55086.26  13.548000  0.030000
55089.04  13.650000  0.031000
55098.47  14.145000  0.036000
55105.46  14.429000  0.040000
55107.41  14.515000  0.042000
55113.33  14.836000  0.048000
55116.41  15.104000  0.056000
filter ik
55078.49219  14.162  0.016
55079.48438  14.194  0.020
55085.48828  14.382  0.021
55086.46094  14.427  0.024
55087.43359  14.479  0.021
55088.34766  14.571  0.024
55089.46875  14.616  0.018
55092.42969  14.902  0.022
55094.34766  15.016  0.018
55098.32422  15.069  0.020
55101.29688  15.007  0.024
55102.26953  14.970  0.019
55103.35156  14.941  0.038
55104.37891  14.916  0.029
55106.26562  14.856  0.022
55115.47656  14.942  0.019
55119.36719  15.232  0.023
55122.39062  15.416  0.022
55123.34766  15.462  0.025
55125.39844  15.664  0.046
55127.28516  15.659  0.020
55150.27344  16.549  0.023
55151.31641  16.677  0.040
55153.26562  16.687  0.030
55158.28125  16.858  0.025
55176.26562  17.434  0.032
55208.15234  18.362  0.071
55242.09766  19.257  0.186
filter rk
55079.48438  13.544  0.018
55085.49219  13.614  0.016
55086.46094  13.658  0.017
55087.43750  13.703  0.016
55089.46875  13.829  0.015
55092.42969  14.043  0.016
55094.34766  14.168  0.016
55098.32422  14.301  0.017
55101.30078  14.328  0.017
55102.26953  14.337  0.018
55103.35156  14.336  0.017
55104.37891  14.332  0.016
55106.26562  14.361  0.018
55115.48047  14.781  0.016
55119.36719  15.013  0.017
55122.39453  15.161  0.017
55123.34766  15.211  0.016
55125.40234  15.363  0.038
55127.29297  15.367  0.016
55150.27734  16.117  0.017
55151.32031  16.203  0.032
55153.26562  16.206  0.017
55158.29688  16.369  0.020
55160.22656  16.447  0.023
55176.25391  16.915  0.022
55208.15625  17.798  0.035
55242.10156  18.765  0.091
filter uk
55089.47266  14.707  0.025
55092.43359  15.093  0.030
55094.35156  15.377  0.033
55098.32812  15.761  0.035
55101.30469  16.121  0.044
55102.27734  16.032  0.065
55103.35938  16.289  0.083
55104.38672  16.433  0.083
55115.49609  17.115  0.101
55119.37500  17.413  0.141
55122.40234  17.690  0.120
55123.35547  17.453  0.103
55127.31250  17.760  0.090
55151.33203  18.172  0.172
55153.27734  18.084  0.291
55158.30469  18.250  0.100
55160.23828  18.326  0.147
55208.16406  19.471  0.272
filter UVM2
55067.29  20.199000  0.266000
55070.04  18.875000  0.168000
55070.53  19.038000  0.106000
55072.51  18.258000  0.115000
55074.65  17.771000  0.101000
55076.13  17.587000  0.101000
55078.88  17.433000  0.096000
55080.14  17.396000  0.090000
55082.04  17.476000  0.166000
55083.93  17.428000  0.103000
55086.26  17.773000  0.100000
55089.04  17.916000  0.109000
55098.48  19.099000  0.180000
55105.46  19.491000  0.223000
55107.41  19.549000  0.233000
55113.33  20.217000  0.315000
filter UVW1
55064.83  19.242000  0.189000
55066.08  18.366000  0.128000
55067.29  17.327000  0.084000
55068.09  16.638000  0.081000
55068.62  16.328000  0.099000
55070.03  15.521000  0.074000
55072.50  14.901000  0.048000
55074.64  14.681000  0.044000
55075.64  14.689000  0.038000
55076.12  14.676000  0.046000
55078.87  14.753000  0.047000
55080.13  14.815000  0.047000
55083.92  15.108000  0.056000
55086.26  15.325000  0.062000
55087.99  15.606000  0.086000
55089.03  15.626000  0.078000
55098.47  16.819000  0.083000
55101.34  17.091000  0.098000
55105.46  17.595000  0.097000
55107.41  17.639000  0.102000
55113.32  17.944000  0.107000
55116.40  18.357000  0.129000
filter UVW2
55064.84  20.448000  0.269000
55066.09  19.919000  0.210000
55067.23  18.859000  0.115000
55068.10  18.446000  0.112000
55068.67  17.994000  0.119000
55070.04  17.589000  0.098000
55070.55  17.338000  0.098000
55072.50  16.884000  0.102000
55074.65  16.615000  0.104000
55075.97  16.509000  0.103000
55076.13  16.524000  0.101000
55077.69  16.511000  0.107000
55077.71  16.530000  0.110000
55078.87  16.536000  0.102000
55080.13  16.655000  0.104000
55081.35  16.605000  0.109000
55081.50  16.641000  0.107000
55083.93  16.755000  0.100000
55086.26  16.971000  0.099000
55088.44  17.176000  0.106000
55089.04  17.171000  0.097000
55098.47  18.268000  0.108000
55105.46  18.786000  0.123000
55107.41  19.030000  0.141000
55113.33  19.244000  0.145000
55116.41  19.296000  0.151000
