SN2007jg 0.037107 52.461750 0.056833
filter B
54363.31  17.704  0.009
54364.35  17.657  0.009
54365.37  17.631  0.009
54368.35  17.674  0.016
54376.30  18.246  0.010
54378.38  18.487  0.013
54380.36  18.766  0.018
54383.29  19.092  0.018
54385.36  19.346  0.022
54392.35  19.947  0.030
54394.28  20.074  0.037
54397.26  20.232  0.098
54403.33  20.503  0.107
54411.25  20.858  0.064
54413.24  20.884  0.075
54417.23  20.961  0.066
54421.21  21.029  0.067
filter g
54363.33  17.593  0.006
54364.36  17.536  0.006
54365.38  17.506  0.006
54368.33  17.544  0.011
54376.31  17.982  0.006
54378.36  18.178  0.009
54380.34  18.390  0.010
54383.26  18.687  0.011
54385.37  18.922  0.013
54392.33  19.537  0.019
54394.27  19.681  0.021
54395.31  19.723  0.054
54397.24  19.866  0.050
54403.34  20.137  0.060
54423.19  20.650  0.063
filter i
54363.34  17.931  0.011
54364.37  17.926  0.011
54365.39  17.959  0.011
54368.34  18.004  0.017
54376.32  18.562  0.013
54378.37  18.681  0.017
54380.35  18.801  0.018
54383.27  18.763  0.019
54385.38  18.727  0.023
54392.34  18.573  0.018
54394.27  18.560  0.017
54397.25  18.684  0.020
54403.35  19.189  0.030
54411.27  19.610  0.030
54413.27  19.743  0.047
54417.25  19.788  0.037
54421.20  20.029  0.039
54423.20  20.042  0.054
54425.28  20.087  0.095
filter H
54363.35  17.609  0.036
filter J
54363.34  17.605  0.021
54363.35  17.603  0.021
54365.41  17.797  0.018
54377.34  19.056  0.180
54387.30  18.688  0.152
54422.28  20.008  0.121
54425.22  20.347  0.190
54425.23  20.282  0.158
filter r
54363.33  17.613  0.014
54364.37  17.557  0.011
54365.38  17.494  0.011
54368.33  17.453  0.014
54376.31  17.806  0.009
54378.36  17.971  0.014
54380.35  18.083  0.016
54383.27  18.203  0.014
54392.33  18.360  0.017
54394.27  18.483  0.017
54395.32  18.542  0.032
54397.25  18.668  0.019
54403.34  19.099  0.025
filter u
54363.32  18.689  0.027
54364.35  18.657  0.028
54365.37  18.644  0.026
54376.33  19.687  0.049
54378.37  19.790  0.085
54380.35  20.058  0.074
54383.28  20.610  0.133
filter V
54363.31  17.629  0.008
54364.34  17.581  0.007
54365.36  17.537  0.007
54368.35  17.500  0.014
54376.29  17.811  0.008
54378.37  17.958  0.010
54380.36  18.106  0.011
54383.28  18.307  0.012
54385.35  18.397  0.012
54392.34  18.837  0.017
54394.28  18.986  0.017
54395.33  19.074  0.089
54397.26  19.150  0.031
54403.32  19.550  0.044
54411.24  19.879  0.028
54413.24  19.903  0.037
54417.24  20.009  0.033
54421.20  20.200  0.036
filter Y
54377.26  18.516  0.052
54377.29  18.512  0.050
54386.33  18.204  0.066
54386.36  18.222  0.033
54396.23  17.810  0.022
54396.26  17.826  0.026
54399.28  17.936  0.028
54399.31  17.927  0.031
filter Ydw
54363.33  17.673  0.020
54363.34  17.699  0.029
54365.40  17.835  0.014
54422.32  19.129  0.038
54422.33  19.245  0.046
54425.20  19.410  0.040
54425.21  19.379  0.043
