2020nvb 0.0029013445787122 187.244917 3.572781
filter g13
59031.25846999977 13.098751508985334 0.008479529627537315
59033.2121100002 13.015834417542743 0.015375710295893118
59034.16671000002 12.510511179799677 0.00917050473281672
59036.25418000016 12.286689996094266 0.005685265540892364
59037.161350000184 12.412969310014986 0.007097598965777824
59040.25333999982 12.263956962715714 0.005591704405730071
59042.14562000008 12.464690231660038 0.0071551752043506065
59045.155910000205 12.673839602337475 0.007937751534132946
59050.12482000003 13.025883576212298 0.01033766253434232
59057.75352999987 13.793955029641873 0.0168061875392869
59061.72850999981 14.134970936821468 0.02188627913609931
59071.71773000015 14.82215187435797 0.027570960370335188
filter ATri
59016.30145305008 19.025521142051154 0.28999066374861276
59020.28166119248 18.9699448070011 0.23794756775219406
59026.27228827512 15.056043320366909 0.009959428536299293
59030.26105889835 13.423963413869718 0.004539399928098544
59032.310043339385 12.997920477330117 0.002595081364053591
59034.307366625304 12.696371853729913 0.0024452178118194896
59036.2579741784 12.63881387801068 0.0020698184212796325
59038.271405922475 12.540473834450152 0.001994204869555385
59040.2911445 12.592846567115958 0.002050186617841233
59044.272769458985 12.753137550347507 0.0023329138853837765
59064.24759669883 13.69582157308017 0.004834761282397478
filter WFCAMY
59033.240671 12.777781699048068 0.0003977771149373378
59034.300185 12.708605594142922 0.00027476335758827943
59044.279613 13.240489330377205 0.00036628436522101384
filter WFCAMJ
59034.309028 12.6343661641641 0.0008821240217348509
59044.288403 13.503364287696588 0.0021634576369434604
filter WFCAMH
59033.24478 12.845556721619097 0.000616488191069663
59034.304965 12.795313281801738 0.0007490885654346667
59044.283837 13.234645745010113 0.0011150513590154785
