SN2013fz 0.020593 65.943500 -51.596194
filter B
56599.24  15.467  0.008
56601.24  15.437  0.010
56602.29  15.462  0.012
56603.34  15.479  0.010
56605.25  15.522  0.009
56608.28  15.643  0.007
56611.26  15.859  0.011
56613.24  16.015  0.013
56620.28  16.805  0.038
56620.29  16.774  0.010
56624.34  17.241  0.011
56631.28  17.848  0.012
56635.28  18.116  0.014
56638.21  18.190  0.021
56641.16  18.389  0.028
56647.26  18.531  0.020
56654.23  18.393  0.026
56662.22  18.637  0.017
56663.17  18.622  0.019
56665.11  18.657  0.020
56667.19  18.863  0.028
56671.19  18.787  0.048
56671.19  18.894  0.039
56673.19  18.806  0.034
56675.23  18.865  0.049
56680.23  18.887  0.028
56682.19  18.835  0.023
56685.13  19.085  0.031
56687.14  18.969  0.024
56695.13  19.200  0.027
56702.13  19.188  0.045
56708.11  19.427  0.035
56710.11  19.459  0.033
56712.12  19.484  0.046
filter g
56599.24  15.440  0.006
56601.25  15.399  0.007
56602.29  15.427  0.011
56603.34  15.432  0.007
56605.26  15.458  0.010
56608.27  15.567  0.006
56611.26  15.711  0.006
56613.23  15.836  0.007
56619.37  16.415  0.018
56620.29  16.496  0.013
56624.35  16.878  0.007
56631.28  17.418  0.009
56635.29  17.733  0.009
56638.21  17.923  0.014
56641.14  18.048  0.014
56647.24  18.205  0.014
56654.24  18.320  0.011
56662.22  18.410  0.012
56663.18  18.467  0.016
56665.12  18.470  0.014
56667.19  18.503  0.015
56671.17  18.594  0.024
56673.16  18.644  0.024
56675.20  18.643  0.025
56680.24  18.756  0.024
56682.19  18.728  0.015
56685.13  18.770  0.018
56687.15  18.837  0.020
56695.14  18.940  0.025
56702.14  19.066  0.041
56708.11  19.117  0.024
56710.11  19.190  0.025
56712.11  19.201  0.022
filter i
56599.24  16.102  0.011
56602.29  16.204  0.019
56603.34  16.189  0.012
56605.26  16.231  0.015
56608.27  16.349  0.013
56611.26  16.510  0.012
56613.23  16.676  0.016
56619.37  16.828  0.031
56620.30  16.802  0.029
56624.35  16.725  0.010
56631.29  16.642  0.007
56635.29  16.752  0.007
56638.22  16.968  0.014
56641.15  17.189  0.013
56647.25  17.491  0.013
56654.25  17.794  0.010
56662.23  18.131  0.015
56663.18  18.156  0.017
56665.12  18.246  0.018
56667.20  18.299  0.019
56671.18  18.468  0.024
56673.17  18.444  0.023
56675.21  18.587  0.030
56680.24  18.760  0.027
56685.12  18.922  0.028
56687.16  19.036  0.036
56695.14  19.229  0.034
56702.14  19.532  0.057
56710.10  19.722  0.049
56712.11  19.739  0.055
filter H
56607.30  16.585  0.013
56612.28  16.773  0.017
56618.22  16.719  0.027
56649.21  17.158  0.021
56670.15  18.034  0.043
56677.07  18.359  0.051
filter r
56599.24  15.547  0.008
56601.25  15.479  0.008
56602.29  15.458  0.011
56603.34  15.478  0.009
56605.26  15.485  0.010
56608.27  15.575  0.009
56611.26  15.735  0.008
56613.23  15.871  0.011
56619.37  16.164  0.015
56620.29  16.165  0.010
56624.35  16.230  0.006
56631.29  16.389  0.007
56635.29  16.624  0.006
56638.22  16.837  0.013
56641.15  16.990  0.010
56647.24  17.274  0.012
56654.25  17.459  0.008
56662.22  17.706  0.010
56663.18  17.741  0.011
56665.12  17.787  0.012
56667.20  17.849  0.009
56671.17  17.978  0.016
56673.17  18.028  0.017
56675.20  18.094  0.018
56680.24  18.250  0.016
56685.12  18.410  0.018
56687.15  18.425  0.019
56695.14  18.656  0.020
56702.14  18.876  0.037
56708.10  19.032  0.031
56710.10  19.080  0.031
56712.11  19.125  0.030
filter u
56599.25  15.998  0.012
56601.25  16.021  0.015
56602.29  16.056  0.020
56603.34  16.114  0.012
56605.26  16.255  0.016
56608.28  16.455  0.016
56611.26  16.782  0.016
56613.24  17.012  0.022
56620.30  17.918  0.037
56624.36  18.392  0.030
56624.36  18.506  0.033
56631.29  19.217  0.040
56635.30  19.479  0.043
56638.23  19.542  0.033
56641.15  19.595  0.051
56647.25  19.828  0.055
56654.25  19.891  0.054
56662.23  20.065  0.077
56663.19  20.043  0.049
56665.13  20.202  0.064
56667.20  20.259  0.092
56671.18  20.453  0.153
filter V
56599.24  15.531  0.011
56601.24  15.483  0.010
56602.29  15.466  0.009
56603.34  15.467  0.008
56605.25  15.475  0.009
56608.28  15.565  0.008
56611.26  15.661  0.009
56613.24  15.774  0.010
56619.38  16.115  0.026
56620.28  16.182  0.071
56620.29  16.201  0.024
56624.35  16.424  0.008
56631.28  16.811  0.007
56635.28  17.068  0.008
56638.20  17.277  0.011
56641.16  17.395  0.012
56647.26  17.604  0.013
56654.24  17.790  0.009
56662.22  17.986  0.013
56663.18  18.027  0.014
56665.11  18.087  0.015
56667.19  18.090  0.016
56671.19  18.213  0.025
56673.19  18.235  0.026
56675.22  18.243  0.029
56680.23  18.420  0.022
56682.19  18.463  0.017
56685.13  18.494  0.016
56687.15  18.535  0.022
56695.13  18.727  0.020
56702.14  18.970  0.033
56708.11  18.971  0.026
56710.11  19.058  0.020
56712.11  18.936  0.037
filter Y
56607.28  16.777  0.018
56612.26  16.924  0.018
56618.20  16.781  0.019
56649.19  16.619  0.017
56670.14  17.727  0.021
56677.06  18.090  0.023
filter Jrc2
56607.31  16.573  0.017
56612.29  17.275  0.019
56618.22  17.659  0.027
56649.22  17.949  0.026
56670.16  19.283  0.047
56677.08  19.673  0.052
