SN2007ai 0.031640 243.223917 -21.630194
filter B
54172.38  18.158  0.012
54174.39  18.221  0.013
54179.38  18.412  0.016
54181.37  18.544  0.015
54182.35  18.610  0.016
54185.38  18.831  0.016
54190.36  19.290  0.027
54194.38  19.774  0.069
54199.31  19.989  0.049
54200.36  20.154  0.072
54203.38  20.466  0.046
54213.34  21.056  0.087
54231.37  21.458  0.140
54235.29  21.431  0.075
54243.27  21.584  0.117
filter g
54174.37  17.977  0.008
54179.39  18.141  0.011
54181.35  18.250  0.011
54182.32  18.298  0.011
54185.36  18.493  0.010
54190.38  18.878  0.014
54194.36  19.209  0.032
54199.28  19.599  0.027
54203.39  19.918  0.025
54213.32  20.587  0.042
54227.37  21.216  0.111
54231.38  21.207  0.081
54235.27  21.140  0.046
54243.29  21.405  0.068
54259.20  21.551  0.141
filter i
54172.40  17.857  0.022
54174.38  17.903  0.018
54179.40  18.013  0.018
54181.36  18.080  0.020
54182.33  18.138  0.025
54185.37  18.332  0.019
54190.39  18.518  0.026
54194.37  18.456  0.026
54199.29  18.417  0.027
54200.38  18.414  0.029
54203.40  18.392  0.029
54213.33  18.799  0.034
54227.38  19.457  0.048
54231.39  19.638  0.074
54235.28  19.764  0.067
54243.30  20.123  0.103
filter H
54171.41  17.398  0.039
54171.42  17.303  0.048
54172.38  17.256  0.041
54172.39  17.248  0.056
54180.37  17.828  0.171
54180.38  17.489  0.122
filter K
54172.39  17.018  0.070
54172.40  17.131  0.089
filter J
54167.39  17.305  0.049
54167.40  17.249  0.035
54171.40  17.178  0.028
54171.40  17.163  0.028
54172.37  17.166  0.029
54172.37  17.143  0.038
54180.33  17.910  0.066
54180.34  17.919  0.082
54184.36  18.164  0.077
54184.38  18.294  0.123
filter r
54172.39  17.622  0.014
54174.37  17.578  0.015
54179.39  17.626  0.018
54181.35  17.690  0.016
54182.33  17.712  0.017
54185.37  17.890  0.012
54190.38  18.134  0.016
54194.37  18.196  0.018
54199.29  18.304  0.017
54200.37  18.350  0.017
54203.40  18.422  0.018
54213.33  18.971  0.033
54227.38  19.510  0.050
54231.39  19.611  0.055
54235.28  19.752  0.053
54243.30  20.029  0.057
54259.21  20.419  0.109
filter u
54174.38  18.907  0.045
54179.38  19.317  0.059
54181.36  19.570  0.074
54182.34  19.627  0.084
54185.37  20.093  0.122
54190.37  20.568  0.130
filter V
54172.39  17.808  0.013
54174.39  17.793  0.012
54179.37  17.860  0.012
54181.37  17.927  0.013
54182.34  17.985  0.014
54185.38  18.136  0.013
54190.35  18.418  0.015
54194.38  18.663  0.025
54199.30  18.864  0.020
54200.37  18.897  0.024
54203.37  19.061  0.027
54213.34  19.663  0.032
54227.35  20.253  0.066
54231.36  20.232  0.071
54235.29  20.306  0.048
54243.27  20.580  0.067
filter Y
54167.37  17.488  0.033
54167.38  17.580  0.043
54180.35  18.116  0.065
54180.36  18.030  0.056
54184.35  18.258  0.066
54184.36  18.171  0.068
filter Ydw
54171.39  17.561  0.030
54171.39  17.552  0.045
54172.35  17.613  0.028
54172.36  17.597  0.028
