SN2008ar 0.026130 186.158000 10.838167
filter B
54527.30  16.768  0.011
54541.24  16.618  0.008
54542.24  16.680  0.008
54543.26  16.756  0.009
54545.26  16.928  0.011
54547.26  17.132  0.013
54551.27  17.610  0.013
54552.29  17.762  0.013
54558.21  18.394  0.018
54562.25  18.767  0.022
54564.23  18.884  0.016
54570.17  19.195  0.025
54571.23  19.300  0.037
54572.22  19.201  0.061
54576.18  19.391  0.068
54582.20  19.585  0.039
54592.18  19.689  0.030
54606.11  19.795  0.076
filter g
54527.28  16.675  0.009
54541.25  16.457  0.010
54542.25  16.518  0.008
54543.24  16.580  0.008
54545.24  16.716  0.009
54547.24  16.888  0.013
54551.28  17.278  0.010
54552.31  17.395  0.008
54558.20  17.942  0.010
54562.23  18.312  0.012
54564.21  18.450  0.011
54570.16  18.770  0.016
54571.21  18.861  0.021
54572.19  18.906  0.035
54576.17  19.051  0.036
54582.20  19.092  0.022
54592.19  19.318  0.017
54606.09  19.547  0.036
filter i
54527.29  17.119  0.011
54541.26  17.177  0.013
54542.26  17.212  0.009
54543.25  17.266  0.011
54545.25  17.416  0.013
54547.25  17.523  0.018
54551.30  17.577  0.019
54552.32  17.553  0.010
54558.20  17.443  0.012
54562.24  17.435  0.009
54564.22  17.451  0.012
54570.16  17.816  0.011
54571.22  17.884  0.013
54572.21  17.950  0.019
54576.17  18.215  0.023
54582.21  18.470  0.017
54592.20  18.838  0.025
54606.10  19.325  0.034
filter H
54528.34  16.964  0.056
54536.35  17.231  0.076
54542.35  17.392  0.168
54542.36  17.568  0.167
54548.28  17.037  0.093
54555.31  17.320  0.164
54555.32  16.912  0.097
filter J
54528.31  16.782  0.036
54528.32  16.812  0.028
54536.32  17.081  0.037
54536.33  17.145  0.034
54539.33  17.291  0.048
54544.31  17.995  0.078
54544.32  18.143  0.081
filter r
54527.28  16.765  0.009
54541.25  16.451  0.011
54542.25  16.501  0.009
54543.25  16.539  0.009
54545.24  16.674  0.009
54547.25  16.853  0.013
54551.29  16.936  0.011
54552.31  16.998  0.008
54558.20  17.095  0.011
54562.24  17.250  0.010
54564.22  17.341  0.009
54570.16  17.719  0.010
54571.21  17.779  0.010
54572.20  17.828  0.020
54576.17  18.017  0.017
54582.21  18.240  0.013
54592.20  18.536  0.015
54606.09  18.931  0.022
filter u
54527.29  17.430  0.025
54541.24  17.551  0.025
54542.24  17.667  0.024
54543.25  17.763  0.028
54545.25  17.967  0.043
54547.26  18.213  0.048
54551.28  18.872  0.043
54552.30  19.056  0.054
filter V
54527.30  16.769  0.009
54541.23  16.468  0.007
54542.23  16.505  0.008
54543.26  16.541  0.009
54545.25  16.639  0.009
54547.26  16.748  0.011
54551.26  16.987  0.009
54552.29  17.074  0.009
54558.21  17.433  0.012
54562.25  17.702  0.012
54564.23  17.810  0.012
54570.17  18.201  0.013
54571.22  18.293  0.021
54572.22  18.249  0.023
54576.18  18.455  0.027
54582.19  18.608  0.016
54592.18  18.835  0.018
54606.10  19.163  0.033
filter Y
54528.30  16.863  0.016
54528.31  16.895  0.022
54536.31  17.276  0.021
54536.32  17.247  0.025
54539.31  17.503  0.024
54539.32  17.429  0.024
54544.29  17.659  0.029
54544.30  17.599  0.028
54559.25  16.972  0.018
54559.26  16.999  0.023
54581.19  17.504  0.025
54581.20  17.492  0.028
54588.18  17.849  0.034
54588.19  17.853  0.030
54593.19  17.928  0.040
54627.09  19.651  0.133
filter Ydw
54548.29  17.662  0.094
54555.29  17.393  0.090
54602.11  18.186  0.061
54602.11  18.354  0.067
