SN2008ge 0.004043 62.102833 -47.896500
filter V
54717.2  13.95  0.06
54726.4  13.82  0.12
54734.8  13.91  0.08
54741.7  14.08  0.06
54747.8  14.40  0.05
54754.7  14.66  0.06
54760.6  14.84  0.07
54781.6  15.23  0.05
54787.6  15.34  0.06
54800.7  15.53  0.07
54817.6  15.92  0.06
54838.6  16.48  0.08
54842.6  16.45  0.07
54847.6  16.54  0.08
filter UVM2
54762.76  19.100  0.100
54770.55  19.290  0.100
filter UVW1
54762.75  18.640  0.100
54770.54  18.680  0.420
filter UVW2
54762.76  19.390  0.100
54770.54  19.520  0.100
