SN2005lu 0.031987 39.015458 -17.263889
filter B
53720.15  17.717  0.015
53721.12  17.781  0.014
53726.17  18.239  0.017
53728.17  18.409  0.020
53737.14  19.328  0.035
53738.15  19.405  0.028
53745.10  20.027  0.059
53748.15  20.148  0.091
53752.12  20.200  0.057
53761.13  20.415  0.041
53763.06  20.534  0.051
53765.05  20.543  0.045
53771.06  20.570  0.072
53774.05  20.707  0.125
53783.04  20.654  0.069
53788.04  20.842  0.055
53799.03  20.987  0.095
filter g
53720.12  17.458  0.012
53721.10  17.516  0.010
53726.15  17.877  0.013
53728.18  18.016  0.017
53737.12  18.832  0.029
53738.12  18.873  0.016
53745.07  19.416  0.039
53748.12  19.598  0.044
53752.14  19.686  0.031
53761.09  19.917  0.025
filter i
53720.13  17.871  0.022
53721.11  17.901  0.016
53726.16  18.267  0.017
53728.19  18.325  0.019
53737.13  18.131  0.018
53738.13  18.122  0.016
53745.08  18.130  0.017
53748.13  18.323  0.018
53752.15  18.596  0.019
53761.11  19.051  0.020
53763.04  19.140  0.022
53765.04  19.201  0.022
53771.03  19.465  0.039
53774.02  19.540  0.052
53783.02  19.993  0.059
53788.06  20.047  0.042
53799.01  20.454  0.104
filter r
53720.13  17.232  0.012
53721.10  17.304  0.014
53726.16  17.578  0.012
53728.18  17.623  0.016
53737.12  17.788  0.016
53738.13  17.792  0.013
53745.07  18.076  0.014
53748.13  18.302  0.016
53752.14  18.553  0.016
53761.10  18.866  0.015
53763.03  18.914  0.018
53765.03  19.012  0.028
53771.04  19.204  0.024
53774.03  19.273  0.025
53783.02  19.675  0.053
53788.05  19.665  0.036
53799.00  20.250  0.093
filter u
53720.14  18.665  0.040
53721.11  18.809  0.042
53726.16  19.494  0.062
53728.17  19.618  0.062
53737.13  20.509  0.149
53738.14  20.733  0.121
filter V
53720.14  17.328  0.013
53721.12  17.378  0.011
53726.17  17.656  0.013
53728.16  17.750  0.020
53737.14  18.197  0.022
53738.14  18.245  0.019
53745.09  18.713  0.028
53748.15  18.854  0.029
53752.11  19.079  0.028
53761.12  19.402  0.023
53763.05  19.456  0.031
53765.04  19.564  0.034
53771.05  19.724  0.038
53774.04  19.790  0.047
53783.03  20.005  0.058
53788.03  20.061  0.044
53799.02  20.320  0.063
filter Y
53719.16  18.099  0.106
53724.05  18.204  0.104
53727.11  18.264  0.111
53727.11  18.102  0.120
53732.14  17.909  0.099
