SN2014at 0.032220 326.561750 -46.522528
filter B
56768.40  16.671  0.011
56769.38  16.590  0.009
56770.39  16.513  0.008
56771.39  16.451  0.010
56772.39  16.441  0.010
56775.38  16.438  0.007
56776.39  16.457  0.008
56782.40  16.840  0.009
56782.41  16.843  0.009
56783.42  16.923  0.011
56784.39  17.032  0.011
56785.37  17.114  0.015
56786.38  17.225  0.016
56787.34  17.337  0.020
56788.43  17.434  0.017
56789.38  17.593  0.015
56790.40  17.717  0.015
56791.43  17.844  0.016
56792.39  17.971  0.020
56793.40  18.078  0.022
56794.37  18.178  0.022
56795.38  18.276  0.024
56796.34  18.398  0.022
56797.39  18.449  0.027
56798.32  18.584  0.020
56804.30  19.055  0.030
56807.37  19.203  0.032
56808.35  19.248  0.033
56808.36  19.235  0.046
56809.35  19.251  0.065
56810.38  19.314  0.054
filter g
56768.39  16.636  0.009
56769.39  16.557  0.007
56770.40  16.492  0.007
56770.40  16.489  0.006
56771.38  16.432  0.008
56772.40  16.404  0.007
56775.39  16.375  0.006
56776.40  16.415  0.007
56782.41  16.724  0.007
56783.41  16.786  0.009
56784.39  16.878  0.008
56785.36  16.956  0.010
56786.39  17.050  0.011
56787.34  17.133  0.017
56788.42  17.229  0.012
56789.39  17.344  0.009
56790.38  17.450  0.010
56791.41  17.545  0.013
56792.40  17.654  0.014
56793.38  17.754  0.014
56794.36  17.830  0.013
56795.36  17.961  0.012
56796.35  18.030  0.013
56797.38  18.128  0.017
56798.33  18.250  0.015
56804.31  18.728  0.017
56807.35  18.898  0.017
56808.32  18.975  0.019
56809.33  19.001  0.019
56810.39  19.040  0.022
filter i
56768.38  17.054  0.016
56769.39  16.988  0.013
56770.40  16.959  0.012
56770.41  16.948  0.010
56771.39  16.970  0.017
56772.40  16.992  0.011
56775.39  17.110  0.014
56776.40  17.123  0.015
56782.41  17.407  0.015
56783.41  17.547  0.021
56784.39  17.655  0.020
56785.36  17.726  0.020
56786.39  17.802  0.021
56788.42  17.814  0.029
56789.39  17.828  0.017
56790.39  17.826  0.017
56791.40  17.814  0.022
56792.39  17.771  0.015
56793.37  17.785  0.019
56794.35  17.729  0.019
56795.36  17.691  0.016
56796.35  17.705  0.013
56797.37  17.650  0.019
56798.33  17.647  0.012
56804.31  17.710  0.013
56807.34  17.830  0.014
56808.31  17.924  0.018
56809.33  18.029  0.022
56810.39  18.067  0.018
filter r
56768.38  16.779  0.013
56769.39  16.676  0.007
56770.40  16.619  0.009
56770.40  16.611  0.009
56771.38  16.566  0.010
56772.40  16.529  0.011
56775.39  16.480  0.009
56776.40  16.496  0.008
56782.41  16.699  0.009
56783.41  16.779  0.013
56784.39  16.847  0.013
56785.36  16.910  0.013
56786.39  16.983  0.014
56787.34  17.017  0.017
56788.42  17.055  0.016
56789.39  17.123  0.011
56790.38  17.128  0.011
56791.41  17.164  0.013
56792.40  17.187  0.011
56793.38  17.205  0.014
56794.35  17.224  0.011
56795.36  17.242  0.011
56796.35  17.279  0.010
56797.37  17.286  0.011
56798.33  17.326  0.008
56804.31  17.584  0.010
56807.34  17.771  0.011
56808.32  17.835  0.013
56809.33  17.921  0.013
56810.39  17.965  0.015
filter u
56768.39  16.913  0.013
56769.40  16.837  0.009
56770.41  16.787  0.012
56770.41  16.812  0.011
56771.39  16.802  0.016
56772.40  16.794  0.012
56775.39  16.943  0.013
56776.40  17.035  0.013
56782.42  17.791  0.016
56783.41  17.929  0.033
56784.40  18.094  0.027
56785.36  18.251  0.034
56787.35  18.460  0.036
56788.42  18.642  0.033
56789.39  18.859  0.023
56790.39  18.976  0.037
56791.42  19.127  0.046
56792.40  19.272  0.059
56793.39  19.359  0.072
56794.36  19.462  0.056
56795.37  19.662  0.065
56796.36  19.702  0.054
56798.34  19.872  0.053
56804.32  20.381  0.072
56807.35  20.677  0.078
56808.33  20.642  0.070
56809.34  20.662  0.101
56810.40  20.675  0.119
filter V
56768.39  16.762  0.011
56769.39  16.680  0.010
56770.40  16.608  0.011
56770.40  16.632  0.008
56771.39  16.572  0.010
56772.39  16.536  0.010
56775.38  16.493  0.008
56776.40  16.503  0.010
56782.41  16.680  0.008
56783.41  16.742  0.012
56784.39  16.798  0.010
56785.37  16.866  0.011
56786.38  16.932  0.012
56787.34  16.980  0.027
56788.42  17.036  0.014
56789.39  17.126  0.011
56790.39  17.187  0.012
56791.42  17.266  0.014
56792.39  17.320  0.015
56793.40  17.401  0.017
56794.37  17.456  0.015
56795.37  17.522  0.016
56796.34  17.584  0.016
56797.39  17.690  0.016
56798.32  17.709  0.010
56804.30  18.100  0.013
56807.36  18.288  0.014
56808.34  18.346  0.017
56809.35  18.422  0.017
56810.38  18.449  0.017
