SN2006hb 0.015333 75.505333 -21.131972
filter B
54007.37  15.890  0.007
54008.37  15.982  0.007
54013.31  16.651  0.007
54014.35  16.800  0.008
54017.36  17.244  0.011
54018.35  17.375  0.010
54020.38  17.610  0.009
54025.35  18.062  0.009
54029.32  18.325  0.012
54038.35  18.677  0.013
54040.29  18.722  0.015
54042.31  18.761  0.018
54049.31  18.917  0.018
54068.29  19.279  0.018
54076.25  19.430  0.047
54085.21  19.583  0.023
54091.27  19.656  0.025
54096.20  19.756  0.028
54099.17  19.776  0.054
54104.26  19.817  0.097
54108.23  19.924  0.033
54119.17  20.155  0.023
54121.17  20.219  0.027
54125.11  20.323  0.029
54131.16  20.307  0.063
54133.14  20.472  0.138
54136.17  20.394  0.065
54143.10  20.667  0.033
filter g
54007.38  15.640  0.005
54008.38  15.730  0.007
54013.32  16.264  0.004
54017.37  16.817  0.009
54018.36  16.938  0.008
54025.33  17.638  0.008
54029.34  17.928  0.008
54038.36  18.285  0.009
54040.30  18.339  0.012
54042.29  18.393  0.012
54049.32  18.534  0.013
54068.31  18.919  0.011
54076.23  19.025  0.022
54085.20  19.209  0.013
54091.28  19.295  0.014
54096.18  19.411  0.017
54099.18  19.433  0.028
54104.24  19.563  0.071
54108.21  19.449  0.022
54119.15  19.822  0.014
54121.15  19.749  0.017
54125.12  19.926  0.018
54131.17  19.878  0.037
54133.12  19.943  0.061
54136.15  20.172  0.049
54143.08  20.107  0.020
filter i
54007.39  16.105  0.009
54008.39  16.179  0.009
54013.33  16.413  0.007
54017.38  16.345  0.019
54018.37  16.370  0.011
54020.38  16.371  0.009
54025.34  16.551  0.008
54029.35  16.945  0.009
54038.37  17.499  0.010
54040.31  17.397  0.015
54042.30  17.682  0.014
54049.33  17.983  0.013
54068.32  18.693  0.017
54076.24  18.948  0.027
54085.20  19.208  0.024
54091.29  19.445  0.033
54096.19  19.517  0.029
54099.19  19.642  0.043
54104.25  19.745  0.073
54108.22  19.853  0.042
54119.16  20.050  0.056
54121.16  20.199  0.063
54125.13  20.199  0.052
54131.18  20.369  0.073
54133.13  20.271  0.101
54136.16  20.473  0.086
54143.09  20.537  0.063
filter H
54006.39  16.138  0.033
54006.39  16.203  0.039
54009.31  16.227  0.033
54009.32  16.339  0.042
54015.26  16.106  0.077
54015.27  16.279  0.093
54021.33  16.074  0.027
54021.34  16.098  0.033
54027.38  16.363  0.042
54027.39  16.272  0.040
54041.31  17.274  0.099
54041.32  17.210  0.082
filter J
54006.37  16.088  0.030
54006.38  16.054  0.024
54009.30  16.620  0.038
54009.31  16.653  0.039
54011.40  16.888  0.048
54011.40  16.796  0.046
54015.24  16.878  0.138
54015.25  17.098  0.159
54021.32  16.859  0.047
54021.33  16.850  0.043
54027.37  16.853  0.046
54027.38  16.836  0.049
54041.29  18.354  0.148
54041.30  18.231  0.103
54043.26  18.364  0.122
filter r
54007.39  15.553  0.008
54008.38  15.615  0.008
54013.33  15.924  0.004
54017.37  16.083  0.011
54018.37  16.131  0.009
54020.38  16.221  0.008
54025.33  16.579  0.005
54029.35  16.946  0.008
54038.36  17.436  0.009
54040.30  17.510  0.011
54042.29  17.589  0.010
54049.33  17.849  0.010
54068.32  18.382  0.016
54076.23  18.808  0.018
54085.20  19.174  0.019
54091.28  19.407  0.023
54096.19  19.576  0.018
54099.19  19.666  0.033
54104.25  19.789  0.067
54108.21  19.974  0.039
54119.15  20.351  0.040
54121.15  20.343  0.035
54125.13  20.471  0.048
54131.18  20.478  0.083
54133.13  20.568  0.111
54136.15  20.652  0.081
54143.09  20.966  0.071
filter u
54007.38  16.931  0.015
54008.37  17.096  0.014
54013.32  17.854  0.023
54018.36  18.636  0.038
54025.34  19.274  0.039
54029.33  19.509  0.043
54040.29  19.801  0.058
54042.30  19.875  0.079
54049.32  20.160  0.109
filter V
54007.36  15.524  0.006
54008.36  15.576  0.009
54013.31  15.947  0.005
54014.35  16.026  0.009
54017.35  16.302  0.011
54018.34  16.380  0.008
54020.37  16.557  0.009
54025.34  16.973  0.008
54029.32  17.290  0.009
54038.34  17.690  0.010
54042.30  17.840  0.012
54049.31  18.016  0.015
54068.29  18.530  0.016
54076.24  18.737  0.024
54085.21  18.974  0.019
54091.26  19.104  0.022
54096.20  19.242  0.022
54099.16  19.373  0.067
54104.26  19.404  0.077
54108.22  19.547  0.034
54119.16  19.771  0.032
54121.16  19.839  0.035
54125.10  19.963  0.042
54133.14  20.102  0.120
54136.16  19.939  0.061
54143.10  20.241  0.044
filter Y
54006.36  16.099  0.017
54006.36  16.082  0.021
54009.29  16.247  0.018
54009.29  16.229  0.019
54011.38  16.260  0.018
54011.39  16.273  0.019
54015.23  16.117  0.036
54015.24  16.162  0.035
54021.31  15.864  0.020
54021.32  15.854  0.021
54027.36  15.864  0.018
54027.37  15.882  0.020
54041.27  16.789  0.026
54041.28  16.822  0.031
54043.24  16.890  0.026
54043.25  16.917  0.025
54057.29  17.669  0.048
54057.30  17.595  0.058
54063.30  17.951  0.056
54063.31  17.943  0.053
