SN2009ag 0.008633 107.920042 -26.685083
filter Jrc2
54886.12  14.848  0.011
54886.13  14.877  0.012
54887.12  14.870  0.012
54887.13  14.857  0.011
54889.13  14.892  0.009
54889.14  14.912  0.010
54890.12  14.955  0.010
54890.13  14.972  0.011
54891.14  15.044  0.010
54891.15  15.031  0.010
54892.09  15.084  0.009
54892.10  15.103  0.010
54894.09  15.209  0.010
54894.10  15.213  0.011
54899.08  15.797  0.013
54899.09  15.798  0.014
54901.10  16.108  0.016
54901.10  16.060  0.017
54907.10  16.189  0.013
54907.11  16.222  0.015
54913.07  16.057  0.014
54913.08  16.089  0.016
54921.08  15.848  0.013
54921.08  15.804  0.012
54929.02  16.402  0.020
54929.03  16.364  0.018
54932.03  16.575  0.025
54932.04  16.619  0.020
54939.02  17.132  0.032
54939.04  17.039  0.029
filter g
54888.07  15.301  0.006
54894.08  15.365  0.015
54896.14  15.477  0.005
54897.08  15.542  0.005
54898.04  15.593  0.005
54900.08  15.739  0.007
54902.07  15.900  0.006
54908.06  16.469  0.010
54911.10  16.763  0.005
54913.98  17.006  0.005
54914.98  17.079  0.009
54917.02  17.236  0.006
54919.98  17.420  0.010
54927.01  17.808  0.009
54927.98  17.817  0.012
54929.97  17.888  0.016
54930.97  17.929  0.015
54932.98  17.980  0.009
54937.00  18.096  0.010
filter i
54888.08  15.431  0.011
54894.08  15.535  0.005
54896.15  15.608  0.005
54897.09  15.652  0.006
54898.05  15.698  0.008
54900.09  15.820  0.009
54902.08  15.911  0.009
54908.07  15.884  0.010
54911.11  15.856  0.005
54913.99  15.867  0.006
54914.99  15.858  0.007
54917.03  15.877  0.007
54919.99  15.943  0.005
54927.02  16.386  0.008
54927.99  16.439  0.009
54929.98  16.550  0.008
54930.98  16.584  0.009
54932.98  16.679  0.008
54937.01  16.845  0.009
filter H
54886.14  14.954  0.013
54886.15  14.949  0.010
54887.14  14.965  0.012
54887.15  14.979  0.010
54889.14  15.015  0.013
54889.15  15.053  0.010
54890.14  15.056  0.011
54890.15  15.088  0.010
54891.16  15.125  0.011
54891.17  15.117  0.010
54892.11  15.155  0.014
54892.12  15.148  0.011
54894.11  15.226  0.017
54894.12  15.197  0.013
54899.09  15.236  0.014
54899.10  15.269  0.012
54901.11  15.261  0.017
54901.12  15.245  0.016
54907.12  15.135  0.013
54907.13  15.159  0.013
54913.08  15.065  0.012
54913.09  15.047  0.011
54921.09  15.175  0.017
54921.10  15.163  0.021
54929.04  15.594  0.018
54929.05  15.591  0.021
54932.06  15.778  0.025
54932.06  15.813  0.023
54935.99  15.914  0.017
54959.03  16.883  0.028
54959.04  16.862  0.022
filter J
54935.97  16.922  0.030
54959.02  18.483  0.042
54959.02  18.338  0.043
filter r
54888.08  15.131  0.007
54894.08  15.041  0.005
54896.14  15.134  0.005
54897.09  15.192  0.005
54898.05  15.218  0.006
54900.08  15.334  0.008
54902.08  15.452  0.008
54908.06  15.645  0.010
54911.10  15.741  0.005
54913.99  15.830  0.005
54914.98  15.854  0.009
54917.02  15.939  0.006
54919.99  16.095  0.005
54927.01  16.547  0.006
54927.98  16.592  0.007
54929.98  16.687  0.007
54930.98  16.735  0.009
54932.98  16.811  0.006
54937.00  16.959  0.008
filter u
54888.09  16.448  0.009
54894.08  16.752  0.012
54896.15  17.010  0.012
54897.10  17.115  0.012
54898.06  17.246  0.011
54900.09  17.478  0.014
54902.09  17.738  0.016
54908.08  18.596  0.017
54911.09  18.991  0.025
54914.00  19.198  0.034
54914.99  19.230  0.031
54917.01  19.345  0.030
54920.00  19.496  0.035
54927.00  19.806  0.062
54927.99  19.779  0.065
54929.99  19.806  0.085
54930.99  19.806  0.067
54932.99  19.948  0.051
54936.99  19.982  0.050
filter V
54888.10  15.236  0.007
54894.08  15.200  0.005
54896.13  15.266  0.005
54897.07  15.304  0.005
54898.07  15.338  0.007
54900.10  15.420  0.010
54902.09  15.548  0.006
54908.08  15.940  0.015
54911.08  16.119  0.006
54914.00  16.281  0.006
54915.00  16.333  0.006
54917.00  16.443  0.008
54920.01  16.616  0.005
54926.98  17.026  0.009
54928.00  17.076  0.010
54929.99  17.170  0.010
54930.99  17.182  0.012
54933.00  17.258  0.010
54936.98  17.374  0.013
filter Y
54886.10  15.037  0.013
54886.11  15.050  0.014
54887.10  15.053  0.012
54887.11  15.066  0.014
54889.11  15.142  0.008
54889.12  15.138  0.008
54890.11  15.194  0.011
54890.12  15.212  0.009
54891.12  15.284  0.011
54891.13  15.298  0.009
54892.07  15.356  0.011
54892.08  15.365  0.010
54893.08  15.391  0.008
54893.09  15.406  0.009
54894.07  15.450  0.012
54894.08  15.439  0.008
54899.06  15.619  0.011
54899.07  15.614  0.013
54901.08  15.615  0.013
54901.09  15.632  0.013
54907.08  15.417  0.011
54907.09  15.450  0.009
54913.05  15.157  0.009
54913.06  15.149  0.009
54921.06  14.900  0.012
54921.07  14.911  0.012
54929.01  15.249  0.010
54929.01  15.235  0.009
54932.01  15.393  0.010
54932.02  15.394  0.008
54939.00  15.737  0.010
54939.01  15.751  0.009
filter Ydw
54936.02  15.571  0.019
54936.03  15.607  0.015
54959.05  16.749  0.014
54959.05  16.745  0.018
filter B
54888.10  15.445  0.005
54894.08  15.605  0.006
54896.13  15.734  0.005
54897.07  15.815  0.005
54898.07  15.906  0.008
54900.10  16.113  0.006
54902.10  16.329  0.007
54908.09  17.004  0.010
54911.09  17.324  0.007
54914.01  17.566  0.008
54915.00  17.658  0.008
54917.00  17.776  0.011
54920.01  17.978  0.010
54927.00  18.319  0.015
54928.00  18.340  0.019
54930.00  18.413  0.021
54931.00  18.417  0.022
54933.00  18.483  0.015
54936.99  18.581  0.016
