SN2013gy 0.014013 55.570333 -4.721800
filter B
56633.23  18.249  0.019
56636.25  16.745  0.010
56637.11  16.411  0.009
56639.12  15.815  0.009
56640.18  15.606  0.009
56643.16  15.136  0.010
56644.15  15.052  0.011
56645.14  14.986  0.010
56646.11  14.918  0.013
56647.16  14.910  0.011
56648.13  14.884  0.011
56649.11  14.872  0.008
56650.16  14.909  0.012
56651.11  14.920  0.010
56652.10  14.982  0.011
56653.13  15.039  0.010
56654.18  15.102  0.008
56655.18  15.199  0.010
56656.20  15.268  0.022
56657.20  15.386  0.012
56658.14  15.481  0.010
56659.15  15.574  0.009
56660.10  15.692  0.009
56661.15  15.819  0.008
56662.12  15.941  0.009
56663.11  16.077  0.012
56664.11  16.198  0.014
56665.08  16.298  0.013
56666.06  16.436  0.016
56667.06  16.539  0.016
56669.05  16.761  0.019
56670.15  16.888  0.022
56671.06  16.943  0.019
56672.12  17.075  0.016
56673.11  17.116  0.019
56675.04  17.293  0.015
56676.11  17.342  0.014
56677.04  17.447  0.016
56678.10  17.506  0.014
56679.06  17.533  0.011
56680.14  17.620  0.011
56681.06  17.624  0.014
56684.10  17.783  0.012
56685.07  17.806  0.012
56686.05  17.861  0.012
56687.08  17.900  0.012
56690.08  17.973  0.015
56692.09  18.022  0.015
56694.06  18.022  0.015
56696.09  18.128  0.019
56703.09  18.278  0.046
56708.07  18.308  0.016
56710.08  18.341  0.015
56713.07  18.402  0.019
56724.03  18.542  0.026
56731.03  18.624  0.041
56731.03  18.600  0.056
56741.98  18.791  0.058
57006.19  22.284  0.088
filter g
56633.22  18.062  0.011
56636.26  16.622  0.009
56637.11  16.330  0.006
56639.11  15.769  0.008
56640.17  15.555  0.007
56643.15  15.104  0.008
56644.14  15.011  0.007
56645.13  14.938  0.007
56646.12  14.890  0.009
56647.16  14.857  0.007
56648.13  14.819  0.007
56649.11  14.826  0.006
56650.15  14.830  0.007
56651.10  14.850  0.008
56652.10  14.895  0.009
56653.13  14.925  0.005
56654.18  14.982  0.006
56655.19  15.040  0.009
56656.20  15.159  0.009
56657.21  15.202  0.010
56658.14  15.266  0.008
56659.15  15.357  0.006
56660.11  15.448  0.008
56661.16  15.534  0.007
56662.12  15.663  0.007
56663.11  15.741  0.007
56664.10  15.870  0.010
56665.08  15.955  0.008
56666.06  16.071  0.011
56667.07  16.154  0.010
56669.06  16.359  0.013
56670.14  16.491  0.013
56671.06  16.562  0.011
56672.12  16.662  0.009
56673.09  16.739  0.009
56675.05  16.893  0.008
56676.11  16.970  0.007
56677.04  17.033  0.009
56678.11  17.089  0.009
56679.05  17.166  0.006
56680.12  17.233  0.008
56681.05  17.293  0.008
56684.09  17.430  0.008
56685.07  17.484  0.008
56686.05  17.492  0.010
56687.06  17.511  0.009
56690.08  17.617  0.010
56692.08  17.674  0.011
56694.06  17.696  0.009
56696.07  17.733  0.012
56703.07  17.906  0.019
56708.06  17.968  0.011
56710.07  18.010  0.011
56713.06  18.038  0.011
56724.01  18.198  0.014
56741.99  18.500  0.019
57006.20  22.066  0.053
filter i
56633.22  18.164  0.022
56636.26  16.856  0.008
56637.11  16.567  0.010
56639.11  16.052  0.009
56640.17  15.847  0.009
56643.15  15.424  0.009
56644.14  15.372  0.010
56645.13  15.327  0.009
56646.12  15.328  0.012
56647.16  15.339  0.011
56648.13  15.388  0.011
56649.11  15.435  0.008
56650.15  15.463  0.010
56651.10  15.495  0.010
56652.10  15.492  0.012
56653.13  15.549  0.009
56654.17  15.603  0.009
56655.19  15.645  0.009
56656.21  15.738  0.050
56657.21  15.823  0.011
56658.14  15.885  0.011
56659.15  15.927  0.009
56660.11  16.009  0.011
56661.15  16.035  0.010
56662.12  16.056  0.010
56663.12  16.053  0.012
56664.10  16.022  0.014
56665.08  16.012  0.010
56666.06  15.970  0.012
56667.07  15.930  0.014
56669.06  15.926  0.012
56670.14  15.917  0.011
56671.07  15.919  0.009
56672.13  15.901  0.006
56673.09  15.912  0.007
56675.05  15.915  0.008
56676.12  15.943  0.007
56677.04  16.000  0.012
56678.11  16.028  0.009
56679.05  16.098  0.006
56680.12  16.172  0.009
56681.05  16.235  0.008
56684.09  16.454  0.008
56685.07  16.520  0.009
56686.06  16.572  0.007
56687.07  16.646  0.010
56690.09  16.797  0.008
56692.08  16.878  0.010
56694.07  16.961  0.008
56696.07  17.032  0.014
56703.07  17.314  0.014
56708.05  17.505  0.011
56710.07  17.581  0.011
56713.05  17.647  0.012
56724.02  18.031  0.017
56742.00  18.578  0.027
filter H
56636.17  16.463  0.028
56637.20  16.185  0.027
56638.14  15.988  0.025
56643.13  15.402  0.025
56648.15  15.494  0.035
56650.19  15.654  0.025
56651.16  15.631  0.046
56653.07  15.717  0.035
56654.17  15.744  0.028
56670.12  15.568  0.027
56676.13  15.568  0.029
56680.03  15.691  0.030
56699.06  16.733  0.026
56725.01  17.727  0.046
filter r
56633.22  17.911  0.016
56636.26  16.626  0.009
56637.11  16.343  0.008
56639.11  15.805  0.007
56640.17  15.604  0.008
56643.15  15.187  0.007
56644.14  15.082  0.008
56645.13  15.012  0.008
56646.12  14.993  0.009
56647.16  14.925  0.008
56648.13  14.912  0.009
56649.11  14.908  0.006
56650.15  14.889  0.008
56651.10  14.904  0.009
56652.10  14.891  0.009
56653.13  14.920  0.007
56654.18  14.969  0.007
56655.19  14.977  0.009
56656.20  15.068  0.014
56657.21  15.132  0.010
56658.14  15.194  0.007
56659.15  15.242  0.006
56660.11  15.320  0.008
56661.15  15.377  0.007
56662.12  15.423  0.008
56663.12  15.463  0.008
56664.10  15.500  0.009
56665.08  15.514  0.008
56666.06  15.541  0.009
56667.07  15.520  0.010
56669.06  15.608  0.009
56670.14  15.633  0.010
56671.07  15.669  0.008
56672.12  15.704  0.005
56673.09  15.739  0.006
56675.05  15.822  0.005
56676.12  15.889  0.005
56677.04  15.953  0.009
56678.11  16.007  0.008
56679.05  16.075  0.005
56680.12  16.161  0.008
56681.05  16.217  0.007
56684.09  16.425  0.006
56685.07  16.479  0.007
56686.06  16.537  0.006
56687.07  16.573  0.007
56690.09  16.705  0.009
56692.08  16.765  0.009
56694.07  16.844  0.009
56696.07  16.903  0.010
56703.07  17.140  0.011
56708.05  17.285  0.009
56710.07  17.354  0.010
56713.05  17.446  0.010
56724.02  17.788  0.014
56741.99  18.374  0.017
57006.19  21.745  0.065
filter u
56633.23  19.441  0.037
56636.26  17.634  0.012
56637.12  17.238  0.013
56639.11  16.432  0.011
56640.17  16.132  0.010
56643.15  15.640  0.015
56644.15  15.557  0.013
56645.14  15.489  0.013
56646.12  15.500  0.015
56647.16  15.494  0.013
56648.13  15.496  0.012
56649.12  15.563  0.012
56650.15  15.630  0.012
56651.10  15.678  0.012
56652.10  15.813  0.013
56653.13  15.933  0.012
56654.18  16.046  0.012
56655.19  16.188  0.014
56656.20  16.322  0.035
56657.21  16.456  0.018
56658.14  16.578  0.015
56659.15  16.737  0.013
56660.11  16.837  0.014
56661.16  16.997  0.014
56661.16  16.997  0.008
56662.12  17.167  0.013
56663.12  17.302  0.013
56664.10  17.430  0.016
56665.08  17.573  0.017
56666.06  17.724  0.019
56667.07  17.853  0.024
56669.06  18.060  0.027
56670.14  18.209  0.044
56671.07  18.280  0.036
56672.13  18.374  0.036
56673.10  18.399  0.026
56675.05  18.512  0.026
56676.12  18.586  0.028
56677.05  18.665  0.017
56678.12  18.706  0.020
56679.05  18.762  0.015
56680.13  18.820  0.027
56681.05  18.870  0.020
56684.09  18.981  0.020
56685.08  19.010  0.017
56686.06  19.046  0.022
56687.07  19.094  0.022
56690.09  19.128  0.024
56692.08  19.176  0.019
56694.07  19.250  0.026
56696.08  19.302  0.035
56703.08  19.383  0.100
56708.06  19.541  0.026
56710.08  19.592  0.036
56713.06  19.690  0.034
56724.02  20.017  0.053
filter V
56633.23  17.892  0.018
56636.25  16.618  0.009
56637.11  16.338  0.008
56639.12  15.844  0.008
56640.18  15.618  0.009
56643.16  15.190  0.009
56644.15  15.093  0.011
56645.14  15.038  0.010
56646.11  14.980  0.012
56647.16  14.933  0.010
56648.13  14.890  0.009
56649.11  14.883  0.008
56650.16  14.873  0.009
56651.11  14.901  0.010
56652.10  14.887  0.010
56653.14  14.921  0.010
56654.18  14.955  0.007
56655.18  14.980  0.010
56656.20  15.063  0.029
56657.20  15.074  0.009
56658.14  15.123  0.009
56659.15  15.140  0.008
56660.11  15.227  0.009
56661.15  15.308  0.008
56662.12  15.373  0.009
56663.11  15.455  0.009
56664.10  15.521  0.011
56665.08  15.586  0.009
56666.06  15.659  0.013
56667.06  15.710  0.011
56669.05  15.867  0.011
56670.15  15.917  0.014
56671.06  15.964  0.010
56672.12  16.048  0.007
56673.11  16.085  0.011
56675.04  16.219  0.008
56676.11  16.300  0.007
56677.04  16.372  0.010
56678.10  16.421  0.009
56679.06  16.498  0.007
56680.13  16.558  0.009
56681.06  16.621  0.010
56684.10  16.796  0.007
56685.07  16.830  0.008
56686.05  16.883  0.009
56687.08  16.938  0.007
56690.08  17.038  0.010
56692.09  17.094  0.009
56694.06  17.135  0.010
56696.08  17.198  0.013
56703.08  17.371  0.016
56708.06  17.509  0.011
56710.08  17.534  0.010
56713.07  17.591  0.012
56724.03  17.847  0.015
56741.99  18.231  0.024
57006.19  22.171  0.074
filter Y
56636.15  16.566  0.021
56637.19  16.293  0.021
56638.13  16.054  0.023
56643.11  15.340  0.021
56648.14  15.390  0.021
56650.18  15.590  0.023
56651.15  15.624  0.022
56653.06  15.783  0.021
56654.16  15.831  0.021
56670.11  15.533  0.021
56676.11  15.255  0.021
56680.03  15.256  0.021
56699.04  16.340  0.023
56707.07  16.696  0.022
56709.06  16.847  0.023
56724.99  17.555  0.026
filter Jrc2
56636.18  16.469  0.021
56637.21  16.186  0.021
56638.15  15.950  0.021
56643.14  15.221  0.021
56648.16  15.271  0.021
56650.20  15.390  0.021
56651.17  15.487  0.023
56654.19  15.755  0.021
56670.13  16.517  0.021
56676.13  16.275  0.021
56680.06  16.250  0.025
56699.07  17.791  0.023
56708.04  18.357  0.028
