SN2005M 0.021997 144.384833 23.200750
filter B
53397.26  16.471  0.013
53398.29  16.364  0.009
53399.24  16.259  0.009
53400.24  16.186  0.008
53401.22  16.129  0.006
53402.18  16.093  0.007
53403.22  16.041  0.007
53404.21  16.031  0.008
53406.23  16.020  0.009
53407.27  16.048  0.008
53408.23  16.069  0.009
53409.23  16.098  0.009
53410.25  16.139  0.008
53411.23  16.180  0.007
53412.22  16.242  0.008
53413.21  16.274  0.009
53414.17  16.334  0.008
53415.23  16.416  0.010
53416.16  16.481  0.009
53417.21  16.573  0.010
53418.21  16.660  0.009
53419.17  16.754  0.011
53420.25  16.874  0.011
53421.29  16.999  0.015
53422.21  17.053  0.027
53424.18  17.288  0.052
53426.18  17.457  0.025
53427.18  17.504  0.022
53428.14  17.631  0.024
53429.14  17.707  0.027
53430.15  17.781  0.021
53431.11  17.897  0.021
53432.15  18.001  0.022
53432.17  18.009  0.022
53436.17  18.289  0.014
53438.16  18.401  0.016
53444.18  18.738  0.020
53445.18  18.770  0.019
53446.18  18.830  0.022
53453.09  19.097  0.064
53454.13  19.017  0.050
53455.14  19.154  0.060
53456.11  19.146  0.045
53457.11  19.195  0.036
53458.07  19.146  0.031
53459.06  19.191  0.025
53460.06  19.213  0.017
53464.06  19.285  0.021
53465.12  19.276  0.021
53466.11  19.334  0.021
53472.05  19.399  0.018
53474.03  19.466  0.023
53476.01  19.398  0.031
53478.06  19.483  0.036
53479.06  19.493  0.053
53480.02  19.511  0.041
filter g
53396.24  16.544  0.020
53397.20  16.430  0.013
53397.21  16.431  0.014
53397.21  16.431  0.013
53398.24  16.287  0.009
53398.24  16.290  0.009
53398.24  16.288  0.009
53399.19  16.194  0.010
53400.21  16.109  0.007
53401.20  16.065  0.007
53402.19  16.002  0.009
53402.21  16.005  0.007
53403.24  15.945  0.009
53404.23  15.936  0.008
53406.22  15.912  0.009
53407.26  15.948  0.007
53408.22  15.957  0.008
53409.22  15.980  0.007
53410.24  16.009  0.006
53411.22  16.044  0.006
53412.21  16.091  0.006
53413.20  16.140  0.009
53414.18  16.183  0.008
53415.23  16.221  0.007
53416.16  16.278  0.008
53417.21  16.343  0.008
53418.22  16.415  0.008
53419.19  16.493  0.008
53420.24  16.591  0.011
53421.21  16.684  0.015
53422.13  16.771  0.085
53422.19  16.742  0.016
53423.16  16.845  0.054
53424.17  16.933  0.039
53425.16  17.009  0.025
53426.17  17.087  0.016
53427.17  17.167  0.015
53428.14  17.246  0.013
53429.17  17.343  0.012
53430.16  17.415  0.014
53431.11  17.493  0.012
53432.16  17.556  0.012
53436.15  17.854  0.010
53438.14  17.985  0.012
53444.16  18.311  0.013
53445.15  18.380  0.013
53446.15  18.433  0.015
53452.10  18.619  0.170
53453.07  18.605  0.044
53454.09  18.683  0.033
53455.11  18.643  0.035
53456.08  18.769  0.032
53457.08  18.774  0.028
53458.08  18.790  0.019
53459.07  18.813  0.017
53460.07  18.822  0.014
53464.04  18.871  0.013
53465.10  18.921  0.012
53466.09  18.917  0.015
53472.05  19.017  0.011
53474.04  19.040  0.013
53476.02  19.096  0.017
53478.04  19.086  0.027
53479.04  19.090  0.047
53480.00  19.099  0.027
filter i
53397.23  16.775  0.026
53397.23  16.837  0.029
53398.25  16.701  0.011
53398.26  16.716  0.010
53399.21  16.618  0.009
53400.19  16.564  0.006
53401.18  16.506  0.007
53402.20  16.515  0.007
53403.25  16.512  0.010
53403.26  16.518  0.007
53404.23  16.542  0.008
53406.22  16.604  0.010
53407.27  16.621  0.011
53408.23  16.649  0.011
53409.23  16.660  0.010
53410.24  16.684  0.011
53411.23  16.736  0.011
53412.22  16.751  0.015
53413.20  16.781  0.012
53414.18  16.861  0.013
53415.24  16.898  0.012
53416.17  16.972  0.013
53417.22  17.023  0.012
53418.22  17.091  0.013
53419.19  17.154  0.012
53420.24  17.190  0.015
53421.28  17.172  0.021
53422.20  17.233  0.028
53425.16  17.180  0.034
53426.17  17.182  0.019
53427.17  17.144  0.017
53428.15  17.166  0.016
53429.17  17.161  0.013
53430.16  17.133  0.013
53431.12  17.120  0.015
53432.16  17.145  0.015
53436.16  17.170  0.013
53438.14  17.160  0.012
53444.16  17.426  0.012
53445.16  17.494  0.012
53446.16  17.556  0.013
53453.07  17.998  0.028
53454.10  17.982  0.019
53455.12  18.052  0.021
53456.09  18.064  0.020
53457.09  18.101  0.017
53458.09  18.143  0.017
53459.08  18.193  0.016
53460.08  18.232  0.016
53464.05  18.372  0.018
53465.11  18.423  0.016
53466.10  18.447  0.020
53472.06  18.697  0.023
53474.05  18.718  0.019
53476.03  18.783  0.022
53478.05  18.815  0.026
53479.05  18.797  0.054
53480.01  18.938  0.037
filter H
53398.22  16.784  0.053
53398.23  16.789  0.053
53404.24  16.725  0.052
53404.25  16.793  0.052
53418.19  17.157  0.059
53418.20  17.233  0.059
53422.21  17.039  0.059
53426.21  16.997  0.057
53426.22  16.984  0.056
53427.19  16.983  0.053
53427.20  16.946  0.053
53433.13  16.922  0.056
53433.14  16.916  0.056
53454.14  17.574  0.056
53454.14  17.608  0.058
53455.08  17.594  0.066
53455.09  17.686  0.064
53456.12  17.630  0.060
53462.06  18.024  0.074
53462.07  17.919  0.068
filter K
53398.24  16.622  0.055
53398.25  16.621  0.055
53404.28  16.480  0.052
53404.29  16.407  0.053
53418.21  16.676  0.059
53418.21  16.602  0.056
53422.22  16.524  0.072
53422.23  16.644  0.069
53426.23  16.721  0.059
53426.23  16.685  0.063
53427.20  16.663  0.055
53427.21  16.659  0.056
53433.15  16.694  0.058
53454.15  17.554  0.077
53454.16  17.605  0.081
53455.10  17.580  0.077
53455.10  17.680  0.081
53456.13  17.653  0.081
53456.13  17.537  0.082
53462.07  17.665  0.081
53462.08  17.622  0.081
filter J
53397.26  17.048  0.082
53398.20  16.616  0.048
53398.22  16.636  0.048
53398.27  16.631  0.048
53398.28  16.628  0.048
53404.26  16.498  0.048
53404.26  16.483  0.048
53418.18  17.831  0.055
53418.18  17.739  0.054
53422.17  17.956  0.062
53422.18  17.944  0.064
53426.20  17.863  0.056
53426.21  17.837  0.056
53427.18  17.787  0.052
53427.18  17.799  0.053
53433.12  17.765  0.054
53433.13  17.758  0.052
53454.12  18.363  0.053
53455.06  18.364  0.060
53455.07  18.445  0.062
53456.10  18.497  0.054
53461.16  18.925  0.072
53461.16  18.899  0.077
filter r
53397.22  16.501  0.017
53397.22  16.528  0.016
53397.22  16.540  0.017
53398.24  16.428  0.009
53398.25  16.416  0.009
53398.25  16.419  0.009
53399.20  16.303  0.011
53400.20  16.253  0.007
53401.19  16.171  0.007
53402.19  16.143  0.008
53402.20  16.140  0.008
53403.25  16.107  0.007
53404.23  16.071  0.008
53406.22  16.048  0.009
53407.26  16.033  0.008
53408.22  16.020  0.010
53409.22  16.038  0.008
53410.24  16.033  0.007
53411.23  16.057  0.008
53412.21  16.078  0.008
53413.20  16.113  0.009
53414.18  16.147  0.007
53415.23  16.195  0.010
53416.17  16.239  0.009
53417.22  16.299  0.010
53418.22  16.347  0.009
53419.19  16.414  0.009
53420.24  16.458  0.009
53421.28  16.535  0.011
53422.20  16.563  0.012
53424.17  16.586  0.031
53425.16  16.623  0.018
53426.17  16.648  0.013
53427.17  16.683  0.012
53428.15  16.694  0.013
53429.17  16.719  0.009
53430.16  16.748  0.009
53431.12  16.783  0.010
53432.16  16.791  0.010
53436.15  16.927  0.009
53438.14  16.984  0.009
53444.16  17.323  0.010
53445.16  17.367  0.010
53446.16  17.445  0.011
53453.07  17.779  0.021
53454.10  17.785  0.017
53455.11  17.815  0.017
53456.08  17.850  0.015
53457.08  17.875  0.012
53458.09  17.903  0.013
53459.08  17.944  0.012
53460.07  17.985  0.012
53464.04  18.085  0.013
53465.10  18.123  0.012
53466.10  18.152  0.012
53472.06  18.321  0.010
53474.04  18.386  0.011
53476.03  18.433  0.016
53478.05  18.492  0.017
53479.04  18.558  0.036
53480.00  18.550  0.021
filter u
53396.28  16.908  0.026
53396.29  16.909  0.025
53397.24  16.793  0.018
53397.24  16.812  0.022
53397.25  16.789  0.022
53398.26  16.648  0.015
53398.27  16.650  0.014
53399.22  16.560  0.012
53400.22  16.480  0.011
53402.22  16.380  0.011
53403.23  16.369  0.011
53404.22  16.362  0.013
53406.22  16.418  0.017
53407.27  16.444  0.017
53408.23  16.512  0.017
53409.23  16.613  0.017
53410.24  16.677  0.018
53411.23  16.760  0.018
53412.22  16.843  0.021
53413.20  16.994  0.023
53414.17  17.058  0.019
53415.23  17.210  0.023
53416.16  17.306  0.023
53417.21  17.429  0.017
53418.21  17.527  0.018
53419.18  17.656  0.020
53420.24  17.774  0.027
53421.28  17.925  0.040
53422.20  18.058  0.087
53424.17  18.385  0.114
53426.17  18.518  0.081
53427.17  18.697  0.074
53428.14  18.791  0.060
53429.16  18.891  0.084
53430.15  19.001  0.061
53431.12  19.111  0.118
53431.13  19.122  0.053
53432.15  19.242  0.057
53436.16  19.441  0.047
53438.15  19.573  0.051
53444.17  19.912  0.052
53445.16  19.895  0.046
53446.17  20.084  0.075
filter V
53396.29  16.555  0.024
53397.25  16.503  0.016
53397.25  16.505  0.019
53398.28  16.335  0.010
53398.28  16.363  0.010
53399.23  16.257  0.008
53400.23  16.180  0.008
53401.21  16.125  0.006
53402.17  16.081  0.008
53403.22  16.042  0.007
53404.21  16.025  0.007
53406.23  15.992  0.008
53407.27  16.012  0.008
53408.23  16.021  0.008
53409.23  16.028  0.008
53410.25  16.040  0.007
53411.23  16.061  0.007
53412.22  16.079  0.008
53413.21  16.118  0.009
53414.17  16.145  0.008
53415.22  16.188  0.009
53416.15  16.232  0.008
53417.20  16.274  0.008
53418.20  16.338  0.009
53419.17  16.392  0.009
53420.25  16.440  0.010
53421.29  16.509  0.012
53422.21  16.560  0.024
53424.18  16.647  0.036
53425.17  16.742  0.025
53426.18  16.804  0.016
53427.18  16.873  0.016
53428.13  16.904  0.013
53429.14  16.933  0.016
53430.14  17.017  0.014
53431.11  17.068  0.012
53432.14  17.125  0.013
53436.17  17.329  0.012
53438.16  17.416  0.012
53444.18  17.759  0.014
53445.18  17.815  0.013
53446.18  17.877  0.013
53453.09  18.134  0.029
53454.12  18.158  0.028
53455.13  18.169  0.030
53456.10  18.230  0.027
53457.10  18.276  0.022
53458.06  18.290  0.021
53459.06  18.315  0.016
53460.05  18.332  0.015
53464.05  18.421  0.016
53465.11  18.451  0.015
53466.11  18.486  0.018
53472.04  18.583  0.015
53474.02  18.622  0.016
53476.01  18.696  0.021
53478.06  18.675  0.027
53479.05  18.772  0.046
53480.01  18.797  0.030
filter Ydw
53398.26  16.722  0.050
53398.26  16.678  0.050
53404.27  16.656  0.050
53404.27  16.703  0.050
53418.17  17.284  0.051
53418.17  17.333  0.052
53426.24  16.958  0.053
53426.25  16.946  0.051
53427.22  16.954  0.051
53427.23  16.914  0.050
53433.17  16.714  0.050
53433.17  16.670  0.050
53454.17  17.011  0.050
53454.18  17.001  0.050
53455.12  17.070  0.050
53455.12  17.048  0.050
53456.14  17.147  0.050
53456.15  17.098  0.050
53461.14  17.376  0.052
53461.15  17.381  0.051
