SN2005ir 0.076307 19.182792 0.793694
filter B
53682.11  18.553  0.022
53683.11  18.517  0.016
53684.15  18.524  0.017
53687.13  18.565  0.031
53690.13  18.703  0.043
53694.18  18.937  0.019
53695.18  19.000  0.018
53698.13  19.266  0.022
53703.14  19.767  0.026
53707.18  20.211  0.032
53722.10  21.205  0.107
53728.13  21.605  0.076
filter g
53682.13  18.447  0.015
53683.12  18.464  0.014
53684.16  18.431  0.012
53687.15  18.483  0.025
53690.15  18.585  0.022
53694.19  18.819  0.018
53695.15  18.947  0.025
53698.11  19.103  0.014
53703.16  19.604  0.023
53707.18  19.927  0.023
filter i
53682.14  18.977  0.056
53683.13  18.889  0.020
53684.17  18.862  0.025
53690.16  18.979  0.029
53694.20  19.213  0.032
53695.16  19.285  0.028
53698.11  19.546  0.041
53703.17  19.617  0.040
53707.20  19.426  0.037
53722.11  19.728  0.035
53728.14  20.066  0.046
53738.06  20.480  0.053
53740.03  20.633  0.083
filter r
53682.13  18.515  0.020
53683.13  18.462  0.014
53684.17  18.440  0.014
53687.16  18.370  0.020
53690.15  18.432  0.018
53694.20  18.574  0.015
53695.16  18.714  0.020
53698.11  18.808  0.015
53703.16  19.095  0.019
53707.19  19.116  0.016
filter u
53682.12  19.195  0.079
53683.12  19.043  0.034
53684.15  19.057  0.036
53687.14  19.301  0.067
53690.14  19.546  0.088
53694.19  20.008  0.073
53695.17  20.269  0.073
53698.12  20.615  0.096
filter V
53682.11  18.456  0.023
53683.11  18.375  0.025
53684.14  18.402  0.019
53687.12  18.330  0.028
53690.12  18.393  0.030
53694.17  18.615  0.017
53695.17  18.695  0.016
53698.13  18.806  0.017
53703.13  19.172  0.019
53707.16  19.370  0.019
53722.09  20.479  0.044
53728.12  20.655  0.040
