SN2007bc 0.020757 169.810708 20.809028
filter B
54197.16  15.974  0.007
54199.17  15.909  0.007
54202.17  15.945  0.006
54203.16  15.993  0.009
54207.12  16.297  0.007
54224.10  18.280  0.130
54231.12  18.737  0.021
54232.12  18.765  0.031
54235.06  18.934  0.020
54239.09  19.050  0.020
54259.04  19.421  0.034
filter g
54197.14  15.918  0.007
54199.15  15.837  0.006
54202.18  15.859  0.007
54203.17  15.882  0.008
54206.13  16.044  0.008
54207.10  16.104  0.007
54213.08  16.666  0.006
54224.11  17.840  0.022
54227.13  18.087  0.015
54231.12  18.330  0.012
54232.13  18.369  0.016
54235.04  18.529  0.009
54239.07  18.657  0.012
54243.02  18.751  0.017
54259.01  19.064  0.014
filter i
54197.15  16.361  0.011
54199.16  16.418  0.011
54202.19  16.517  0.012
54203.18  16.499  0.013
54206.13  16.651  0.014
54207.10  16.710  0.011
54213.09  17.024  0.011
54224.12  16.923  0.020
54227.14  17.003  0.013
54231.13  17.321  0.017
54232.14  17.336  0.020
54235.04  17.594  0.014
54239.08  17.819  0.015
54243.03  17.989  0.018
54259.02  18.597  0.024
filter H
54198.18  16.613  0.065
54205.19  16.851  0.096
54219.13  16.818  0.065
54219.15  16.785  0.078
54234.07  16.969  0.143
54234.10  17.076  0.115
54245.08  17.673  0.059
54245.09  17.576  0.059
filter J
54196.15  16.306  0.028
54196.16  16.329  0.029
54198.17  16.358  0.025
54198.17  16.305  0.027
54205.16  16.921  0.044
54205.17  16.885  0.042
54208.15  17.406  0.057
54208.16  17.428  0.053
54230.06  17.358  0.060
54230.07  17.384  0.059
54238.09  17.897  0.126
54245.07  18.703  0.211
filter r
54197.14  15.975  0.006
54199.15  15.904  0.006
54202.18  15.881  0.006
54203.18  15.881  0.007
54206.13  15.982  0.009
54207.10  16.021  0.006
54213.09  16.399  0.006
54224.12  16.802  0.011
54227.13  16.916  0.007
54231.13  17.237  0.009
54232.13  17.322  0.013
54235.04  17.474  0.009
54239.07  17.670  0.009
54243.03  17.799  0.012
54259.02  18.314  0.014
filter u
54197.15  16.381  0.016
54199.16  16.369  0.016
54202.17  16.537  0.016
54203.16  16.671  0.016
54206.14  17.019  0.035
54207.11  17.143  0.019
54213.09  18.109  0.025
filter V
54197.16  16.003  0.007
54199.16  15.912  0.007
54202.16  15.902  0.006
54203.15  15.907  0.006
54206.14  15.990  0.008
54207.11  16.036  0.008
54213.10  16.401  0.006
54224.10  17.162  0.018
54227.11  17.367  0.012
54231.11  17.657  0.012
54232.12  17.701  0.013
54235.05  17.884  0.011
54239.09  18.035  0.035
54259.03  18.570  0.018
filter Y
54198.15  16.369  0.020
54198.16  16.324  0.021
54205.15  16.871  0.029
54208.13  17.000  0.028
54219.11  16.586  0.023
54230.04  16.297  0.023
54230.05  16.301  0.024
54234.05  16.563  0.027
54234.06  16.483  0.043
54238.08  16.726  0.041
54258.03  17.789  0.057
filter Ydw
54222.14  16.533  0.067
54222.16  16.395  0.163
54254.01  17.669  0.040
54254.02  17.522  0.038
