SN2006py 0.057860 340.425208 -0.136917
filter B
54069.02  18.131  0.017
54073.02  18.142  0.031
54075.07  18.244  0.024
54080.03  18.533  0.017
54084.05  19.023  0.024
54087.05  19.421  0.029
filter g
54069.04  17.985  0.013
54073.04  17.984  0.016
54075.05  18.104  0.012
54080.04  18.385  0.009
54084.02  18.586  0.079
54087.03  18.962  0.029
filter i
54069.05  18.446  0.024
54073.05  18.424  0.035
54075.06  18.448  0.023
54080.05  18.819  0.020
54084.03  19.088  0.051
54087.04  19.104  0.031
54091.04  19.048  0.035
filter r
54069.05  17.988  0.013
54073.04  17.968  0.015
54075.06  17.982  0.013
54080.05  18.179  0.010
54084.03  18.409  0.021
54087.03  18.560  0.015
54091.03  18.637  0.019
filter u
54069.03  18.577  0.038
54073.03  18.793  0.062
54075.07  19.125  0.079
filter V
54069.02  17.991  0.018
54073.01  18.054  0.034
54075.07  18.056  0.016
54080.02  18.199  0.024
54084.04  18.526  0.019
54087.04  18.674  0.015
