SN2006dd 0.005867 50.673417 -37.203611
filter r
53979.43  14.797  0.005
53986.33  15.018  0.004
53994.36  15.258  0.006
53998.35  15.392  0.007
54001.39  15.479  0.012
54014.33  15.907  0.015
54017.34  16.008  0.009
54046.17  16.859  0.009
54048.32  16.906  0.010
54049.29  16.924  0.015
54049.29  16.930  0.016
54052.25  17.014  0.025
54056.25  17.122  0.018
54060.29  17.242  0.023
54065.27  17.365  0.019
54066.34  17.359  0.020
54068.27  17.441  0.022
54071.16  17.540  0.018
54073.23  17.576  0.016
54076.21  17.654  0.018
54080.28  17.708  0.023
54084.17  17.810  0.023
54087.12  17.887  0.028
54092.19  17.981  0.031
54096.15  18.084  0.023
54099.15  18.169  0.020
54100.17  18.192  0.022
54104.22  18.234  0.024
54106.15  18.325  0.024
54108.15  18.364  0.032
54110.12  18.387  0.049
54118.17  18.534  0.038
54123.12  18.736  0.040
54127.20  18.766  0.034
54127.21  18.736  0.045
54130.06  18.920  0.041
54133.10  18.866  0.037
54136.12  18.969  0.045
54143.06  19.075  0.050
54147.06  19.095  0.055
filter V
53906.44  14.294  0.010
53906.44  14.287  0.006
53981.35  14.888  0.008
53986.35  15.035  0.006
53994.34  15.218  0.007
53998.37  15.313  0.008
54001.40  15.399  0.008
54007.40  15.540  0.007
54014.31  15.701  0.006
54017.31  15.775  0.012
54046.18  16.381  0.009
54048.30  16.422  0.009
54049.27  16.430  0.013
54052.26  16.501  0.015
54056.24  16.567  0.012
54060.26  16.669  0.018
54065.25  16.760  0.018
54066.31  16.759  0.013
54068.25  16.796  0.016
54071.17  16.881  0.014
54073.21  16.893  0.011
54076.22  16.954  0.012
54080.26  17.006  0.011
54084.19  17.089  0.012
54087.14  17.039  0.022
54092.16  17.158  0.020
54096.17  17.224  0.014
54099.11  17.343  0.012
54100.13  17.320  0.014
54104.23  17.398  0.016
54106.15  17.453  0.013
54108.16  17.419  0.020
54110.09  17.543  0.021
54123.15  17.743  0.016
54127.18  17.792  0.015
54130.07  17.834  0.016
54133.11  17.870  0.017
54136.13  17.933  0.018
54143.06  17.929  0.029
54147.07  18.100  0.020
filter Y
54045.36  14.744  0.180
54045.36  14.744  0.180
