SN2007S 0.013870 150.130250 4.407278
filter B
54133.35  16.853  0.019
54137.29  16.196  0.011
54143.27  15.899  0.013
54153.27  16.274  0.011
54154.15  16.348  0.012
54158.20  16.697  0.012
54160.16  16.892  0.014
54161.18  17.000  0.015
54165.23  17.381  0.016
54166.15  17.509  0.041
54166.16  17.613  0.059
54169.18  17.720  0.015
54174.26  18.078  0.016
54185.20  18.691  0.020
54194.14  18.895  0.034
54199.11  18.953  0.021
54203.20  19.045  0.020
54213.14  19.139  0.021
54246.06  19.538  0.087
filter g
54133.33  16.624  0.010
54137.31  15.980  0.006
54143.25  15.685  0.010
54147.22  15.735  0.006
54154.16  15.996  0.007
54158.21  16.269  0.007
54160.18  16.434  0.006
54161.16  16.499  0.008
54165.21  16.826  0.008
54166.18  16.895  0.012
54169.20  17.137  0.009
54174.25  17.509  0.008
54185.17  18.171  0.011
54194.11  18.388  0.016
54199.09  18.510  0.018
54203.21  18.562  0.015
54213.11  18.702  0.013
54246.03  19.161  0.030
filter i
54133.34  16.433  0.013
54137.32  15.831  0.007
54143.26  15.759  0.017
54147.24  15.867  0.007
54154.17  16.185  0.009
54158.22  16.462  0.011
54160.20  16.509  0.007
54161.17  16.483  0.011
54165.21  16.443  0.010
54166.19  16.428  0.008
54169.21  16.371  0.009
54174.23  16.314  0.007
54185.18  16.821  0.009
54194.12  17.257  0.013
54199.10  17.476  0.016
54203.22  17.652  0.015
54213.12  17.996  0.015
54224.05  18.332  0.017
filter H
54132.29  16.333  0.057
54132.30  16.403  0.051
54137.30  15.605  0.038
54137.31  15.607  0.038
54138.30  15.530  0.028
54138.31  15.549  0.028
54140.27  15.522  0.022
54140.28  15.522  0.025
54146.36  15.759  0.040
54146.37  15.721  0.040
54150.22  15.774  0.053
54150.23  15.876  0.064
54156.19  15.971  0.029
54156.20  15.904  0.027
54158.27  15.991  0.059
54158.28  16.016  0.047
54160.22  15.903  0.032
54160.22  15.893  0.031
54164.21  15.771  0.024
54164.22  15.803  0.023
54167.18  15.673  0.025
54167.19  15.753  0.032
54169.19  15.735  0.038
54169.19  15.733  0.039
54171.24  15.705  0.038
54171.25  15.719  0.038
54175.19  15.614  0.027
54175.20  15.645  0.030
54184.13  15.956  0.037
54184.15  15.890  0.032
54191.20  16.321  0.057
54223.06  17.769  0.070
54223.06  17.705  0.075
filter K
54137.32  15.457  0.023
54137.32  15.441  0.024
54158.31  15.591  0.025
54158.32  15.601  0.026
54160.23  15.443  0.025
54160.24  15.524  0.024
54169.21  15.526  0.025
54169.22  15.530  0.026
54171.25  15.557  0.026
54171.26  15.516  0.026
filter J
54132.27  16.261  0.030
54132.28  16.207  0.025
54137.29  15.457  0.015
54137.29  15.420  0.015
54138.29  15.349  0.020
54138.29  15.327  0.015
54140.25  15.366  0.016
54140.26  15.326  0.013
54146.34  15.619  0.020
54146.35  15.566  0.021
54150.21  15.895  0.024
54150.21  15.932  0.023
54156.17  16.711  0.033
54156.18  16.706  0.034
54158.25  16.935  0.018
54158.26  16.926  0.018
54160.20  16.912  0.018
54160.21  16.907  0.017
54164.19  16.819  0.036
54164.20  16.916  0.038
54167.16  16.725  0.037
54167.17  16.721  0.028
54169.17  16.775  0.017
54169.18  16.749  0.017
54171.23  16.732  0.018
54171.23  16.709  0.016
54175.14  16.445  0.031
54175.15  16.551  0.034
54184.12  16.529  0.028
54184.12  16.547  0.035
54191.19  17.027  0.052
54223.05  19.086  0.075
filter r
54133.33  16.339  0.010
54137.31  15.730  0.007
54143.26  15.373  0.014
54147.24  15.342  0.006
54154.17  15.589  0.009
54158.22  15.858  0.010
54160.18  15.949  0.006
54161.17  15.987  0.007
54165.21  16.059  0.009
54166.19  16.071  0.006
54169.21  16.115  0.008
54174.24  16.210  0.006
54185.18  16.834  0.009
54194.12  17.192  0.009
54199.10  17.358  0.012
54203.21  17.473  0.009
54213.12  17.775  0.010
54224.06  18.097  0.016
54246.04  18.749  0.027
filter u
54133.34  17.403  0.037
54137.30  16.745  0.013
54143.26  16.571  0.014
54154.16  17.466  0.014
54158.20  17.997  0.018
54160.17  18.290  0.030
54165.22  18.884  0.072
54166.17  19.030  0.066
54169.19  19.318  0.036
54174.25  19.848  0.099
54185.19  20.198  0.108
54213.13  20.622  0.092
filter V
54133.35  16.481  0.012
54137.29  15.863  0.007
54143.27  15.552  0.012
54153.26  15.682  0.007
54153.27  15.690  0.007
54154.14  15.728  0.007
54158.19  15.957  0.007
54160.16  16.082  0.007
54161.18  16.132  0.008
54165.22  16.331  0.008
54166.15  16.370  0.008
54169.18  16.513  0.010
54174.26  16.751  0.007
54185.19  17.383  0.009
54194.13  17.680  0.014
54199.11  17.804  0.016
54203.19  17.905  0.013
54213.14  18.161  0.014
filter Y
54132.26  16.445  0.050
54132.26  16.374  0.046
54138.27  15.603  0.018
54138.28  15.581  0.017
54140.23  15.577  0.013
54140.24  15.566  0.012
54146.33  15.977  0.031
54146.33  16.052  0.034
54150.19  16.282  0.031
54150.20  16.210  0.032
54156.16  16.374  0.019
54156.16  16.403  0.021
54164.17  16.044  0.019
54164.18  15.996  0.018
54167.13  15.881  0.018
54167.14  15.874  0.017
54175.16  15.508  0.015
54175.17  15.484  0.011
54191.16  15.973  0.018
54191.17  15.944  0.015
filter Ydw
54137.27  15.572  0.015
54137.28  15.610  0.015
54160.19  16.219  0.016
54160.19  16.248  0.016
54171.21  15.639  0.015
