SN2007st 0.021167 27.176958 -48.649389
filter B
54458.15  16.005  0.007
54462.09  16.356  0.017
54464.13  16.609  0.010
54468.13  17.218  0.012
54469.10  17.315  0.022
54470.08  17.493  0.013
54472.10  17.754  0.016
54475.10  18.015  0.016
54476.10  18.162  0.016
54480.04  18.500  0.037
54486.06  18.683  0.031
filter g
54458.17  15.895  0.007
54462.10  16.128  0.007
54464.14  16.329  0.007
54466.16  16.581  0.007
54468.11  16.809  0.011
54469.07  16.963  0.007
54470.06  17.085  0.009
54472.08  17.320  0.018
54475.08  17.628  0.011
54476.11  17.746  0.013
54480.06  18.030  0.011
54486.05  18.442  0.020
54493.05  18.626  0.020
filter i
54458.18  16.408  0.014
54462.11  16.542  0.011
54464.15  16.656  0.012
54466.17  16.701  0.012
54468.11  16.672  0.015
54470.07  16.684  0.014
54472.09  16.675  0.017
54475.09  16.668  0.012
54476.12  16.713  0.016
54480.07  16.849  0.022
54486.05  17.269  0.014
54493.06  17.680  0.016
54512.03  18.448  0.038
filter H
54458.19  16.675  0.018
54468.12  16.794  0.018
54471.08  16.609  0.044
54477.07  16.374  0.046
54479.07  16.465  0.042
54489.05  16.975  0.105
54489.06  17.069  0.089
54493.06  17.362  0.027
54493.07  17.268  0.027
54495.06  17.479  0.029
filter J
54458.16  16.149  0.098
54458.17  16.135  0.098
54463.12  17.180  0.042
54466.15  17.324  0.100
54468.09  17.300  0.069
54468.10  17.323  0.069
54471.05  17.218  0.055
54471.06  17.279  0.047
54477.05  16.959  0.061
54477.06  16.836  0.053
54479.06  16.901  0.044
54485.04  17.026  0.056
54487.05  17.104  0.079
54498.04  17.951  0.129
filter r
54458.17  15.783  0.009
54462.11  15.966  0.010
54464.15  16.094  0.011
54466.17  16.162  0.012
54468.11  16.300  0.012
54470.06  16.356  0.011
54472.09  16.504  0.034
54475.09  16.549  0.012
54476.12  16.627  0.016
54480.06  16.910  0.016
54486.07  17.300  0.010
54493.06  17.626  0.013
54512.02  18.266  0.026
filter u
54458.16  16.688  0.014
54462.10  17.231  0.015
54464.14  17.600  0.017
54466.16  18.202  0.037
54468.12  18.376  0.028
54469.09  18.529  0.042
54470.07  18.751  0.035
54472.09  18.970  0.035
54476.10  19.342  0.035
54480.05  19.747  0.054
54486.06  19.894  0.133
54493.04  20.238  0.081
filter V
54458.15  15.835  0.009
54466.14  16.188  0.036
54469.09  16.379  0.031
54470.08  16.463  0.031
54472.10  16.584  0.055
54475.10  16.878  0.020
54480.04  17.285  0.015
54486.06  17.762  0.020
filter Y
54463.07  16.738  0.018
54463.09  16.733  0.012
54471.02  16.365  0.014
54471.04  16.362  0.014
54477.04  16.020  0.022
54477.04  16.069  0.014
54479.03  16.024  0.018
54479.04  16.009  0.013
54485.02  16.203  0.020
54485.03  16.241  0.021
54487.02  16.261  0.025
54487.03  16.332  0.019
54489.02  16.331  0.039
54489.02  16.311  0.026
54498.01  17.135  0.062
54498.02  16.982  0.052
54503.01  17.317  0.047
54513.02  17.669  0.048
filter Ydw
54458.20  16.755  0.016
54458.20  16.749  0.015
54468.11  16.607  0.019
54493.05  16.783  0.016
54493.05  16.762  0.016
54495.04  16.865  0.017
