SN2012E 0.020237 38.344958 9.584889
filter B
55948.05  15.909  0.014
55949.05  15.887  0.013
55953.07  16.038  0.014
55954.06  16.080  0.014
55955.06  16.158  0.014
55956.07  16.258  0.014
55959.10  16.599  0.015
55963.05  17.111  0.019
55965.06  17.369  0.029
55966.06  17.516  0.021
55968.04  17.761  0.016
55971.03  18.081  0.018
55973.03  18.302  0.021
filter g
55948.03  15.855  0.011
55949.03  15.815  0.012
55953.10  15.924  0.013
55954.09  15.953  0.013
55955.08  16.009  0.012
55956.10  16.095  0.013
55958.08  16.253  0.011
55962.02  16.641  0.013
55962.03  16.622  0.012
55964.02  16.858  0.012
55965.09  16.979  0.019
55967.07  17.210  0.014
55968.06  17.329  0.012
55972.02  17.788  0.015
55974.04  18.011  0.016
filter i
55948.04  16.287  0.011
55949.03  16.334  0.011
55953.08  16.419  0.010
55954.07  16.477  0.011
55955.06  16.553  0.012
55956.08  16.660  0.014
55962.03  17.092  0.012
55964.03  17.061  0.011
55964.04  17.076  0.012
55965.07  17.029  0.015
55967.08  16.952  0.011
55968.07  16.917  0.011
55972.03  16.838  0.010
filter r
55948.04  15.874  0.009
55949.03  15.833  0.009
55953.08  15.808  0.009
55954.07  15.852  0.009
55955.07  15.910  0.009
55956.08  15.980  0.009
55958.10  16.145  0.009
55962.02  16.427  0.009
55964.03  16.504  0.010
55965.07  16.506  0.011
55967.07  16.560  0.009
55968.06  16.566  0.009
55972.03  16.749  0.009
filter u
55948.04  16.363  0.043
55949.04  16.375  0.045
55953.09  16.503  0.081
55954.08  16.802  0.043
55955.07  16.903  0.043
55956.09  17.023  0.045
55958.09  17.305  0.048
55965.08  18.266  0.122
55968.05  18.785  0.051
filter V
55948.05  15.934  0.007
55949.04  15.894  0.008
55954.06  15.923  0.008
55955.05  15.953  0.008
55956.07  16.001  0.008
55959.09  16.187  0.008
55963.05  16.477  0.009
55965.05  16.610  0.011
55966.05  16.678  0.010
55968.03  16.823  0.008
55971.02  17.050  0.010
55973.02  17.224  0.011
