SN2005hk 0.012983 6.961958 -1.197917
filter B
53675.12  16.830  0.009
53682.07  15.978  0.006
53683.08  15.930  0.006
53684.12  15.920  0.007
53687.08  15.973  0.009
53687.09  15.961  0.007
53689.15  16.118  0.009
53690.10  16.185  0.008
53694.15  16.688  0.009
53695.13  16.829  0.008
53698.10  17.286  0.009
53699.13  17.428  0.009
53702.14  17.793  0.014
53706.16  18.166  0.015
53712.08  18.429  0.018
53720.07  18.647  0.030
53725.11  18.766  0.020
53728.10  18.823  0.022
53730.11  18.797  0.021
53736.08  18.875  0.015
53739.07  18.933  0.015
53745.06  18.951  0.048
53748.08  19.034  0.067
53751.04  19.069  0.028
53761.05  19.194  0.026
filter g
53675.10  16.759  0.008
53682.09  15.883  0.004
53683.09  15.828  0.006
53684.12  15.801  0.008
53687.10  15.804  0.008
53689.16  15.886  0.009
53690.11  15.958  0.006
53694.16  16.327  0.006
53695.13  16.446  0.007
53698.09  16.827  0.005
53699.12  16.964  0.005
53702.13  17.310  0.007
53706.17  17.650  0.008
53712.07  17.961  0.012
53720.06  18.134  0.015
53725.09  18.272  0.011
53728.11  18.332  0.009
53730.12  18.309  0.009
53736.05  18.411  0.007
53739.05  18.466  0.008
53745.04  18.498  0.016
53748.06  18.528  0.016
53751.05  18.572  0.011
53761.03  18.665  0.019
filter i
53675.10  17.106  0.012
53682.10  16.170  0.005
53683.09  16.104  0.009
53684.13  16.064  0.010
53687.11  15.943  0.010
53689.17  15.885  0.009
53690.12  15.870  0.005
53694.16  15.779  0.009
53695.14  15.783  0.008
53698.09  15.846  0.005
53699.12  15.875  0.006
53702.13  16.005  0.008
53706.17  16.210  0.009
53712.07  16.495  0.010
53720.06  16.811  0.009
53725.10  16.982  0.010
53728.12  17.066  0.009
53730.13  17.135  0.008
53736.06  17.289  0.008
53739.06  17.367  0.009
53745.05  17.500  0.012
53748.07  17.564  0.013
53751.06  17.666  0.014
53761.04  17.841  0.012
filter H
53676.02  16.887  0.067
53676.03  16.959  0.055
53677.08  16.762  0.048
53677.09  16.747  0.052
53678.05  16.524  0.060
53678.06  16.648  0.067
53680.05  16.363  0.062
53680.06  16.407  0.054
53681.10  16.271  0.032
53685.13  16.055  0.036
53685.14  16.107  0.039
53688.13  15.920  0.025
53688.14  15.885  0.025
53692.07  15.755  0.027
53692.08  15.786  0.025
53696.13  15.646  0.021
53696.14  15.657  0.023
53697.07  15.591  0.025
53697.07  15.599  0.029
53701.08  15.579  0.022
53701.09  15.537  0.022
53705.05  15.624  0.019
53705.06  15.655  0.024
53710.12  15.798  0.023
53710.13  15.802  0.029
53717.12  16.101  0.038
53717.13  16.040  0.045
53719.13  16.191  0.047
53719.14  16.108  0.046
53722.05  16.238  0.032
53722.05  16.262  0.032
53727.08  16.432  0.054
53727.09  16.423  0.064
53731.08  16.678  0.063
53731.09  16.514  0.062
53743.05  16.969  0.041
53743.09  16.964  0.050
filter K
53681.13  15.854  0.061
53722.10  15.491  0.146
filter J
53676.00  16.763  0.033
53676.01  16.771  0.031
53677.04  16.558  0.027
53677.07  16.507  0.031
53678.03  16.422  0.025
53678.04  16.423  0.031
53680.03  16.152  0.024
53680.04  16.177  0.026
53681.08  16.151  0.037
53681.10  16.145  0.029
53685.11  15.946  0.025
53685.11  15.951  0.020
53688.12  15.881  0.021
53688.13  15.916  0.022
53691.10  15.829  0.075
53696.12  15.893  0.022
53696.13  15.860  0.021
53697.06  15.942  0.026
53697.06  15.938  0.027
53701.07  15.854  0.024
53701.08  15.933  0.024
53705.04  16.001  0.027
53705.04  15.927  0.024
53710.10  16.105  0.024
53710.10  16.065  0.022
53717.10  16.398  0.026
53717.11  16.464  0.029
53719.11  16.566  0.035
53719.12  16.561  0.033
53722.03  16.693  0.029
53722.04  16.699  0.030
53723.04  16.670  0.050
53727.07  16.938  0.046
53727.08  16.983  0.055
53731.06  17.190  0.068
53731.07  17.114  0.050
53743.03  17.581  0.035
53743.04  17.599  0.036
53756.07  17.866  0.060
53756.08  18.093  0.065
filter r
53675.10  16.893  0.009
53682.09  15.945  0.005
53683.09  15.878  0.007
53684.13  15.833  0.009
53687.11  15.734  0.008
53689.16  15.701  0.007
53690.11  15.684  0.004
53694.16  15.709  0.006
53695.14  15.726  0.008
53698.09  15.869  0.004
53699.12  15.924  0.004
53702.13  16.108  0.006
53706.17  16.376  0.009
53712.07  16.669  0.009
53720.06  16.966  0.007
53725.10  17.127  0.008
53728.11  17.202  0.008
53730.13  17.267  0.007
53736.06  17.396  0.007
53739.06  17.475  0.007
53745.04  17.588  0.011
53748.06  17.657  0.012
53751.05  17.733  0.011
53761.04  17.983  0.010
filter u
53675.11  16.807  0.016
53682.08  16.307  0.014
53683.08  16.315  0.017
53684.12  16.360  0.018
53687.10  16.553  0.019
53689.16  16.792  0.024
53690.11  16.937  0.023
53694.15  17.658  0.026
53695.14  17.855  0.029
53698.09  18.384  0.041
53699.12  18.721  0.056
53702.13  19.123  0.066
53706.16  19.572  0.067
53712.07  19.932  0.123
53725.10  20.303  0.117
53730.12  20.437  0.121
53736.07  20.560  0.071
53739.06  20.425  0.085
filter V
53675.11  16.866  0.010
53682.07  15.937  0.006
53683.07  15.877  0.007
53684.11  15.825  0.007
53687.07  15.730  0.009
53689.15  15.765  0.008
53690.10  15.762  0.007
53694.14  15.932  0.008
53695.13  15.981  0.007
53698.10  16.240  0.006
53699.13  16.324  0.007
53702.14  16.585  0.008
53706.15  16.887  0.009
53712.08  17.182  0.011
53720.07  17.471  0.015
53725.11  17.574  0.012
53728.10  17.663  0.010
53730.11  17.700  0.011
53736.07  17.787  0.009
53739.07  17.845  0.010
53745.06  17.930  0.019
53748.08  17.995  0.024
53751.03  18.034  0.017
53761.04  18.186  0.013
filter Y
53675.99  16.878  0.026
53676.00  16.857  0.024
53677.02  16.710  0.022
53678.01  16.568  0.020
53678.02  16.524  0.019
53680.01  16.369  0.017
53680.02  16.306  0.017
53685.10  16.043  0.021
53685.10  16.119  0.023
53696.11  15.581  0.017
53697.05  15.507  0.013
53697.05  15.519  0.014
53705.03  15.580  0.016
53710.11  15.685  0.015
53710.11  15.671  0.014
53717.09  15.916  0.012
53717.10  15.886  0.016
53719.10  15.955  0.022
53723.03  16.061  0.023
53723.04  16.088  0.019
53727.06  16.248  0.020
53727.06  16.214  0.021
53731.04  16.368  0.020
filter Ydw
53681.07  16.268  0.036
53681.07  16.262  0.036
53722.06  16.074  0.063
53722.08  16.024  0.036
53743.06  16.775  0.037
53743.08  16.790  0.037
53756.05  17.237  0.042
53756.06  17.278  0.069
