SN2009F 0.012947 74.848167 -11.130583
filter B
54837.26  17.749  0.009
54838.22  17.586  0.010
54839.13  17.477  0.011
54840.16  17.378  0.010
54841.16  17.345  0.012
54842.16  17.336  0.013
54842.16  17.336  0.013
54845.17  17.575  0.011
54848.18  18.046  0.012
54855.19  19.137  0.025
54856.17  19.248  0.022
54859.19  19.427  0.032
54867.16  19.731  0.066
54870.11  19.898  0.086
54871.15  19.916  0.103
54873.08  19.899  0.053
54879.14  20.125  0.044
54884.12  20.336  0.056
filter g
54837.24  17.462  0.006
54838.20  17.309  0.007
54839.11  17.174  0.006
54840.14  17.074  0.007
54841.14  17.005  0.007
54842.18  16.966  0.009
54842.18  16.961  0.009
54845.18  17.100  0.007
54848.16  17.587  0.018
54855.20  18.568  0.013
54859.16  18.829  0.014
54871.17  19.422  0.066
54879.15  19.635  0.027
54884.14  19.713  0.024
filter i
54837.25  17.320  0.011
54838.20  17.107  0.009
54839.12  16.957  0.009
54840.15  16.783  0.007
54841.15  16.670  0.008
54842.19  16.588  0.009
54842.19  16.585  0.009
54845.19  16.456  0.006
54848.16  16.538  0.009
54855.21  16.974  0.008
54856.16  17.111  0.013
54859.17  17.442  0.012
54867.14  17.982  0.015
54871.18  18.241  0.022
54873.11  18.374  0.017
54879.16  18.634  0.021
54884.15  18.861  0.025
filter H
54838.11  16.624  0.022
54838.12  16.620  0.022
54840.09  16.245  0.022
54840.10  16.274  0.023
54841.11  16.197  0.021
54841.12  16.180  0.022
54843.02  16.024  0.036
54843.03  16.056  0.019
54846.21  15.939  0.026
54846.22  15.958  0.023
54849.16  16.095  0.038
54849.17  15.965  0.027
54853.19  16.216  0.034
54860.15  16.791  0.059
filter J
54838.10  16.722  0.017
54838.10  16.707  0.017
54840.08  16.351  0.017
54840.08  16.326  0.017
54841.08  16.216  0.017
54841.09  16.222  0.017
54842.05  16.151  0.017
54842.06  16.142  0.017
filter r
54837.24  17.300  0.007
54838.20  17.080  0.007
54839.11  16.915  0.007
54840.14  16.762  0.006
54841.15  16.639  0.006
54842.18  16.436  0.021
54842.18  16.530  0.008
54845.18  16.420  0.005
54848.16  16.541  0.008
54855.21  17.232  0.008
54856.15  17.285  0.009
54859.17  17.588  0.009
54867.14  18.141  0.013
54871.17  18.421  0.023
54873.11  18.499  0.015
54879.16  18.882  0.019
54884.15  19.094  0.021
filter u
54837.25  18.439  0.031
54838.21  18.443  0.026
54839.12  18.352  0.033
54840.15  18.416  0.045
54841.16  18.392  0.041
54842.17  18.548  0.037
54842.17  18.548  0.037
54845.17  18.898  0.040
54848.17  19.552  0.038
54856.16  20.566  0.073
filter V
54837.26  17.324  0.007
54838.21  17.140  0.009
54839.12  16.969  0.008
54840.16  16.843  0.008
54841.16  16.752  0.008
54842.16  16.689  0.009
54842.16  16.689  0.009
54845.16  16.672  0.006
54848.18  16.906  0.009
54855.18  17.750  0.010
54856.17  17.839  0.012
54859.18  18.090  0.014
54867.15  18.551  0.022
54870.11  18.695  0.025
54871.13  18.659  0.028
54872.14  18.816  0.037
54873.08  18.834  0.023
54879.13  19.036  0.025
54884.11  19.221  0.023
filter Y
54846.18  16.084  0.011
54846.19  16.112  0.010
54849.13  16.135  0.012
54849.14  16.151  0.015
54853.14  16.205  0.012
54853.15  16.207  0.010
54857.18  16.459  0.013
54857.19  16.492  0.015
54860.11  16.729  0.014
54860.12  16.749  0.016
filter Ydw
54838.08  16.862  0.023
54838.09  16.874  0.023
54840.06  16.523  0.023
54840.07  16.511  0.023
54841.10  16.395  0.023
54841.10  16.408  0.023
54843.01  16.245  0.012
54843.02  16.226  0.013
filter Jrc2
54846.20  16.035  0.014
54846.21  16.038  0.010
54849.15  16.222  0.015
54849.15  16.230  0.017
54853.16  16.510  0.025
54853.17  16.536  0.019
54857.20  16.969  0.029
54857.21  16.920  0.030
54860.12  17.450  0.048
54860.13  17.411  0.040
