SN2012gm 0.014780 349.404292 14.002472
filter B
56254.02  15.993  0.009
56255.01  15.868  0.018
56255.02  15.853  0.011
56256.05  15.751  0.009
56257.05  15.653  0.010
56258.02  15.590  0.011
56259.04  15.544  0.009
56261.04  15.510  0.009
56262.03  15.512  0.009
56263.05  15.513  0.009
56264.05  15.547  0.009
56265.05  15.584  0.009
56266.02  15.633  0.009
56267.04  15.678  0.009
56268.04  15.741  0.009
56269.10  15.836  0.009
56270.04  15.882  0.010
56271.04  15.970  0.009
56272.07  16.063  0.009
56275.02  16.358  0.011
filter g
56255.04  15.725  0.007
56256.02  15.616  0.007
56257.04  15.534  0.009
56258.03  15.467  0.007
56259.02  15.417  0.006
56261.02  15.374  0.006
56262.01  15.364  0.012
56262.04  15.371  0.006
56263.03  15.371  0.006
56264.06  15.403  0.006
56265.03  15.422  0.006
56266.03  15.456  0.006
56267.04  15.500  0.006
56268.04  15.553  0.006
56269.08  15.604  0.006
56270.02  15.663  0.006
56271.05  15.718  0.006
56272.05  15.785  0.009
56275.03  16.039  0.007
filter i
56254.04  15.851  0.011
56255.04  15.759  0.011
56256.03  15.657  0.007
56257.03  15.613  0.010
56258.04  15.595  0.008
56258.04  15.589  0.008
56259.03  15.601  0.008
56261.02  15.676  0.006
56262.05  15.727  0.006
56263.03  15.733  0.011
56264.06  15.777  0.009
56265.03  15.806  0.008
56266.03  15.822  0.009
56267.05  15.868  0.008
56268.05  15.938  0.008
56269.08  15.997  0.007
56270.03  16.089  0.009
56271.05  16.199  0.011
56272.06  16.291  0.012
56275.04  16.500  0.010
filter H
56254.06  15.572  0.021
56258.06  15.446  0.021
56259.03  15.515  0.021
56264.03  15.779  0.023
56265.04  15.807  0.022
56266.04  15.847  0.022
filter r
56254.03  15.712  0.008
56255.03  15.588  0.010
56256.03  15.477  0.007
56257.03  15.398  0.010
56258.04  15.337  0.007
56259.02  15.296  0.006
56261.02  15.243  0.006
56262.04  15.240  0.006
56263.03  15.219  0.008
56264.06  15.238  0.007
56265.03  15.254  0.006
56266.03  15.270  0.006
56267.04  15.309  0.006
56268.04  15.354  0.006
56269.08  15.413  0.006
56270.02  15.473  0.007
56271.05  15.554  0.006
56272.06  15.638  0.011
56275.03  15.853  0.007
filter u
56255.04  16.411  0.017
56256.04  16.329  0.017
56257.04  16.232  0.020
56258.04  16.183  0.020
56258.05  16.188  0.019
56259.03  16.175  0.021
56261.03  16.132  0.017
56262.05  16.170  0.017
56263.04  16.205  0.017
56264.07  16.266  0.017
56265.04  16.357  0.017
56266.04  16.452  0.016
56267.05  16.565  0.017
56269.09  16.754  0.017
56270.03  16.833  0.018
56271.06  16.956  0.019
56272.06  17.050  0.020
56275.04  17.457  0.024
filter V
56254.03  15.831  0.009
56255.02  15.690  0.009
56256.04  15.578  0.009
56257.04  15.498  0.009
56258.03  15.424  0.008
56259.03  15.382  0.008
56261.03  15.323  0.008
56262.03  15.302  0.008
56263.04  15.307  0.007
56264.05  15.318  0.008
56265.04  15.336  0.008
56266.02  15.353  0.009
56267.03  15.384  0.009
56268.03  15.427  0.008
56269.09  15.456  0.008
56270.04  15.476  0.009
56271.04  15.548  0.007
56272.07  15.616  0.010
56275.03  15.804  0.008
filter Y
56254.03  15.516  0.016
56258.05  15.393  0.016
56259.02  15.433  0.016
56264.01  15.900  0.016
56265.02  15.973  0.016
56266.03  16.060  0.016
filter Jrc2
56254.07  15.467  0.025
56258.07  15.286  0.025
56259.04  15.292  0.025
56264.03  15.615  0.025
56265.05  15.679  0.025
56266.05  15.760  0.025
