SN2008hu 0.049666 122.311500 -18.653639
filter B
54806.28  18.248  0.011
54810.25  18.397  0.015
54813.25  18.568  0.029
54814.27  18.703  0.025
54818.22  19.250  0.024
54820.27  19.524  0.021
54821.20  19.743  0.020
54824.28  20.097  0.021
54830.19  20.872  0.057
54831.23  20.884  0.048
54834.29  20.985  0.045
54837.29  21.177  0.066
filter g
54806.25  18.103  0.008
54810.26  18.245  0.010
54813.27  18.374  0.017
54814.25  18.470  0.015
54818.20  18.918  0.013
54820.28  19.204  0.014
54821.22  19.351  0.013
54824.29  19.685  0.017
54830.16  20.392  0.028
54831.20  20.443  0.027
54834.30  20.695  0.029
54839.17  20.887  0.076
filter i
54806.26  18.501  0.013
54810.27  18.574  0.015
54813.28  18.867  0.030
54814.26  19.038  0.032
54818.20  19.247  0.025
54820.29  19.166  0.019
54821.23  19.159  0.018
54824.30  19.034  0.018
54830.17  19.031  0.020
54831.21  18.929  0.031
54834.31  19.429  0.024
54837.28  19.591  0.035
54839.18  19.781  0.036
54840.18  19.755  0.040
54841.18  19.872  0.056
54844.34  20.086  0.056
filter H
54804.22  18.299  0.065
54840.18  19.352  0.100
54840.19  19.331  0.087
filter J
54804.23  18.331  0.023
54804.25  18.297  0.023
54832.28  18.848  0.126
54840.17  19.658  0.056
54840.17  19.738  0.075
filter r
54806.25  18.018  0.008
54810.27  18.065  0.009
54813.27  18.236  0.014
54814.25  18.348  0.013
54818.20  18.563  0.012
54820.29  18.653  0.013
54821.22  18.654  0.010
54824.30  18.725  0.011
54830.17  19.142  0.014
54831.20  19.209  0.015
54834.31  19.487  0.017
54837.27  19.628  0.021
54839.18  19.704  0.029
54840.17  19.710  0.040
54842.33  19.814  0.058
54844.34  19.859  0.046
filter u
54806.26  18.989  0.026
54810.26  19.437  0.041
54813.26  19.706  0.100
54814.26  19.744  0.075
54818.21  20.615  0.079
54820.27  20.965  0.077
54821.21  21.148  0.073
filter V
54806.27  18.143  0.010
54810.24  18.166  0.013
54813.24  18.242  0.019
54814.27  18.370  0.018
54818.22  18.642  0.015
54820.26  18.811  0.014
54821.20  18.892  0.015
54824.28  19.116  0.016
54830.18  19.692  0.021
54831.22  19.838  0.028
54834.28  20.024  0.026
54837.29  20.242  0.042
54839.19  20.270  0.058
54840.19  20.380  0.078
filter Y
54812.20  18.941  0.078
54812.21  18.987  0.083
54815.23  19.105  0.107
54819.20  19.109  0.078
54819.20  18.947  0.072
54828.17  18.224  0.044
54828.18  18.210  0.043
54829.18  18.312  0.057
54829.19  18.209  0.047
54832.26  18.217  0.040
filter Ydw
54804.26  18.385  0.020
54804.26  18.365  0.022
