SN2013gv 0.034097 47.488792 19.213667
filter B
56633.15  17.753  0.016
56635.09  17.518  0.009
56636.09  17.434  0.010
56637.10  17.389  0.009
56638.14  17.333  0.011
56643.11  17.468  0.048
56644.09  17.522  0.022
56647.09  17.736  0.011
56651.12  18.199  0.010
56654.08  18.589  0.013
56657.13  19.040  0.015
56662.07  19.613  0.019
56664.04  19.831  0.036
filter g
56633.15  17.680  0.011
56635.10  17.422  0.007
56636.10  17.350  0.008
56637.09  17.266  0.006
56638.12  17.263  0.008
56643.10  17.343  0.026
56644.08  17.382  0.016
56647.08  17.589  0.009
56651.12  17.933  0.009
56654.09  18.253  0.009
56657.14  18.659  0.011
56662.06  19.217  0.013
56664.05  19.413  0.016
56673.07  20.107  0.092
56679.07  20.181  0.025
filter i
56633.15  17.700  0.021
56635.10  17.559  0.011
56636.10  17.546  0.012
56637.09  17.589  0.011
56638.12  17.617  0.014
56643.10  17.750  0.028
56644.09  17.771  0.023
56647.09  18.133  0.019
56651.13  18.445  0.021
56654.09  18.379  0.016
56657.15  18.262  0.014
56662.06  18.188  0.011
56662.07  18.181  0.013
56664.05  18.203  0.012
56673.08  18.848  0.038
56679.08  19.254  0.023
filter H
56636.13  17.576  0.036
56637.15  17.655  0.033
56638.11  17.707  0.041
filter r
56633.15  17.599  0.014
56635.10  17.347  0.008
56636.10  17.278  0.010
56637.09  17.219  0.009
56638.12  17.191  0.009
56643.10  17.191  0.023
56644.09  17.208  0.015
56647.08  17.457  0.011
56651.13  17.771  0.010
56654.09  17.837  0.010
56657.14  17.912  0.011
56662.06  18.120  0.009
56664.05  18.243  0.013
56673.08  18.822  0.035
56679.08  19.108  0.015
filter u
56633.15  18.151  0.019
56635.11  17.969  0.019
56636.10  17.890  0.017
56637.10  17.851  0.020
56638.13  17.851  0.017
56644.09  18.411  0.050
56651.14  19.295  0.027
56654.10  19.849  0.033
56657.13  20.316  0.040
filter V
56633.15  17.678  0.015
56635.10  17.457  0.009
56636.09  17.386  0.011
56637.10  17.312  0.010
56638.13  17.261  0.012
56643.11  17.266  0.027
56644.09  17.336  0.022
56647.09  17.488  0.010
56651.12  17.743  0.008
56654.08  17.932  0.010
56657.12  18.155  0.011
56662.07  18.586  0.013
56664.04  18.732  0.016
filter Y
56636.11  17.399  0.016
56637.14  17.427  0.017
56638.09  17.556  0.016
56649.13  18.346  0.025
56650.07  18.336  0.019
filter Jrc2
56636.14  17.310  0.014
56637.17  17.352  0.017
56638.12  17.401  0.014
56650.11  19.000  0.056
