SN2014ao 0.014073 128.638833 -2.543361
filter B
56765.99  17.076  0.012
56767.00  17.054  0.013
56767.99  17.056  0.014
56768.99  17.068  0.014
56769.97  17.113  0.018
56771.01  17.172  0.015
56772.01  17.211  0.013
56772.96  17.289  0.017
56773.97  17.349  0.018
56774.99  17.468  0.015
56775.98  17.536  0.016
56783.96  18.465  0.035
56784.96  18.605  0.040
56785.96  18.658  0.029
56786.97  18.843  0.070
56786.98  18.773  0.074
56787.96  18.904  0.072
56788.97  19.100  0.052
56790.01  19.198  0.036
56790.98  19.235  0.031
56791.97  19.409  0.036
56792.97  19.457  0.021
56793.98  19.530  0.026
56794.97  19.584  0.024
56795.99  19.691  0.025
56796.96  19.719  0.023
56802.96  19.967  0.032
56803.96  19.997  0.034
56808.98  20.166  0.030
filter g
56765.97  16.814  0.008
56766.99  16.809  0.011
56767.97  16.782  0.009
56768.97  16.830  0.013
56769.98  16.813  0.016
56771.00  16.871  0.014
56772.00  16.903  0.015
56772.96  16.935  0.011
56773.97  16.994  0.013
56774.98  17.057  0.008
56775.97  17.132  0.009
56783.97  17.884  0.017
56784.96  17.940  0.023
56785.96  18.092  0.016
56786.96  18.172  0.033
56787.97  18.253  0.046
56787.97  18.361  0.051
56788.97  18.406  0.023
56789.98  18.473  0.020
56790.96  18.622  0.026
56791.96  18.711  0.024
56792.95  18.801  0.026
56793.96  18.931  0.023
56794.96  19.019  0.025
56796.00  19.092  0.021
56796.96  19.161  0.025
56802.97  19.429  0.023
56803.96  19.453  0.019
56808.95  19.567  0.028
filter i
56765.97  16.341  0.011
56766.98  16.381  0.011
56767.97  16.390  0.014
56768.97  16.431  0.013
56769.98  16.477  0.018
56771.00  16.493  0.016
56772.00  16.529  0.015
56772.97  16.581  0.014
56773.97  16.695  0.019
56774.97  16.786  0.013
56775.96  16.909  0.016
56783.97  17.000  0.021
56784.96  17.030  0.027
56785.96  16.988  0.016
56786.96  16.916  0.042
56787.98  16.838  0.053
56788.98  16.848  0.012
56789.98  16.836  0.012
56790.96  16.856  0.018
56791.95  16.873  0.014
56792.96  16.935  0.015
56793.96  17.001  0.017
56794.96  17.144  0.020
56796.00  17.226  0.015
56803.97  17.761  0.012
56808.96  18.013  0.017
filter r
56766.98  16.127  0.009
56767.98  16.127  0.013
56768.97  16.079  0.012
56769.98  16.086  0.013
56771.00  16.117  0.013
56772.00  16.156  0.013
56772.96  16.194  0.009
56773.97  16.276  0.010
56774.97  16.374  0.009
56775.97  16.455  0.011
56783.97  16.833  0.015
56784.96  16.844  0.020
56785.96  16.841  0.011
56786.96  16.833  0.021
56787.97  16.848  0.033
56787.98  16.899  0.031
56788.98  16.885  0.011
56789.98  16.956  0.012
56790.95  16.999  0.017
56791.96  17.068  0.014
56792.96  17.168  0.012
56793.96  17.265  0.018
56794.96  17.388  0.022
56796.00  17.453  0.015
56796.95  17.507  0.014
56802.97  17.846  0.013
56803.97  17.892  0.011
56808.96  18.089  0.016
filter u
56765.98  18.379  0.019
56766.99  18.399  0.015
56767.98  18.418  0.015
56768.98  18.509  0.015
56769.98  18.582  0.018
56771.00  18.666  0.024
56772.01  18.754  0.027
56772.97  18.832  0.023
56773.98  19.020  0.042
56774.98  19.086  0.019
56775.97  19.222  0.025
56784.97  20.522  0.065
56785.97  20.678  0.088
filter V
56765.98  16.485  0.011
56766.99  16.458  0.012
56767.98  16.437  0.010
56768.98  16.448  0.013
56769.98  16.464  0.018
56771.01  16.456  0.015
56772.01  16.476  0.011
56772.96  16.504  0.011
56773.97  16.545  0.010
56774.99  16.609  0.011
56775.98  16.676  0.012
56783.96  17.182  0.015
56784.96  17.274  0.022
56785.96  17.302  0.016
56786.97  17.392  0.021
56787.96  17.441  0.021
56787.96  17.433  0.029
56788.97  17.521  0.016
56790.00  17.578  0.011
56790.97  17.695  0.019
56791.96  17.777  0.014
56792.96  17.854  0.013
56793.97  17.958  0.017
56794.96  18.031  0.016
56796.00  18.114  0.015
56796.96  18.184  0.013
56802.96  18.468  0.015
56803.96  18.519  0.017
56808.96  18.655  0.014
