SN2013ex 0.010437 83.194250 -14.045944
filter B
56535.52000  15.090  0.015
56539.53000  15.357  0.016
56552.50000  16.808  0.043
56555.50000  17.101  0.027
56569.52000  17.965  0.409
56585.54000  18.315  0.062
56626.36000  18.850  0.087
filter B_UVOT
56525.76  15.060  0.050
56529.48  14.870  0.050
56532.38  14.870  0.050
56535.83  15.070  0.050
56538.78  15.220  0.050
56541.72  15.490  0.050
56544.46  15.900  0.060
56550.36  16.530  0.060
56553.47  16.880  0.070
filter B_UVOT
56525.76  15.060  0.050
56529.48  14.870  0.050
56532.38  14.870  0.050
56535.83  15.070  0.050
56538.78  15.220  0.050
56541.72  15.490  0.050
56544.46  15.900  0.060
56550.36  16.530  0.060
56553.47  16.880  0.070
filter Is
56535.52000  15.027  0.013
56539.53000  15.278  0.012
56552.50000  15.337  0.020
56555.50000  15.316  0.013
56569.52000  15.973  0.030
56585.54000  16.734  0.022
56626.36000  18.261  0.042
filter Rs
56535.52000  14.774  0.009
56539.53000  15.031  0.012
56552.50000  15.542  0.015
56555.50000  15.567  0.013
56569.52000  16.400  0.067
56626.36000  18.216  0.020
filter U_UVOT
56525.76  14.440  0.050
56529.48  14.440  0.050
56532.38  14.640  0.050
56535.83  15.050  0.060
56538.78  15.510  0.060
56541.72  15.920  0.070
56544.45  16.250  0.070
56550.36  17.160  0.090
56553.46  17.530  0.120
filter V
56535.52000  14.882  0.008
56539.53000  15.036  0.011
56552.50000  15.772  0.037
56555.50000  15.918  0.018
56569.52000  16.596  0.085
56585.54000  17.247  0.030
56626.36000  18.305  0.018
filter V_UVOT
56525.73  15.110  0.070
56529.49  14.800  0.060
56532.38  14.800  0.070
56535.80  14.840  0.060
56538.79  15.000  0.060
56541.73  15.070  0.060
56544.46  15.330  0.060
56550.37  15.670  0.060
56553.47  15.880  0.070
filter UVM2
56525.75  18.730  0.120
56529.49  18.300  0.110
56532.49  18.560  0.170
56535.80  19.320  0.250
56538.79  19.130  0.170
56541.73  19.750  0.240
56544.47  20.320  0.100
56550.37  20.310  0.350
56553.47  20.200  0.100
filter UVW1
56525.76  16.080  0.070
56529.48  16.090  0.070
56532.48  16.320  0.080
56535.83  16.680  0.080
56538.78  17.120  0.080
56541.72  17.370  0.090
56544.45  17.910  0.100
56547.68  18.310  0.140
56550.36  18.300  0.120
56553.46  19.020  0.220
filter UVW2
56525.76  17.660  0.110
56529.48  17.660  0.100
56532.48  17.790  0.120
56535.83  18.060  0.110
56538.78  18.440  0.120
56541.72  18.790  0.140
56544.46  19.170  0.170
56550.37  19.770  0.250
56553.47  20.020  0.340
