SN2001da 0.017195 358.386580 8.117389
filter B
52103.000  15.907  0.017
52104.000  15.753  0.018
52105.000  15.710  0.016
52106.000  15.699  0.015
52107.000  15.719  0.012
52108.000  15.792  0.014
52109.000  15.722  0.015
52110.000  15.793  0.019
52111.000  15.875  0.018
52113.000  16.026  0.039
52115.000  16.179  0.019
52117.000  16.377  0.022
52119.000  16.551  0.024
52121.000  16.876  0.025
52123.000  17.070  0.037
52131.000  17.943  0.067
52133.000  18.163  0.070
52135.000  18.146  0.065
52138.750  18.468  0.100
52143.000  18.698  0.107
52146.750  18.729  0.112
52150.750  18.765  0.133
52159.000  18.691  0.164
52162.750  18.875  0.238
52166.750  19.043  0.059
52170.750  18.870  0.053
52174.750  19.059  0.058
52178.750  19.046  0.071
52185.750  19.023  0.187
filter B4sh
52109.455  15.727  0.023
52118.380  16.421  0.025
52164.350  18.938  0.045
52188.195  19.142  0.059
52197.128  19.253  0.056
filter Is
52103.000  15.690  0.020
52104.000  15.630  0.020
52105.000  15.641  0.012
52106.000  15.644  0.021
52107.000  15.662  0.024
52108.000  15.667  0.014
52109.000  15.726  0.017
52111.000  15.716  0.025
52113.000  15.792  0.020
52115.000  15.865  0.047
52117.000  16.071  0.021
52119.000  16.103  0.029
52121.000  16.078  0.030
52123.000  16.032  0.021
52131.000  15.937  0.020
52133.000  15.944  0.026
52135.000  15.984  0.019
52138.750  16.354  0.029
52143.000  16.556  0.047
52146.750  16.824  0.043
52150.750  17.102  0.059
52159.000  17.360  0.061
52162.750  17.569  0.063
52166.750  17.758  0.048
52170.750  17.785  0.049
52174.750  18.051  0.192
52178.750  18.227  0.096
52185.750  18.246  0.082
filter I4sh
52109.461  15.736  0.031
52110.398  15.739  0.031
52121.465  16.158  0.032
52164.357  17.616  0.039
52197.136  18.781  0.077
filter Rs
52103.000  15.534  0.010
52104.000  15.502  0.010
52105.000  15.399  0.010
52106.000  15.395  0.013
52107.000  15.396  0.012
52108.000  15.360  0.011
52109.000  15.360  0.013
52110.000  15.316  0.016
52111.000  15.380  0.011
52113.000  15.451  0.014
52115.000  15.573  0.015
52117.000  15.747  0.013
52119.000  15.887  0.015
52121.000  15.961  0.010
52123.000  16.024  0.013
52131.000  16.112  0.018
52133.000  16.204  0.015
52135.000  16.310  0.014
52138.750  16.661  0.019
52143.000  16.866  0.028
52146.750  17.038  0.025
52150.750  17.197  0.029
52159.000  17.524  0.053
52162.750  17.606  0.028
52166.750  17.726  0.026
52170.750  17.873  0.026
52174.750  18.170  0.123
52178.750  18.093  0.046
52185.750  18.348  0.064
filter R4sh
52109.459  15.408  0.031
52110.397  15.430  0.032
52164.356  17.677  0.032
52188.201  18.548  0.041
52197.134  18.793  0.043
filter Us
52109.452  15.125  0.049
52118.377  16.629  0.054
52121.456  17.198  0.053
52197.138  19.340  0.136
filter V
52103.000  15.722  0.010
52104.000  15.630  0.012
52105.000  15.579  0.014
52106.000  15.540  0.011
52107.000  15.521  0.014
52108.000  15.496  0.010
52109.000  15.513  0.011
52110.000  15.471  0.016
52111.000  15.520  0.010
52113.000  15.531  0.012
52115.000  15.596  0.011
52117.000  15.710  0.010
52119.000  15.865  0.013
52121.000  15.977  0.012
52123.000  16.118  0.021
52131.000  16.506  0.021
52133.000  16.660  0.021
52135.000  16.823  0.025
52138.750  17.152  0.032
52143.000  17.338  0.038
52146.750  17.499  0.033
52150.750  17.535  0.037
52159.000  17.842  0.088
52162.750  17.959  0.042
52166.750  18.011  0.044
52170.750  18.063  0.041
52174.750  18.197  0.134
52178.750  18.280  0.048
52185.750  18.427  0.079
filter V4sh
52109.458  15.535  0.024
52110.395  15.563  0.026
52121.462  16.102  0.024
52164.353  18.048  0.029
52188.199  18.612  0.039
52197.131  18.775  0.038
