SN2014Z 0.021260 26.033292 -61.118722
filter B
56723.00  15.651  0.008
56724.00  15.676  0.011
56725.00  15.734  0.009
56726.00  15.761  0.010
56727.00  15.818  0.014
56729.00  15.943  0.013
56731.02  16.136  0.010
filter g
56723.01  15.594  0.005
56724.00  15.611  0.006
56725.01  15.642  0.005
56726.00  15.672  0.007
56727.00  15.725  0.009
56729.00  15.840  0.008
56731.00  15.973  0.007
filter i
56723.01  16.331  0.009
56724.01  16.349  0.010
56725.01  16.371  0.010
56726.01  16.364  0.010
56727.00  16.426  0.013
56729.00  16.591  0.014
56731.00  16.823  0.016
filter H
56724.01  16.703  0.028
56726.01  16.816  0.027
filter r
56723.01  15.645  0.009
56724.00  15.666  0.007
56725.01  15.679  0.007
56726.00  15.684  0.008
56727.00  15.733  0.007
56729.00  15.839  0.009
56731.00  16.025  0.007
filter u
56723.01  16.349  0.012
56724.01  16.395  0.014
56725.01  16.493  0.015
56726.01  16.563  0.031
56727.00  16.654  0.028
56727.01  16.674  0.026
56729.00  16.830  0.040
56729.00  16.833  0.043
56731.01  17.117  0.035
filter V
56723.01  15.651  0.007
56724.00  15.657  0.008
56725.00  15.663  0.007
56726.00  15.689  0.010
56727.00  15.700  0.012
56729.00  15.790  0.012
56731.01  15.902  0.009
filter Y
56723.99  16.655  0.056
56726.00  16.795  0.056
filter Jrc2
56724.01  16.486  0.053
56726.02  16.691  0.053
