SN2005ag 0.079370 224.181875 9.328472
filter B
53412.33  18.572  0.011
53413.33  18.546  0.014
53414.36  18.587  0.009
53415.35  18.581  0.011
53416.35  18.605  0.009
53417.34  18.645  0.012
53418.36  18.711  0.011
53419.36  18.765  0.012
53420.40  18.767  0.037
53421.39  18.872  0.016
53422.33  18.923  0.014
53424.33  19.068  0.029
53425.31  19.173  0.058
53426.36  19.259  0.045
53427.35  19.343  0.041
53428.36  19.402  0.038
53429.33  19.465  0.068
53430.38  19.641  0.036
53431.38  19.841  0.050
53432.37  19.931  0.040
53436.33  20.424  0.037
53444.38  21.189  0.049
53445.36  21.234  0.042
53446.37  21.130  0.061
53452.31  21.496  0.154
53460.27  21.716  0.166
53464.37  21.989  0.135
53465.37  21.753  0.092
53467.35  21.960  0.084
53468.32  21.933  0.054
53472.35  21.991  0.075
53474.28  21.976  0.081
53477.24  21.973  0.064
53478.36  22.067  0.128
53479.36  21.947  0.075
filter g
53412.31  18.494  0.015
53413.31  18.447  0.025
53414.37  18.494  0.009
53415.36  18.489  0.009
53416.36  18.537  0.010
53417.35  18.553  0.009
53418.37  18.588  0.009
53419.36  18.616  0.010
53420.38  18.676  0.011
53421.36  18.744  0.011
53422.31  18.767  0.023
53423.29  18.829  0.043
53424.31  18.909  0.027
53425.29  19.017  0.058
53426.34  19.012  0.037
53427.34  19.138  0.029
53428.37  19.235  0.029
53429.34  19.377  0.058
53430.39  19.450  0.029
53431.38  19.532  0.027
53432.37  19.602  0.027
53436.31  20.032  0.021
53444.34  20.750  0.024
53445.33  20.794  0.024
53446.34  20.837  0.033
53453.23  21.199  0.134
53455.31  21.024  0.152
53456.32  21.263  0.133
53460.28  21.253  0.086
53464.32  21.503  0.048
53465.32  21.561  0.045
53466.33  21.483  0.042
53467.31  21.451  0.044
53468.28  21.580  0.036
53472.36  21.612  0.040
53474.29  21.663  0.051
53475.33  21.683  0.041
53477.25  21.790  0.062
53477.25  21.698  0.039
53478.31  21.585  0.036
53479.32  21.647  0.044
53480.33  21.779  0.061
filter i
53412.32  18.943  0.032
53413.32  18.941  0.027
53414.38  18.972  0.021
53415.37  18.960  0.019
53416.37  18.980  0.021
53417.36  18.988  0.019
53418.38  19.007  0.021
53419.37  19.038  0.020
53420.39  19.024  0.060
53421.38  19.138  0.031
53422.32  19.195  0.036
53425.30  19.372  0.058
53426.35  19.471  0.049
53427.34  19.613  0.055
53428.38  19.515  0.045
53429.36  19.592  0.038
53430.40  19.665  0.042
53431.40  19.666  0.043
53432.39  19.589  0.034
53444.35  19.555  0.024
53445.35  19.570  0.026
53446.36  19.553  0.025
53452.29  19.835  0.040
53453.25  20.001  0.048
53454.29  20.006  0.068
53455.34  20.119  0.082
53456.34  20.177  0.050
53459.37  20.271  0.057
53460.31  20.307  0.047
53464.35  20.531  0.045
53465.35  20.503  0.050
53467.33  20.702  0.051
53468.30  20.646  0.039
53472.39  20.831  0.056
53475.36  20.902  0.056
53479.34  21.145  0.059
filter J
53418.38  19.648  0.063
53418.39  19.734  0.072
53426.41  20.537  0.145
53427.38  20.450  0.128
filter r
53412.32  18.566  0.018
53413.32  18.482  0.018
53414.38  18.486  0.011
53415.37  18.486  0.010
53416.36  18.475  0.011
53417.36  18.483  0.010
53418.37  18.497  0.010
53419.37  18.533  0.011
53420.38  18.535  0.022
53421.37  18.577  0.013
53422.31  18.616  0.016
53423.30  18.804  0.080
53424.31  18.698  0.018
53425.30  18.811  0.041
53426.35  18.776  0.022
53427.34  18.860  0.023
53428.37  18.892  0.025
53429.35  19.029  0.022
53430.39  19.062  0.023
53431.39  19.081  0.021
53432.38  19.094  0.019
53436.31  19.311  0.014
53444.36  19.579  0.019
53445.34  19.647  0.017
53446.35  19.712  0.022
53453.24  19.976  0.043
53455.33  20.212  0.070
53456.33  20.207  0.052
53457.31  20.255  0.047
53458.34  20.227  0.047
53459.36  20.361  0.043
53460.29  20.379  0.046
53464.34  20.437  0.022
53465.34  20.488  0.029
53466.34  20.543  0.032
53467.32  20.502  0.031
53468.29  20.564  0.024
53472.38  20.744  0.029
53474.30  20.750  0.032
53475.34  20.743  0.028
53477.27  20.797  0.025
53478.32  20.802  0.030
53479.33  20.847  0.030
53480.35  20.980  0.051
filter V
53412.33  18.497  0.017
53413.33  18.480  0.017
53414.35  18.491  0.011
53415.35  18.489  0.012
53416.34  18.507  0.011
53417.34  18.513  0.013
53418.35  18.517  0.013
53419.35  18.551  0.013
53420.39  18.606  0.034
53421.38  18.623  0.015
53422.32  18.652  0.015
53424.32  18.742  0.028
53425.30  18.816  0.044
53426.35  18.782  0.034
53427.35  18.924  0.030
53428.35  18.968  0.033
53429.32  18.940  0.052
53430.38  19.078  0.027
53431.37  19.167  0.032
53432.36  19.257  0.026
53436.32  19.511  0.021
53444.37  20.122  0.032
53445.35  20.182  0.031
53446.37  20.174  0.033
53452.30  20.556  0.078
53453.27  20.603  0.092
53455.35  20.605  0.150
53456.35  20.697  0.095
53457.34  20.839  0.118
53458.30  20.714  0.094
53459.32  20.869  0.079
53460.25  20.968  0.096
53464.36  20.989  0.084
53465.36  20.904  0.050
53466.37  20.981  0.058
53467.34  20.959  0.046
53468.31  20.994  0.033
53472.33  21.085  0.040
53474.26  21.048  0.036
53475.30  21.125  0.046
53477.22  21.065  0.043
53478.34  21.189  0.073
53479.35  21.138  0.046
filter Ydw
53418.36  19.316  0.044
53426.39  19.686  0.056
53427.35  19.603  0.051
53427.36  19.686  0.058
53428.40  19.784  0.068
