SN2007so 0.029667 41.929708 13.254111
filter B
54449.19  18.771  0.013
54453.11  19.291  0.035
54457.09  19.624  0.099
54458.07  19.783  0.088
54462.06  19.950  0.031
54464.09  20.067  0.034
54467.12  20.183  0.040
filter g
54449.17  18.337  0.010
54453.09  18.847  0.019
54457.10  19.178  0.048
54458.08  19.277  0.039
54462.07  19.454  0.017
54464.10  19.492  0.016
54467.10  19.586  0.017
54469.04  19.557  0.021
filter i
54449.18  17.471  0.010
54453.10  17.538  0.011
54457.11  17.839  0.016
54458.09  17.922  0.016
54462.08  18.134  0.012
54464.11  18.214  0.013
54467.11  18.392  0.017
54469.05  18.441  0.016
filter H
54454.10  16.920  0.094
54456.14  16.895  0.035
54461.07  17.185  0.085
54461.08  17.180  0.107
54465.16  17.419  0.094
54471.13  17.739  0.127
filter J
54456.10  17.159  0.022
54456.11  17.147  0.021
54461.06  17.408  0.056
54465.14  17.888  0.069
filter r
54449.17  17.488  0.009
54453.09  17.758  0.011
54457.10  18.059  0.018
54458.08  18.158  0.014
54462.07  18.335  0.011
54464.11  18.407  0.011
54467.10  18.494  0.012
54469.05  18.580  0.014
filter u
54449.18  19.789  0.064
54453.10  20.396  0.162
54462.06  20.884  0.111
54464.09  21.143  0.132
filter V
54449.18  17.865  0.011
54453.10  18.211  0.017
54457.08  18.583  0.035
54458.06  18.673  0.031
54462.05  18.804  0.017
54464.08  18.911  0.018
54467.12  18.952  0.017
54469.06  19.043  0.018
filter Y
54454.07  16.824  0.023
54454.07  16.853  0.023
54461.03  17.065  0.020
54461.04  17.059  0.021
54465.11  17.188  0.020
54465.12  17.245  0.022
54471.10  17.441  0.028
54471.11  17.486  0.022
filter Ydw
54456.12  16.779  0.013
54456.12  16.771  0.012
54467.14  17.344  0.012
54467.15  17.326  0.011
54494.03  18.545  0.021
