SN2013M 0.034930 209.986167 -37.863722
filter B
56316.31  17.326  0.022
56317.36  17.146  0.021
56318.39  17.101  0.026
56319.31  17.016  0.025
56320.30  16.947  0.024
56321.29  16.950  0.023
56322.32  16.901  0.023
56323.33  16.865  0.030
56324.36  16.899  0.033
56325.36  16.928  0.027
56326.39  16.996  0.026
56327.35  17.015  0.021
56328.37  17.074  0.021
56329.32  17.137  0.021
56330.33  17.172  0.022
56331.38  17.280  0.022
56336.40  17.820  0.045
56337.33  17.917  0.024
56338.35  18.029  0.027
56339.36  18.212  0.037
56340.33  18.299  0.032
56341.35  18.438  0.025
56342.34  18.520  0.038
56344.37  18.776  0.037
56345.34  18.857  0.043
56346.33  18.964  0.032
56351.35  19.464  0.068
56352.33  19.423  0.063
56354.34  19.573  0.069
56355.32  19.661  0.038
56356.39  19.710  0.069
56357.31  19.746  0.068
56368.38  20.028  0.096
56377.19  20.120  0.079
56398.32  20.403  0.089
filter g
56316.33  17.252  0.013
56317.33  17.117  0.012
56318.35  17.000  0.015
56319.27  16.959  0.016
56320.27  16.885  0.012
56321.25  16.851  0.015
56322.34  16.801  0.021
56322.35  16.813  0.017
56323.30  16.798  0.014
56324.37  16.830  0.009
56325.37  16.812  0.019
56326.36  16.857  0.016
56327.36  16.882  0.015
56328.36  16.958  0.008
56329.33  16.988  0.011
56330.34  17.037  0.010
56331.35  17.107  0.010
56336.38  17.540  0.026
56337.34  17.636  0.016
56338.32  17.761  0.019
56339.33  17.840  0.020
56340.34  17.941  0.021
56341.36  18.081  0.015
56342.34  18.178  0.014
56343.40  18.296  0.020
56344.38  18.401  0.015
56345.35  18.470  0.035
56346.34  18.567  0.027
56351.36  19.045  0.030
56352.35  19.124  0.033
56354.35  19.199  0.036
56355.33  19.293  0.031
56356.37  19.357  0.043
56357.32  19.425  0.036
56360.39  19.533  0.040
56368.35  19.712  0.032
56377.20  19.800  0.047
56388.34  19.977  0.030
56398.34  20.099  0.038
56400.36  20.148  0.041
filter i
56316.35  17.543  0.014
56317.34  17.436  0.014
56318.36  17.359  0.014
56319.28  17.336  0.014
56320.28  17.322  0.014
56321.26  17.316  0.015
56322.36  17.337  0.016
56323.31  17.359  0.017
56324.37  17.383  0.013
56325.38  17.351  0.017
56326.37  17.388  0.015
56327.37  17.382  0.014
56328.34  17.500  0.012
56329.34  17.451  0.015
56330.35  17.520  0.014
56331.36  17.610  0.014
56336.39  17.960  0.022
56337.35  17.959  0.017
56338.33  17.958  0.017
56339.34  17.937  0.020
56340.35  17.881  0.024
56341.37  17.880  0.017
56342.36  17.842  0.016
56344.35  17.841  0.015
56345.36  17.788  0.021
56346.35  17.798  0.019
56351.37  17.764  0.019
56352.36  17.780  0.022
56354.36  17.933  0.023
56355.34  18.058  0.022
56356.38  18.126  0.023
56357.33  18.229  0.023
56360.40  18.409  0.025
56368.36  18.795  0.025
56369.40  18.841  0.026
56377.22  19.170  0.029
56388.35  19.549  0.028
56398.36  19.862  0.036
56400.38  19.918  0.036
filter H
56318.33  17.362  0.076
56327.38  17.754  0.080
56347.30  17.479  0.035
56349.35  17.483  0.076
56350.35  17.477  0.076
56351.37  17.376  0.074
56353.38  17.339  0.076
56354.31  17.604  0.037
filter J
56325.35  17.503  0.011
filter r
56316.34  17.288  0.014
56317.33  17.154  0.013
56318.36  17.055  0.014
56319.28  16.970  0.014
56320.27  16.922  0.014
56321.26  16.859  0.014
56322.36  16.834  0.016
56323.30  16.787  0.018
56324.37  16.780  0.012
56325.37  16.778  0.017
56326.37  16.793  0.014
56327.37  16.813  0.014
56328.36  16.829  0.011
56329.33  16.858  0.015
56330.35  16.894  0.014
56331.36  16.970  0.011
56336.39  17.298  0.020
56337.35  17.341  0.018
56338.32  17.366  0.016
56339.33  17.382  0.019
56340.35  17.395  0.021
56341.36  17.440  0.014
56342.35  17.445  0.016
56342.36  17.426  0.015
56343.41  17.473  0.018
56344.38  17.491  0.015
56345.35  17.474  0.018
56346.35  17.520  0.017
56351.37  17.763  0.016
56352.35  17.805  0.020
56354.36  17.985  0.022
56355.34  18.053  0.018
56356.37  18.145  0.021
56357.33  18.183  0.019
56360.40  18.310  0.025
56368.36  18.595  0.024
56369.39  18.645  0.022
56377.21  18.892  0.031
56388.35  19.251  0.022
56398.35  19.532  0.022
56400.38  19.598  0.025
filter u
56316.35  17.829  0.019
56317.35  17.720  0.019
56318.37  17.665  0.019
56319.29  17.591  0.021
56320.29  17.561  0.020
56321.27  17.505  0.019
56322.37  17.452  0.019
56323.32  17.549  0.018
56324.38  17.585  0.021
56325.38  17.688  0.021
56326.38  17.693  0.020
56327.38  17.807  0.019
56328.35  17.909  0.019
56329.35  17.947  0.018
56330.36  18.089  0.023
56331.37  18.236  0.020
56336.39  19.098  0.048
56337.36  19.016  0.028
56338.33  19.197  0.063
56339.35  19.335  0.033
56340.36  19.513  0.034
56341.38  19.606  0.034
56342.37  19.774  0.078
56344.36  20.039  0.071
56345.36  20.091  0.062
56346.36  20.420  0.113
56351.38  20.561  0.109
56352.37  20.841  0.130
filter V
56316.33  17.332  0.014
56317.36  17.192  0.013
56318.38  17.084  0.021
56319.30  17.009  0.015
56320.30  16.948  0.022
56321.28  16.910  0.021
56322.33  16.868  0.015
56323.33  16.860  0.016
56324.37  16.877  0.012
56325.36  16.859  0.015
56326.39  16.851  0.014
56327.35  16.874  0.015
56328.37  16.902  0.009
56329.32  16.918  0.015
56330.34  16.961  0.013
56331.38  17.001  0.014
56336.40  17.316  0.019
56337.34  17.379  0.016
56338.34  17.456  0.016
56339.35  17.517  0.022
56340.34  17.557  0.023
56341.35  17.624  0.016
56342.34  17.709  0.017
56344.37  17.845  0.026
56345.34  17.877  0.031
56346.34  17.945  0.024
56351.35  18.273  0.026
56352.34  18.335  0.033
56354.34  18.465  0.043
56355.32  18.578  0.033
56356.38  18.608  0.032
56357.32  18.706  0.030
56360.41  18.831  0.029
56368.37  19.144  0.035
56377.19  19.295  0.044
56398.33  19.739  0.057
filter Y
56318.32  17.261  0.011
56319.34  17.239  0.020
56320.33  17.340  0.011
56325.35  17.732  0.012
56326.36  17.746  0.012
56327.37  17.787  0.015
56347.29  17.275  0.017
56348.30  17.182  0.012
56350.34  17.049  0.015
56351.37  17.027  0.015
56353.37  17.008  0.011
56354.30  17.087  0.015
filter Jrc2
56318.35  17.113  0.014
56347.29  18.239  0.030
56348.30  17.975  0.020
56350.34  17.925  0.029
56351.38  17.835  0.023
56353.39  17.811  0.016
56354.32  17.895  0.024
