SN2007ol 0.055870 24.348750 -0.312000
filter r
54409.28  18.483  0.081
54411.18  18.177  0.034
54413.22  18.172  0.033
54417.19  18.151  0.056
54418.22  18.220  0.079
54421.16  18.341  0.033
54422.15  18.454  0.044
filter B
54409.30  18.212  0.019
54411.15  18.174  0.017
54413.20  18.163  0.014
54417.17  18.359  0.015
54418.24  18.399  0.026
54421.18  18.817  0.027
54422.17  18.841  0.027
filter u
54409.29  18.672  0.031
54411.16  18.744  0.043
54411.17  18.800  0.028
54413.21  18.841  0.034
filter g
54409.28  18.138  0.039
54411.17  17.929  0.016
54413.21  17.907  0.039
54417.19  18.137  0.019
54418.21  18.254  0.017
54421.16  18.546  0.016
54422.15  18.587  0.044
filter V
54409.30  18.379  0.038
54411.14  18.151  0.030
54413.19  18.086  0.017
54417.18  18.263  0.056
54418.23  18.308  0.053
54421.18  18.537  0.042
54422.17  18.420  0.053
