SN2013ct 0.003800 18.228833 0.979361
filter B
56435.41  13.665  0.018
56436.42  13.811  0.018
56437.42  13.869  0.020
56438.41  14.002  0.024
56444.42  14.421  0.016
56445.42  14.477  0.019
56448.44  14.662  0.019
56576.09  16.793  0.013
56578.09  16.867  0.013
56585.08  16.997  0.025
56609.11  17.426  0.042
56641.03  17.825  0.039
filter g
56435.41  13.269  0.019
56436.41  13.371  0.020
56437.40  13.430  0.022
56438.42  13.532  0.023
56444.43  13.976  0.019
56445.42  14.054  0.019
56448.43  14.225  0.020
56576.08  16.514  0.023
56578.11  16.569  0.024
56578.11  16.563  0.024
56609.11  17.031  0.024
56641.03  17.467  0.027
filter i
56435.41  13.107  0.011
56436.41  13.091  0.012
56437.41  13.075  0.012
56438.41  13.083  0.011
56438.41  13.075  0.009
56444.43  13.133  0.011
56445.42  13.212  0.010
56448.43  13.411  0.012
56576.07  17.370  0.031
56578.09  17.335  0.031
56578.11  17.430  0.029
56609.12  17.976  0.031
56641.03  18.381  0.038
filter r
56435.41  12.694  0.011
56436.41  12.710  0.012
56437.41  12.738  0.011
56438.41  12.751  0.011
56444.42  13.043  0.011
56445.42  13.111  0.010
56448.43  13.323  0.011
56576.07  17.292  0.026
56578.11  17.404  0.026
56609.11  18.078  0.023
56641.03  18.685  0.036
filter V
56435.41  12.841  0.013
56436.42  12.904  0.013
56437.42  12.927  0.014
56438.41  12.998  0.012
56444.42  13.350  0.011
56445.42  13.418  0.011
56448.44  13.604  0.014
56576.09  16.598  0.023
56578.08  16.598  0.022
56585.07  16.709  0.024
56609.11  17.110  0.020
56641.02  17.589  0.033
