SN2017fgc 0.007722 20.060167 3.402767
filter B
57959.49000  13.793  0.034
57960.49000  13.819  0.065
57962.48000  13.923  0.047
57963.48000  13.960  0.068
57964.49000  14.049  0.058
57965.51000  14.442  0.104
57966.50000  14.417  0.087
57970.48000  14.475  0.067
57972.49000  14.948  0.104
57973.45000  15.002  0.117
57974.50000  14.873  0.128
57975.47000  14.963  0.264
57975.50000  14.991  0.045
57979.52000  15.680  0.132
57980.52000  15.688  0.131
57981.52000  15.660  0.174
57982.53000  16.098  0.205
57993.53000  16.493  0.171
57995.53000  16.755  0.222
57996.54000  16.691  0.276
57998.50000  16.851  0.104
58002.34000  17.062  0.302
58009.53000  16.906  0.139
58010.52000  16.873  0.103
58012.51000  16.748  0.106
58013.50000  16.711  0.065
58014.50000  16.873  0.068
58016.43000  16.752  0.048
58016.48000  16.888  0.093
58018.51000  16.855  0.092
58019.49000  16.991  0.090
58020.51000  16.981  0.094
58022.49000  16.786  0.091
58023.47000  16.976  0.069
58024.46000  16.898  0.078
58025.46000  17.039  0.067
58026.47000  17.040  0.075
58027.49000  17.140  0.135
58028.41000  16.933  0.117
58029.36000  16.937  0.109
58040.39000  16.995  0.121
58042.45000  16.686  0.262
58043.37000  17.129  0.069
58043.44000  17.080  0.087
58044.44000  17.113  0.241
58045.42000  16.979  0.069
58047.43000  17.191  0.119
58048.41000  17.057  0.107
58050.41000  17.052  0.088
58052.42000  17.025  0.175
58054.41000  17.236  0.938
58055.40000  17.064  0.062
58056.37000  17.073  0.078
58068.37000  17.302  0.090
58069.37000  17.384  0.077
58070.35000  17.351  0.079
58078.32000  17.592  0.047
58079.32000  17.425  0.076
58080.32000  17.869  0.233
58096.27000  17.773  0.113
58097.29000  17.895  0.035
58097.29000  17.901  0.069
58098.24000  17.806  0.070
58099.23000  17.681  0.077
58100.18000  17.875  0.070
58102.20000  17.913  0.075
58105.19000  17.636  0.202
58134.11000  18.157  0.170
58154.12000  18.444  0.116
filter Is
57959.49000  13.889  0.031
57960.49000  14.038  0.055
57962.48000  14.085  0.062
57963.48000  14.176  0.055
57964.49000  14.173  0.048
57965.51000  14.122  0.120
57966.50000  14.305  0.069
57970.48000  14.476  0.074
57972.49000  14.639  0.061
57973.45000  14.631  0.073
57974.50000  14.634  0.059
57975.47000  14.634  0.073
57975.50000  14.455  0.036
57979.52000  14.305  0.091
57980.52000  14.268  0.081
57981.52000  14.324  0.065
57993.53000  14.617  0.060
57995.53000  14.622  0.097
57996.54000  14.733  0.122
57998.50000  14.777  0.060
58002.34000  14.958  0.120
58009.53000  15.278  0.056
58010.52000  15.301  0.067
58012.51000  15.475  0.049
58013.50000  15.552  0.053
58014.50000  15.589  0.043
58016.43000  15.525  0.029
58016.48000  15.662  0.046
58018.51000  15.714  0.053
58019.49000  15.725  0.052
58020.51000  15.809  0.060
58022.49000  15.874  0.059
58023.47000  15.896  0.055
58024.46000  15.933  0.054
58026.47000  16.085  0.044
58027.49000  15.943  0.083
58028.41000  16.186  0.055
58029.36000  16.151  0.060
58040.39000  16.571  0.049
58042.45000  16.646  0.046
58043.37000  16.559  0.037
58043.44000  16.750  0.054
58044.44000  16.687  0.102
58045.42000  16.719  0.053
58047.43000  16.811  0.197
58048.41000  16.796  0.060
58050.41000  16.866  0.058
58052.42000  16.902  0.053
58054.41000  16.953  0.048
58055.40000  17.120  0.051
58056.37000  17.157  0.070
58068.37000  17.438  0.076
58069.37000  17.660  0.120
58070.35000  17.650  0.072
58078.32000  17.632  0.051
58079.32000  17.763  0.086
58080.32000  17.561  0.186
58097.29000  18.093  0.067
58097.29000  18.251  0.101
58098.24000  18.281  0.163
58099.23000  18.265  0.109
58100.18000  18.357  0.140
58102.20000  18.265  0.105
58134.11000  18.433  0.336
58154.12000  19.112  0.242
filter Rs
57959.49000  13.522  0.020
57960.49000  13.566  0.048
57962.48000  13.629  0.061
57963.48000  13.672  0.447
57964.49000  13.663  0.069
57965.51000  13.615  0.153
57966.50000  13.836  0.045
57970.48000  14.003  0.050
57972.49000  14.222  0.047
57973.45000  14.268  0.063
57974.50000  14.246  0.056
57975.47000  14.276  0.065
57975.50000  14.176  0.033
57979.52000  14.235  0.068
57980.52000  14.282  0.051
57981.52000  14.228  0.051
57982.53000  14.326  0.100
57993.53000  14.737  0.059
57995.53000  14.839  0.091
57996.54000  14.936  0.102
57998.50000  14.957  0.053
58002.34000  15.184  0.116
58009.53000  15.369  0.048
58010.52000  15.297  0.067
58012.51000  15.485  0.048
58013.50000  15.522  0.054
58014.50000  15.579  0.039
58016.43000  15.473  0.043
58016.48000  15.641  0.042
58018.51000  15.729  0.048
58019.49000  15.721  0.040
58020.51000  15.762  0.049
58022.49000  15.743  0.047
58023.47000  15.819  0.045
58024.46000  15.849  0.045
58025.46000  15.872  0.075
58026.47000  15.934  0.034
58027.49000  15.849  0.075
58028.41000  15.988  0.048
58029.36000  15.946  0.048
58040.39000  16.338  0.035
58042.45000  16.394  0.040
58043.37000  16.373  0.040
58043.44000  16.498  0.045
58044.44000  16.453  0.092
58045.42000  16.529  0.028
58047.43000  16.472  0.058
58048.41000  16.568  0.053
58050.41000  16.623  0.041
58052.42000  16.680  0.040
58054.41000  16.763  0.041
58055.40000  16.806  0.031
58056.37000  16.807  0.032
58068.37000  17.143  0.041
58069.37000  17.325  0.046
58070.35000  17.203  0.039
58078.32000  17.404  0.040
58079.32000  17.422  0.049
58080.32000  17.447  0.114
58096.27000  18.048  0.139
58097.29000  17.962  0.048
58097.29000  18.019  0.054
58098.24000  17.980  0.067
58099.23000  17.988  0.057
58100.18000  18.079  0.061
58102.20000  18.114  0.058
58105.19000  18.065  0.131
58154.12000  19.690  0.315
filter V
57959.49000  13.596  0.030
57960.49000  13.548  0.036
57962.48000  13.527  0.036
57963.48000  13.505  0.050
57964.49000  13.646  0.063
57965.51000  13.518  0.095
57966.50000  13.595  0.054
57970.48000  13.878  0.039
57972.49000  14.024  0.080
57973.45000  13.949  0.062
57974.50000  14.140  0.052
57975.47000  14.209  0.079
57975.50000  14.166  0.035
57979.52000  14.282  0.101
57980.52000  14.346  0.064
57981.52000  14.361  0.053
57982.53000  14.399  0.134
57993.53000  14.984  0.091
57995.53000  15.195  0.104
57996.54000  15.074  0.127
57998.50000  15.293  0.063
58002.34000  15.608  0.124
58009.53000  15.587  0.071
58010.52000  15.567  0.101
58012.51000  15.808  0.062
58013.50000  15.753  0.045
58014.50000  15.721  0.050
58016.43000  15.853  0.058
58016.48000  15.920  0.045
58018.51000  15.880  0.060
58019.49000  15.828  0.051
58020.51000  15.908  0.057
58022.49000  15.996  0.053
58023.47000  15.983  0.048
58024.46000  16.020  0.047
58025.46000  16.071  0.065
58026.47000  16.030  0.047
58027.49000  15.926  0.120
58028.41000  16.009  0.067
58029.36000  16.195  0.061
58040.39000  16.452  0.038
58042.45000  16.394  0.077
58043.37000  16.474  0.029
58043.44000  16.424  0.062
58044.44000  16.715  0.163
58045.42000  16.617  0.033
58047.43000  16.675  0.063
58048.41000  16.571  0.052
58050.41000  16.580  0.049
58052.42000  16.669  0.047
58054.41000  16.782  0.085
58055.40000  16.748  0.036
58056.37000  16.782  0.043
58068.37000  17.090  0.045
58069.37000  17.147  0.046
58070.35000  17.023  0.044
58078.32000  17.263  0.035
58079.32000  17.158  0.049
58080.32000  17.225  0.113
58096.27000  17.706  0.076
58097.29000  17.607  0.034
58097.29000  17.698  0.046
58098.24000  17.543  0.065
58099.23000  17.622  0.050
58100.18000  17.627  0.043
58102.20000  17.723  0.041
58105.19000  17.672  0.096
58134.11000  18.353  0.123
58154.12000  18.660  0.182
