SN2002jg 0.014987 334.870000 29.384583
filter B
52602.500  18.011  0.023
52603.500  17.900  0.045
52604.500  17.707  0.024
52605.500  17.666  0.024
52606.750  17.526  0.018
52607.500  17.479  0.015
52609.500  17.455  0.016
52610.500  17.498  0.016
52611.500  17.531  0.065
52612.500  17.559  0.029
52612.750  17.585  0.013
52613.500  17.712  0.063
52615.500  17.860  0.021
52616.500  17.913  0.024
52618.500  18.171  0.038
52619.750  18.311  0.051
52619.750  18.316  0.052
52640.500  20.039  0.215
filter Is
52602.500  16.496  0.027
52603.500  16.345  0.032
52604.500  16.232  0.018
52605.500  16.143  0.019
52606.750  16.118  0.024
52607.500  16.130  0.015
52609.500  16.205  0.012
52610.500  16.218  0.026
52611.500  16.290  0.022
52612.500  16.304  0.019
52612.750  16.238  0.010
52613.500  16.401  0.101
52615.500  16.491  0.028
52616.500  16.613  0.077
52618.500  16.790  0.056
52619.750  16.752  0.037
52619.750  16.646  0.028
52630.500  16.677  0.033
52646.500  17.709  0.105
52655.500  18.008  0.094
filter Rs
52602.500  16.778  0.023
52603.500  16.653  0.027
52604.500  16.495  0.012
52605.500  16.396  0.015
52606.750  16.352  0.015
52607.500  16.297  0.014
52609.500  16.282  0.011
52610.500  16.273  0.010
52611.500  16.247  0.025
52612.500  16.306  0.011
52612.750  16.318  0.010
52613.500  16.326  0.057
52615.500  16.472  0.016
52616.500  16.533  0.020
52618.500  16.748  0.029
52619.750  16.810  0.023
52619.750  16.825  0.012
52630.500  17.159  0.021
52640.500  17.941  0.023
52646.500  18.235  0.081
52655.500  18.468  0.120
52659.500  18.264  0.216
filter V
52602.500  17.378  0.018
52603.500  17.244  0.027
52604.500  17.097  0.016
52605.500  16.977  0.014
52606.750  16.916  0.012
52607.500  16.847  0.012
52609.500  16.789  0.010
52610.500  16.752  0.013
52612.500  16.799  0.020
52612.750  16.765  0.010
52613.500  16.927  0.072
52615.500  16.884  0.013
52616.500  16.939  0.022
52618.500  17.051  0.020
52619.750  17.151  0.026
52619.750  17.115  0.010
52630.500  17.850  0.037
52640.500  18.571  0.025
52646.500  18.920  0.107
52655.500  19.076  0.190
52659.500  19.148  0.245
