SN2007hj 0.014103 345.449542 15.586500
filter B
54348.27  15.940  0.006
54349.24  15.918  0.007
54351.16  15.957  0.005
54354.18  16.191  0.006
54357.17  16.612  0.006
54359.16  16.943  0.007
54362.12  17.401  0.010
54363.10  17.492  0.011
54364.14  17.650  0.011
54365.16  17.767  0.014
54368.15  18.137  0.058
54376.04  18.744  0.018
54378.19  18.851  0.018
54380.14  18.883  0.018
54382.15  18.963  0.021
54383.12  18.947  0.017
54385.11  19.017  0.023
54392.08  19.123  0.023
54394.13  19.178  0.036
54395.04  19.192  0.043
54400.05  19.155  0.051
54407.08  19.484  0.029
54417.07  19.526  0.026
54421.04  19.661  0.044
54426.08  19.610  0.078
54440.05  19.877  0.023
filter g
54348.24  15.778  0.006
54349.22  15.747  0.007
54351.14  15.758  0.005
54354.19  15.930  0.005
54357.14  16.225  0.005
54359.13  16.493  0.005
54362.13  16.906  0.006
54363.11  17.001  0.007
54364.15  17.163  0.007
54365.17  17.300  0.008
54368.13  17.657  0.016
54375.06  18.218  0.009
54376.05  18.378  0.013
54378.17  18.342  0.011
54380.11  18.428  0.011
54382.12  18.462  0.011
54383.10  18.501  0.012
54385.12  18.569  0.013
54392.06  18.719  0.014
54394.10  18.763  0.019
54395.02  18.808  0.022
54400.06  18.916  0.035
54407.06  18.953  0.018
54417.05  19.133  0.017
54421.02  19.173  0.022
54426.08  19.289  0.058
54440.02  19.405  0.033
filter i
54348.25  15.984  0.008
54349.22  15.992  0.008
54351.15  16.003  0.005
54354.20  16.104  0.006
54357.15  16.319  0.005
54359.14  16.382  0.005
54362.14  16.344  0.005
54363.12  16.278  0.005
54364.16  16.299  0.005
54365.18  16.291  0.005
54368.14  16.378  0.007
54375.07  17.026  0.011
54376.06  17.087  0.007
54378.18  17.222  0.008
54380.12  17.336  0.010
54382.13  17.439  0.010
54383.11  17.504  0.011
54385.13  17.600  0.012
54392.07  17.867  0.016
54394.11  18.005  0.016
54395.03  18.021  0.017
54400.07  18.209  0.023
54407.07  18.483  0.021
54417.04  18.815  0.028
54421.03  18.996  0.025
54426.09  19.119  0.054
54428.02  19.237  0.059
54440.03  19.508  0.033
filter H
54355.22  16.018  0.041
54355.23  16.080  0.038
54358.26  16.126  0.051
54358.27  16.096  0.053
54362.25  16.067  0.049
54362.25  16.042  0.050
54363.07  16.051  0.051
54363.07  16.062  0.050
54364.19  15.998  0.050
54364.19  16.050  0.064
54365.16  15.996  0.050
54365.16  15.962  0.050
54367.18  15.992  0.050
54367.19  16.020  0.064
54369.16  15.999  0.035
54369.17  15.981  0.038
54377.17  16.755  0.070
54377.18  16.565  0.063
54379.16  16.727  0.090
54379.17  16.761  0.094
54381.16  16.819  0.082
54381.17  16.792  0.098
54384.13  17.088  0.079
54384.13  17.074  0.082
54386.09  17.091  0.079
54386.09  17.081  0.079
54387.14  17.136  0.106
54387.15  17.239  0.090
54388.16  17.345  0.151
54388.16  16.998  0.114
54393.07  17.518  0.131
54396.10  17.463  0.140
54396.11  17.429  0.125
54399.09  17.765  0.150
54402.09  17.840  0.169
54428.11  19.590  0.168
filter K
54362.26  16.193  0.053
54362.27  16.149  0.061
54363.08  15.902  0.030
54363.09  15.944  0.031
54364.20  15.993  0.044
54364.21  15.882  0.027
54365.17  15.877  0.025
54365.18  15.870  0.023
54367.19  16.054  0.042
54367.20  15.931  0.024
filter J
54350.32  15.746  0.020
54350.33  15.705  0.018
54355.20  16.410  0.028
54355.22  16.352  0.028
54358.24  16.684  0.039
54358.25  16.732  0.047
54362.18  16.746  0.026
54362.19  16.734  0.025
54363.06  16.716  0.026
54363.06  16.740  0.026
54364.17  16.661  0.033
54364.18  16.648  0.024
54365.15  16.623  0.025
54365.15  16.599  0.024
54367.17  16.512  0.033
54367.17  16.521  0.033
54369.14  16.401  0.024
54369.15  16.473  0.035
54377.15  17.355  0.060
54377.16  17.332  0.055
54379.14  17.548  0.080
54379.15  17.510  0.088
54381.14  17.802  0.121
54381.15  17.687  0.083
54384.11  18.243  0.146
54384.12  18.103  0.135
54386.07  18.200  0.107
54387.14  18.233  0.102
54388.14  18.471  0.189
54388.15  18.151  0.133
54393.06  18.519  0.166
54396.09  18.616  0.198
54428.09  20.383  0.143
filter r
54348.25  15.657  0.005
54349.22  15.617  0.006
54351.15  15.576  0.004
54354.20  15.635  0.004
54357.15  15.828  0.004
54359.14  15.949  0.004
54362.14  16.067  0.004
54363.12  16.069  0.004
54364.15  16.149  0.004
54365.17  16.185  0.005
54368.14  16.384  0.008
54375.06  17.038  0.006
54376.05  17.127  0.005
54378.18  17.241  0.007
54380.12  17.329  0.010
54382.13  17.417  0.007
54383.10  17.466  0.008
54385.13  17.551  0.008
54392.07  17.812  0.013
54394.11  17.890  0.012
54395.02  17.922  0.013
54400.07  18.128  0.017
54407.07  18.374  0.012
54417.05  18.726  0.015
54421.03  18.932  0.020
54426.09  19.064  0.046
54428.04  19.104  0.062
54440.03  19.605  0.024
filter u
54348.26  16.826  0.017
54349.23  16.876  0.018
54351.15  17.035  0.017
54354.19  17.385  0.017
54357.16  17.820  0.025
54359.15  18.203  0.027
54362.13  18.771  0.036
54363.10  18.904  0.039
54364.14  18.962  0.047
54365.16  19.093  0.058
54375.08  19.807  0.078
54376.07  19.813  0.063
54380.13  20.025  0.093
filter V
54348.26  15.761  0.006
54349.23  15.722  0.006
54351.16  15.681  0.005
54354.17  15.733  0.005
54357.16  15.917  0.004
54359.15  16.086  0.006
54362.11  16.343  0.006
54363.09  16.397  0.006
54364.13  16.501  0.006
54365.15  16.589  0.007
54368.15  16.854  0.011
54375.05  17.499  0.009
54376.04  17.536  0.010
54378.19  17.657  0.009
54380.13  17.734  0.010
54382.14  17.806  0.009
54383.12  17.847  0.010
54385.10  17.907  0.012
54392.08  18.136  0.015
54394.12  18.166  0.016
54395.04  18.169  0.019
54400.04  18.360  0.029
54407.08  18.542  0.015
54417.06  18.835  0.017
54421.04  18.934  0.024
54426.08  19.003  0.056
54428.05  19.011  0.080
filter Y
54350.30  15.824  0.017
54350.31  15.854  0.017
54355.18  16.071  0.014
54355.19  16.091  0.015
54358.23  16.104  0.014
54358.24  16.138  0.017
54369.12  15.625  0.014
54369.13  15.626  0.014
54377.14  16.139  0.017
54377.14  16.165  0.017
54379.12  16.280  0.017
54379.13  16.271  0.017
54381.12  16.412  0.021
54381.13  16.361  0.019
54384.09  16.595  0.021
54384.10  16.581  0.021
54386.05  16.693  0.020
54386.06  16.678  0.022
54387.11  16.791  0.023
54387.12  16.779  0.021
54388.12  16.886  0.028
54388.13  16.854  0.027
54393.04  17.106  0.025
54393.05  17.108  0.028
54396.06  17.350  0.036
54396.07  17.281  0.040
54399.06  17.466  0.028
54399.07  17.473  0.032
54402.05  17.586  0.042
54402.06  17.624  0.041
54412.01  18.053  0.051
54412.02  18.022  0.044
54416.05  18.283  0.073
54416.06  18.246  0.057
filter Ydw
54362.23  16.044  0.017
54362.24  16.046  0.017
54363.04  15.989  0.018
54363.05  15.988  0.018
54364.16  15.907  0.016
54364.16  15.915  0.023
54365.13  15.840  0.016
54365.14  15.851  0.016
54367.15  15.716  0.016
54367.16  15.736  0.016
54425.09  18.822  0.036
54425.10  18.731  0.034
54428.07  18.797  0.029
54428.08  18.758  0.031
