SN2011jh 0.007783 191.810083 -10.063139
filter B
55922.32  16.147  0.011
55923.29  15.914  0.012
55924.30  15.704  0.011
55925.51  15.553  0.011
55926.29  15.431  0.010
55927.33  15.236  0.020
55928.30  15.240  0.019
55931.28  15.174  0.021
55932.29  15.206  0.019
55934.29  15.379  0.020
55935.31  15.470  0.015
55936.29  15.596  0.023
55937.25  15.645  0.011
55938.27  15.752  0.012
55939.26  15.858  0.013
55940.25  15.985  0.012
55941.26  16.107  0.013
55942.26  16.256  0.012
55943.26  16.378  0.013
55945.34  16.591  0.018
55949.25  17.118  0.012
55953.34  17.506  0.014
55955.23  17.694  0.013
55956.26  17.752  0.014
55958.26  17.913  0.014
55959.25  17.988  0.015
55960.23  18.000  0.021
55961.21  18.062  0.023
55962.32  18.102  0.016
55963.30  18.155  0.019
55964.26  18.198  0.025
55965.33  18.239  0.021
55966.36  18.287  0.026
55967.32  18.286  0.021
55971.21  18.423  0.017
55974.32  18.417  0.018
55979.34  18.536  0.017
55981.33  18.579  0.018
55986.33  18.627  0.020
55987.34  18.687  0.018
55988.30  18.679  0.017
55990.31  18.712  0.019
55992.28  18.713  0.028
55998.32  18.863  0.025
56001.21  18.853  0.021
56002.21  18.864  0.019
56003.26  18.920  0.020
56005.32  18.918  0.018
56007.33  18.938  0.016
56011.34  19.035  0.024
56014.31  19.028  0.021
56025.16  19.184  0.050
56028.14  19.263  0.030
56034.16  19.345  0.026
56049.09  19.524  0.037
56056.04  19.730  0.033
filter g
55922.34  15.931  0.009
55923.32  15.716  0.009
55924.32  15.505  0.009
55925.55  15.357  0.009
55926.32  15.243  0.009
55927.30  15.106  0.016
55928.31  15.089  0.010
55931.29  15.011  0.010
55932.30  14.976  0.016
55934.33  15.136  0.010
55935.32  15.194  0.012
55936.29  15.246  0.012
55937.27  15.306  0.009
55939.28  15.459  0.009
55940.27  15.548  0.009
55941.28  15.642  0.010
55942.29  15.748  0.009
55943.28  15.857  0.010
55945.31  16.048  0.009
55949.27  16.494  0.009
55953.32  16.907  0.012
55955.26  17.097  0.011
55956.28  17.168  0.011
55958.23  17.331  0.010
55959.28  17.405  0.011
55960.24  17.473  0.011
55961.22  17.525  0.011
55962.29  17.559  0.011
55963.27  17.630  0.011
55964.23  17.677  0.013
55965.36  17.705  0.014
55966.39  17.731  0.015
55967.34  17.762  0.015
55971.22  17.850  0.012
55974.29  17.919  0.011
55979.32  18.026  0.012
55986.36  18.145  0.013
55987.30  18.162  0.011
55988.33  18.170  0.014
55990.28  18.212  0.012
55992.29  18.233  0.016
55998.33  18.332  0.016
56001.22  18.366  0.013
56002.24  18.403  0.011
56003.28  18.412  0.011
56005.33  18.448  0.011
56007.30  18.462  0.012
56011.35  18.548  0.015
56014.33  18.615  0.013
56022.16  18.660  0.057
56025.14  18.774  0.028
56028.12  18.843  0.016
56034.18  18.914  0.017
56049.11  19.192  0.021
56056.05  19.294  0.021
filter i
55922.32  15.672  0.010
55923.30  15.399  0.010
55924.30  15.210  0.008
55925.51  15.077  0.008
55926.30  14.996  0.008
55927.31  14.945  0.010
55931.29  15.091  0.008
55932.30  15.069  0.011
55934.33  15.169  0.010
55935.32  15.219  0.012
55936.35  15.292  0.009
55937.26  15.380  0.008
55938.27  15.483  0.010
55939.26  15.577  0.011
55940.26  15.643  0.011
55941.27  15.691  0.009
55942.27  15.717  0.008
55943.27  15.699  0.010
55945.32  15.667  0.010
55949.28  15.558  0.008
55953.34  15.546  0.008
55955.24  15.593  0.009
55956.27  15.672  0.011
55958.25  15.844  0.010
55959.26  15.945  0.010
55960.26  16.040  0.011
55961.23  16.105  0.009
55962.31  16.179  0.011
55963.28  16.255  0.008
55964.24  16.300  0.010
55965.34  16.372  0.011
55966.37  16.430  0.009
55967.33  16.481  0.013
55971.23  16.663  0.014
55974.30  16.804  0.010
55979.34  17.027  0.013
55981.34  17.105  0.013
55986.34  17.321  0.015
55987.33  17.328  0.012
55988.31  17.400  0.012
55990.31  17.451  0.012
55992.30  17.534  0.014
55998.33  17.778  0.017
56001.21  17.863  0.018
56002.22  17.917  0.014
56003.27  17.949  0.014
56005.32  18.022  0.017
56007.31  18.095  0.013
56011.36  18.204  0.019
56014.32  18.315  0.018
56022.19  18.635  0.054
56025.15  18.644  0.029
56028.13  18.739  0.022
56034.17  18.935  0.027
56049.10  19.282  0.033
56056.06  19.441  0.035
filter H
55927.31  14.525  0.021
55927.31  14.479  0.017
55929.30  14.557  0.016
55932.27  14.834  0.059
55933.27  14.889  0.059
56029.07  18.430  0.088
filter r
55922.33  15.518  0.010
55923.30  15.284  0.007
55924.31  15.101  0.008
55925.52  14.954  0.007
55926.30  14.840  0.007
55927.30  14.753  0.008
55928.31  14.727  0.007
55931.29  14.622  0.009
55932.30  14.622  0.011
55934.33  14.699  0.011
55935.32  14.752  0.009
55936.30  14.889  0.018
55940.26  15.099  0.008
55941.27  15.182  0.008
55942.27  15.231  0.007
55943.28  15.254  0.009
55945.32  15.323  0.007
55949.27  15.393  0.007
55953.33  15.580  0.008
55955.25  15.688  0.010
55956.27  15.793  0.008
55958.25  15.976  0.007
55959.26  16.045  0.008
55960.26  16.136  0.009
55961.23  16.207  0.008
55962.31  16.272  0.008
55963.27  16.329  0.007
55964.24  16.372  0.007
55965.35  16.434  0.009
55966.37  16.482  0.007
55967.33  16.515  0.011
55971.22  16.673  0.011
55974.29  16.795  0.009
55979.33  16.979  0.010
55981.36  17.049  0.009
55986.34  17.219  0.012
55987.32  17.259  0.009
55988.31  17.290  0.009
55990.30  17.375  0.011
55992.29  17.415  0.009
55998.33  17.666  0.013
56001.22  17.755  0.014
56002.23  17.790  0.009
56003.27  17.811  0.010
56005.33  17.893  0.011
56007.30  17.979  0.010
56011.35  18.111  0.012
56014.33  18.201  0.014
56022.18  18.445  0.061
56025.14  18.584  0.025
56028.12  18.688  0.017
56034.18  18.829  0.020
56049.10  19.302  0.027
56056.06  19.499  0.029
filter u
55922.33  17.171  0.017
55923.31  16.890  0.018
55924.31  16.661  0.016
55925.54  16.510  0.015
55926.31  16.340  0.015
55927.32  16.294  0.020
55931.30  16.275  0.020
55932.29  16.305  0.021
55934.34  16.534  0.018
55936.30  16.783  0.027
55937.27  16.860  0.021
55938.29  16.994  0.018
55939.28  17.121  0.019
55940.27  17.276  0.019
55941.28  17.416  0.021
55942.28  17.559  0.021
55943.29  17.718  0.018
55945.33  18.007  0.021
55949.27  18.563  0.024
55953.32  18.954  0.036
55955.25  19.102  0.030
55956.28  19.175  0.028
55958.24  19.265  0.030
55959.27  19.342  0.031
55960.25  19.414  0.034
55961.24  19.458  0.049
55962.30  19.502  0.029
55963.29  19.520  0.058
55964.25  19.556  0.081
55965.35  19.639  0.081
55966.38  19.780  0.083
55967.34  19.664  0.065
55971.23  19.846  0.048
55974.31  19.816  0.034
55979.33  20.079  0.046
55981.37  19.808  0.109
55986.35  20.147  0.045
55987.32  20.141  0.051
55988.32  20.177  0.048
55990.30  20.222  0.052
55992.31  20.221  0.060
55998.34  20.285  0.082
filter V
55922.31  15.783  0.009
55923.29  15.570  0.010
55924.29  15.373  0.009
55925.50  15.223  0.009
55926.29  15.102  0.009
55927.32  14.982  0.016
55928.29  14.957  0.014
55931.28  14.827  0.014
55932.31  14.821  0.018
55934.28  14.865  0.013
55935.31  14.908  0.011
55936.29  14.941  0.018
55937.24  14.994  0.009
55938.26  15.056  0.011
55939.25  15.120  0.011
55940.24  15.182  0.011
55941.25  15.251  0.009
55942.26  15.328  0.009
55943.27  15.412  0.011
55945.34  15.548  0.013
55949.25  15.797  0.009
55953.35  16.078  0.009
55955.23  16.249  0.010
55956.25  16.323  0.012
55958.27  16.506  0.011
55959.24  16.584  0.011
55960.23  16.662  0.015
55961.22  16.711  0.014
55962.32  16.747  0.013
55963.29  16.822  0.011
55964.26  16.830  0.012
55965.33  16.897  0.012
55966.36  16.953  0.011
55967.31  16.977  0.012
55971.21  17.109  0.012
55974.31  17.202  0.013
55979.35  17.354  0.014
55981.33  17.392  0.014
55986.33  17.539  0.019
55987.34  17.575  0.014
55988.30  17.600  0.013
55990.32  17.647  0.014
55992.27  17.701  0.014
55998.31  17.842  0.015
56001.20  17.947  0.015
56002.20  17.945  0.013
56003.26  18.017  0.014
56005.31  18.016  0.014
56007.32  18.117  0.013
56011.34  18.278  0.016
56014.31  18.270  0.016
56025.16  18.533  0.023
56028.13  18.658  0.020
56034.15  18.755  0.019
56049.08  19.118  0.026
56056.04  19.222  0.027
filter Y
55927.28  14.550  0.014
55928.28  14.586  0.015
55929.28  14.631  0.014
55932.26  14.914  0.015
55933.26  14.949  0.016
56022.18  17.846  0.023
56029.06  17.999  0.026
filter Jrc2
55927.33  14.405  0.016
55929.31  14.466  0.016
55932.29  14.719  0.017
55933.29  14.780  0.017
56022.23  19.384  0.068
56029.08  19.843  0.088
