SN2007on 0.006490 54.712083 -35.575000
filter B
54411.29  14.174  0.007
54413.32  13.655  0.016
54418.25  13.136  0.006
54421.23  13.095  0.004
54422.23  13.152  0.006
54422.23  13.161  0.006
54426.16  13.588  0.006
54427.18  13.752  0.009
54428.22  13.948  0.006
54429.19  14.091  0.006
54430.18  14.278  0.006
54443.22  15.675  0.007
54445.23  15.765  0.007
54449.20  15.931  0.009
54453.15  16.067  0.009
54455.12  16.107  0.009
54457.12  16.180  0.010
54458.19  16.196  0.010
54462.22  16.311  0.009
54467.13  16.424  0.009
54468.14  16.450  0.010
54470.10  16.469  0.011
54472.12  16.537  0.012
54475.12  16.569  0.011
54476.14  16.608  0.011
54484.09  16.720  0.013
54488.08  16.844  0.014
54490.07  16.869  0.010
54494.11  16.932  0.009
54497.12  16.987  0.013
54499.10  17.026  0.016
54508.10  17.203  0.013
filter g
54413.32  13.584  0.016
54417.22  13.085  0.006
54418.24  13.009  0.007
54422.22  13.002  0.006
54426.16  13.313  0.005
54429.19  13.734  0.005
54430.17  13.833  0.006
54435.16  14.541  0.007
54443.23  15.269  0.005
54447.16  15.443  0.008
54449.19  15.536  0.008
54457.13  15.766  0.008
54470.09  16.090  0.009
54475.11  16.199  0.007
54490.08  16.485  0.007
54499.10  16.682  0.009
54508.11  16.896  0.009
filter i
54411.30  14.330  0.010
54413.33  13.805  0.017
54417.21  13.368  0.013
54423.20  13.564  0.013
54426.16  13.706  0.013
54430.17  13.737  0.013
54435.16  13.740  0.013
54447.16  14.673  0.012
54453.14  15.005  0.011
54455.12  15.109  0.011
54456.17  15.147  0.011
54457.13  15.203  0.011
54458.20  15.243  0.011
54462.23  15.411  0.011
54467.13  15.626  0.011
54468.14  15.665  0.013
54470.09  15.758  0.014
54472.11  15.822  0.016
54475.11  15.948  0.012
54484.09  16.272  0.014
54497.11  16.699  0.014
54499.10  16.750  0.014
54508.11  17.021  0.014
filter H
54410.25  14.273  0.017
54410.25  14.259  0.016
54412.25  13.742  0.014
54412.26  13.737  0.009
54421.22  13.365  0.046
54421.23  13.345  0.046
54424.24  13.473  0.011
54424.25  13.456  0.013
54426.30  13.542  0.046
54426.31  13.528  0.046
54427.24  13.535  0.046
54427.25  13.527  0.046
54428.24  13.517  0.046
54428.25  13.539  0.046
54431.26  13.434  0.012
54431.27  13.451  0.009
54432.20  13.391  0.014
54432.21  13.411  0.012
54437.24  13.425  0.012
54437.25  13.431  0.008
54439.21  13.542  0.015
54439.22  13.559  0.008
54442.24  13.840  0.013
54442.25  13.851  0.010
54444.31  14.026  0.013
54444.32  14.021  0.013
54446.21  14.179  0.015
54446.22  14.186  0.013
54448.18  14.300  0.014
54448.19  14.331  0.010
54454.17  14.678  0.016
54454.18  14.682  0.014
54456.15  14.786  0.046
54457.24  14.845  0.046
54457.25  14.883  0.047
54461.21  15.014  0.013
54461.22  15.053  0.011
54463.17  15.134  0.014
54463.18  15.178  0.013
54468.17  15.431  0.046
54468.18  15.430  0.046
54471.18  15.540  0.018
54471.19  15.542  0.022
54477.14  15.872  0.021
54477.15  15.874  0.024
54485.16  16.338  0.031
54485.17  16.323  0.035
54491.12  16.656  0.035
54491.13  16.623  0.044
filter K
54421.20  13.312  0.025
54421.21  13.303  0.025
54426.32  13.538  0.025
54426.32  13.532  0.025
54427.25  13.536  0.025
54427.26  13.541  0.025
54428.25  13.638  0.026
54428.26  13.536  0.025
54456.19  14.998  0.027
54456.20  14.970  0.026
54457.26  15.011  0.026
54457.26  15.020  0.026
54468.18  15.494  0.026
54468.19  15.609  0.026
filter J
54410.23  14.353  0.016
54410.24  14.312  0.021
54412.23  13.739  0.010
54412.24  13.723  0.014
54415.26  13.217  0.011
54415.26  13.216  0.014
54421.23  13.304  0.041
54421.24  13.312  0.041
54423.27  13.533  0.040
54424.21  13.627  0.013
54424.29  13.649  0.013
54425.28  13.850  0.040
54425.28  13.890  0.042
54426.29  13.989  0.041
54426.30  14.016  0.041
54427.23  14.125  0.041
54427.23  14.125  0.041
54428.23  14.220  0.040
54428.23  14.207  0.040
54431.23  14.229  0.014
54431.24  14.243  0.014
54432.18  14.239  0.016
54432.19  14.232  0.015
54437.22  14.040  0.011
54437.23  14.035  0.014
54439.20  14.062  0.012
54439.20  14.065  0.015
54442.22  14.429  0.015
54442.23  14.442  0.015
54444.29  14.712  0.012
54444.30  14.725  0.011
54446.19  14.928  0.015
54446.20  14.922  0.016
54448.17  15.141  0.013
54448.17  15.149  0.014
54454.16  15.733  0.015
54454.17  15.690  0.021
54461.19  16.315  0.020
54461.20  16.299  0.021
54463.16  16.449  0.017
54463.17  16.491  0.019
54471.16  16.952  0.025
54471.17  17.063  0.033
54477.12  17.497  0.051
54477.13  17.545  0.051
54485.14  17.972  0.081
54485.15  18.049  0.078
54491.10  18.146  0.093
54491.11  18.313  0.103
filter r
54411.30  14.176  0.008
54413.32  13.633  0.016
54422.22  12.954  0.007
54422.22  12.950  0.006
54425.23  13.100  0.004
54426.16  13.149  0.006
54427.18  13.201  0.008
54429.19  13.365  0.005
54435.16  13.640  0.007
54440.19  14.094  0.007
54443.23  14.411  0.005
54445.24  14.528  0.006
54449.20  14.768  0.009
54453.14  14.963  0.007
54455.12  15.052  0.008
54456.17  15.097  0.006
54457.13  15.132  0.007
54458.20  15.202  0.008
54467.13  15.552  0.007
54468.13  15.587  0.008
54470.09  15.683  0.012
54476.15  15.917  0.010
54488.07  16.399  0.010
54490.08  16.477  0.009
54494.13  16.639  0.009
54499.10  16.841  0.009
54508.11  17.212  0.012
filter u
54411.29  14.466  0.009
54413.32  13.971  0.017
54417.22  13.661  0.014
54417.22  13.652  0.009
54421.22  13.935  0.009
54422.23  14.009  0.014
54422.23  14.043  0.014
54423.24  14.217  0.011
54425.23  14.492  0.010
54428.22  15.102  0.024
54430.17  15.498  0.023
54435.17  16.207  0.027
54440.19  16.625  0.023
54445.23  16.837  0.017
54447.15  16.915  0.027
54449.20  17.052  0.030
54453.14  17.119  0.033
54455.12  17.209  0.036
54456.17  17.225  0.041
54457.13  17.236  0.028
54458.19  17.292  0.032
54462.23  17.409  0.025
54467.13  17.577  0.038
54468.14  17.653  0.039
54470.09  17.628  0.039
54472.11  17.711  0.040
54475.11  17.791  0.049
54476.14  17.790  0.026
54484.09  18.048  0.078
54488.08  18.219  0.086
54490.08  18.232  0.030
54494.12  18.344  0.023
54497.11  18.408  0.083
54499.10  18.468  0.103
54508.11  18.841  0.065
filter V
54411.28  14.173  0.006
54413.31  13.650  0.016
54417.22  13.128  0.006
54418.25  13.058  0.008
54422.23  12.956  0.005
54422.23  12.957  0.006
54423.24  13.020  0.008
54426.16  13.118  0.006
54428.22  13.164  0.009
54435.17  13.956  0.008
54443.22  14.690  0.005
54445.22  14.813  0.006
54449.20  14.986  0.009
54453.14  15.154  0.008
54455.12  15.230  0.007
54458.18  15.335  0.009
54462.22  15.465  0.007
54468.14  15.651  0.011
54484.09  16.103  0.010
54488.08  16.231  0.010
54494.11  16.396  0.009
54497.12  16.500  0.009
54499.10  16.557  0.019
54508.10  16.817  0.011
filter Y
54410.21  14.419  0.018
54410.22  14.450  0.017
54412.21  13.835  0.017
54412.22  13.850  0.013
54415.24  13.324  0.014
54415.25  13.331  0.013
54424.23  13.572  0.012
54424.27  13.589  0.014
54431.21  13.534  0.014
54431.22  13.524  0.013
54432.16  13.483  0.012
54432.17  13.475  0.016
54437.20  13.185  0.012
54437.21  13.252  0.014
54439.18  13.181  0.017
54439.19  13.210  0.016
54442.20  13.400  0.017
54442.21  13.417  0.018
54444.28  13.562  0.007
54444.29  13.563  0.008
54446.17  13.719  0.013
54446.18  13.762  0.016
54448.15  13.839  0.011
54448.16  13.841  0.008
54454.14  14.237  0.013
54454.15  14.255  0.013
54461.17  14.689  0.010
54461.18  14.700  0.012
54463.14  14.826  0.013
54463.15  14.844  0.014
54471.15  15.270  0.012
54471.16  15.303  0.015
54477.10  15.574  0.010
54477.11  15.581  0.010
54485.13  15.927  0.013
54485.13  15.919  0.013
54491.08  16.140  0.011
54491.09  16.166  0.013
filter Ydw
54421.29  13.435  0.026
54421.30  13.438  0.027
54422.34  13.481  0.025
54422.35  13.511  0.026
54423.25  13.546  0.026
54423.26  13.559  0.027
54425.27  13.672  0.025
54425.27  13.672  0.025
54426.28  13.696  0.026
54426.28  13.720  0.026
54427.21  13.704  0.026
54427.22  13.676  0.026
54428.21  13.684  0.025
54428.22  13.710  0.026
54456.17  14.388  0.026
54457.21  14.459  0.026
54457.22  14.482  0.026
54468.16  15.142  0.027
54468.17  15.138  0.026
