SN2008bd 0.030083 154.597167 -13.103111
filter B
54542.09  19.790  0.058
54543.15  20.035  0.067
54547.19  20.443  0.131
54549.18  20.516  0.097
54551.14  20.632  0.094
54552.26  20.965  0.141
54560.15  21.035  0.089
54564.18  21.206  0.089
54568.22  21.055  0.107
54580.07  21.610  0.187
54592.11  21.923  0.143
filter g
54541.21  19.173  0.021
54542.11  19.273  0.023
54547.17  19.762  0.054
54548.17  19.873  0.075
54549.15  20.015  0.048
54551.15  20.161  0.043
54552.27  20.280  0.068
54558.12  20.486  0.044
54560.13  20.677  0.053
54564.16  20.852  0.062
filter i
54541.20  18.337  0.044
54542.12  18.191  0.017
54543.14  18.266  0.018
54547.18  18.403  0.027
54548.18  18.468  0.024
54549.16  18.604  0.023
54551.16  18.929  0.045
54552.28  18.922  0.026
54560.14  19.460  0.041
54564.17  19.695  0.041
54570.11  20.076  0.073
54575.16  20.189  0.085
54576.11  20.269  0.079
54580.09  20.343  0.071
54589.09  20.749  0.115
54592.13  20.834  0.121
filter H
54546.25  17.617  0.101
filter J
54550.23  17.898  0.072
filter r
54541.20  18.089  0.014
54542.11  18.166  0.014
54543.14  18.243  0.016
54547.17  18.617  0.025
54548.17  18.672  0.023
54549.16  18.743  0.019
54551.15  18.958  0.021
54552.27  19.042  0.022
54570.10  20.070  0.044
filter V
54542.09  18.610  0.023
54543.15  18.720  0.024
54547.18  19.073  0.038
54548.19  19.089  0.049
54549.17  19.404  0.046
54551.13  19.505  0.039
54560.14  19.906  0.042
54568.21  20.154  0.052
54570.12  20.064  0.076
54576.12  20.375  0.116
filter Y
54546.22  17.663  0.039
54546.23  17.699  0.033
54550.21  17.760  0.045
54550.22  17.841  0.043
54559.17  18.309  0.053
54559.18  18.404  0.051
filter Ydw
54599.05  20.204  0.065
54607.15  20.419  0.097
