SN2006br 0.024573 202.507500 13.415778
filter i
53858.18  18.122  0.035
53861.18  18.579  0.018
53862.15  18.672  0.022
53866.14  18.729  0.022
53867.18  18.720  0.028
53870.21  18.535  0.025
53871.16  18.489  0.019
53872.19  18.471  0.017
53890.11  19.360  0.033
53891.16  19.424  0.049
filter H
53855.17  17.535  0.120
53855.18  17.584  0.171
53868.21  17.530  0.119
53868.23  17.460  0.124
filter J
53855.16  17.484  0.077
53855.16  17.433  0.050
53859.18  17.848  0.091
53859.19  17.859  0.096
53863.16  18.687  0.136
53864.20  18.494  0.128
53864.22  18.782  0.162
53868.18  18.759  0.183
53868.20  18.930  0.192
filter r
53858.17  17.911  0.018
53861.17  18.215  0.012
53862.14  18.297  0.013
53866.14  18.471  0.016
53867.18  18.478  0.022
53870.20  18.536  0.021
53871.16  18.523  0.015
53872.18  18.514  0.021
53890.11  19.566  0.026
53891.16  19.573  0.038
filter V
53858.20  18.385  0.019
53861.18  18.541  0.017
53862.15  18.605  0.017
53866.15  18.831  0.028
53867.19  18.977  0.042
53870.21  19.040  0.045
53871.17  19.149  0.028
53872.19  19.201  0.029
filter Y
53859.16  17.859  0.071
53859.17  17.915  0.084
53863.15  17.992  0.056
53863.16  18.156  0.080
53864.19  17.997  0.056
53864.20  18.175  0.077
53868.16  17.885  0.047
