SN2005gj 0.061600 45.299792 -0.553861
filter B
53698.21  18.253  0.015
53699.18  18.274  0.017
53702.19  18.349  0.015
53706.18  18.429  0.016
53712.16  18.466  0.062
53720.17  18.753  0.043
53725.17  18.789  0.022
53728.20  18.873  0.021
53736.13  19.009  0.022
53740.15  19.047  0.025
53741.11  19.102  0.031
53746.13  19.115  0.054
53754.10  19.121  0.027
53761.15  19.188  0.035
53763.07  19.279  0.032
53764.09  19.279  0.030
53765.07  19.265  0.035
53768.09  19.256  0.037
53773.06  19.338  0.038
53774.07  19.236  0.053
53783.06  19.432  0.037
53786.02  19.473  0.023
53795.04  19.507  0.038
filter g
53698.19  17.908  0.009
53699.17  17.936  0.011
53702.17  17.981  0.010
53706.20  18.049  0.012
53712.14  18.167  0.014
53720.15  18.309  0.024
53725.15  18.397  0.013
53728.21  18.459  0.014
53736.12  18.579  0.013
53740.14  18.632  0.014
53741.09  18.659  0.015
53746.11  18.669  0.025
53754.08  18.789  0.016
53761.14  18.864  0.016
53763.06  18.859  0.016
53764.08  18.884  0.016
53765.06  18.890  0.016
53768.10  18.917  0.018
53773.05  18.914  0.025
53774.06  18.964  0.031
53783.05  19.051  0.018
53786.03  19.043  0.013
53795.05  19.127  0.018
filter i
53698.20  17.122  0.010
53699.17  17.122  0.011
53702.18  17.148  0.010
53706.20  17.189  0.013
53712.15  17.264  0.012
53720.16  17.376  0.015
53725.15  17.428  0.012
53728.21  17.467  0.015
53736.12  17.606  0.014
53740.14  17.657  0.012
53741.10  17.670  0.015
53746.12  17.740  0.016
53754.09  17.820  0.014
53761.15  17.928  0.017
53763.07  17.982  0.016
53764.09  17.970  0.016
53765.06  17.993  0.015
53768.11  17.983  0.020
53773.06  18.062  0.020
53774.07  18.096  0.021
53783.05  18.127  0.020
53786.04  18.201  0.019
53795.05  18.234  0.030
filter H
53700.18  16.371  0.032
53700.19  16.461  0.035
53704.15  16.567  0.053
53704.16  16.494  0.049
53709.19  16.399  0.039
53709.20  16.491  0.045
53714.11  16.482  0.042
53714.12  16.584  0.040
53718.16  16.535  0.045
53718.17  16.609  0.068
53722.13  16.592  0.037
53722.14  16.628  0.037
53750.12  17.006  0.028
53750.13  17.032  0.029
53756.12  17.098  0.029
53756.12  17.104  0.033
53776.05  17.529  0.122
53776.06  17.300  0.097
53777.06  17.476  0.136
53785.04  17.689  0.063
53785.05  17.448  0.055
53788.05  17.577  0.035
53788.05  17.581  0.035
53797.02  17.723  0.186
53964.37  19.839  0.122
filter K
53722.17  17.342  0.077
filter J
53700.17  16.577  0.023
53700.18  16.660  0.030
53704.13  16.667  0.028
53704.14  16.697  0.034
53709.16  16.615  0.026
53709.17  16.692  0.026
53714.08  16.692  0.030
53714.08  16.741  0.030
53718.15  16.762  0.028
53718.15  16.809  0.032
53722.11  16.856  0.016
53722.12  16.802  0.015
53724.17  16.839  0.038
53724.18  16.846  0.041
53727.19  16.933  0.056
53727.19  16.895  0.050
53732.21  17.031  0.042
53732.21  16.931  0.033
53750.10  17.314  0.018
53750.11  17.348  0.017
53756.09  17.389  0.017
53756.09  17.430  0.019
53773.07  17.656  0.022
53776.03  17.513  0.071
53776.04  17.800  0.093
53777.04  17.730  0.074
53782.04  17.560  0.077
53785.03  17.888  0.038
53785.03  17.855  0.039
53788.03  17.754  0.019
53788.04  17.697  0.019
53797.01  17.992  0.137
53808.01  17.752  0.090
54015.20  19.666  0.114
filter r
53698.20  17.261  0.008
53699.17  17.277  0.010
53702.18  17.300  0.008
53706.20  17.366  0.011
53712.15  17.438  0.011
53720.16  17.558  0.012
53725.15  17.617  0.010
53728.21  17.672  0.012
53736.12  17.808  0.011
53740.14  17.878  0.013
53741.10  17.889  0.011
53746.12  17.941  0.015
53754.09  18.041  0.012
53761.14  18.126  0.013
53763.07  18.125  0.012
53764.08  18.168  0.015
53765.06  18.187  0.014
53768.10  18.228  0.014
53773.05  18.252  0.017
53774.06  18.232  0.016
53783.05  18.323  0.016
53786.03  18.371  0.013
53795.05  18.436  0.020
filter u
53698.20  19.102  0.040
53699.18  19.128  0.040
53702.18  19.239  0.040
53706.19  19.245  0.039
53712.15  19.586  0.058
53720.16  19.681  0.128
53725.15  19.900  0.076
53728.20  19.849  0.097
53736.13  20.061  0.082
53740.15  20.139  0.085
53741.10  20.143  0.097
53754.09  20.436  0.137
filter V
53698.21  17.552  0.010
53699.18  17.559  0.013
53702.20  17.613  0.012
53706.18  17.682  0.013
53712.16  17.764  0.012
53720.17  17.885  0.019
53725.16  17.971  0.014
53728.19  18.024  0.014
53736.13  18.141  0.014
53740.15  18.197  0.015
53741.11  18.225  0.017
53746.13  18.235  0.020
53754.10  18.333  0.018
53761.15  18.415  0.020
53763.07  18.425  0.019
53764.09  18.454  0.018
53765.07  18.471  0.017
53765.07  18.465  0.016
53768.09  18.495  0.020
53773.04  18.611  0.026
53774.07  18.573  0.031
53783.06  18.616  0.022
53786.02  18.657  0.023
53795.03  18.744  0.021
filter Y
53700.15  16.652  0.018
53700.16  16.636  0.022
53704.12  16.674  0.018
53704.13  16.681  0.023
53709.17  16.725  0.022
53709.18  16.688  0.021
53714.09  16.776  0.020
53714.10  16.753  0.021
53718.13  16.830  0.025
53718.14  16.802  0.019
53724.15  16.872  0.023
53724.16  16.849  0.022
53727.17  16.986  0.032
53727.18  16.958  0.038
53732.19  17.083  0.029
53732.20  17.021  0.034
53776.01  17.674  0.043
53776.02  17.725  0.048
53777.03  17.872  0.049
53782.03  17.741  0.046
53797.00  18.036  0.066
53800.00  18.057  0.046
53807.99  18.152  0.071
53813.98  18.207  0.100
filter Ydw
53722.14  16.869  0.014
53722.15  16.914  0.016
53750.09  17.377  0.014
53750.09  17.409  0.015
53756.10  17.495  0.018
53756.11  17.510  0.016
53773.05  17.775  0.020
53773.06  17.770  0.019
53785.01  17.924  0.032
53785.02  17.894  0.031
53788.02  17.970  0.019
53788.02  17.961  0.021
53964.31  19.723  0.051
53964.32  19.736  0.057
54014.24  20.366  0.091
54015.18  20.464  0.161
54016.26  20.616  0.132
