SN2008bq 0.033977 100.260458 -38.038611
filter B
54562.00  17.003  0.006
54563.99  17.060  0.006
54566.01  17.121  0.009
54567.98  17.178  0.008
54569.00  17.231  0.008
54570.00  17.299  0.007
54571.99  17.441  0.008
54573.01  17.506  0.009
54573.99  17.593  0.010
54575.01  17.711  0.011
54575.99  17.808  0.012
54579.98  18.246  0.010
54589.02  19.147  0.017
54590.98  19.310  0.017
54594.97  19.609  0.024
54598.97  19.831  0.035
filter g
54561.98  16.912  0.006
54563.97  16.924  0.007
54566.02  16.947  0.008
54567.99  17.017  0.006
54569.02  17.029  0.013
54569.98  17.105  0.006
54571.97  17.222  0.007
54572.99  17.286  0.005
54573.96  17.360  0.010
54574.99  17.423  0.009
54575.97  17.508  0.009
54580.00  17.906  0.007
54588.99  18.682  0.010
54590.96  18.804  0.023
54594.98  19.152  0.014
54598.99  19.433  0.018
54605.95  19.624  0.060
filter i
54561.98  17.392  0.008
54566.03  17.470  0.012
54568.00  17.509  0.010
54569.03  17.554  0.012
54569.99  17.588  0.010
54571.98  17.698  0.011
54573.00  17.775  0.011
54573.97  17.862  0.016
54575.00  17.946  0.012
54575.97  18.009  0.013
54580.01  18.095  0.013
54589.00  17.946  0.010
54590.96  17.942  0.017
54594.99  17.964  0.011
54599.00  18.216  0.013
54605.96  18.693  0.023
filter H
54565.07  17.699  0.120
54588.04  17.663  0.139
54593.04  17.346  0.160
filter J
54565.04  17.445  0.060
54565.05  17.349  0.047
54588.02  18.449  0.133
54588.03  18.419  0.151
54593.02  18.297  0.107
54596.02  18.216  0.192
54596.03  18.258  0.177
filter r
54561.98  16.878  0.005
54566.03  16.824  0.009
54568.00  16.872  0.007
54569.02  16.910  0.006
54569.98  16.951  0.006
54571.97  17.033  0.007
54573.00  17.095  0.006
54573.97  17.152  0.008
54575.00  17.213  0.009
54575.97  17.285  0.007
54580.00  17.464  0.008
54589.00  17.643  0.007
54590.96  17.714  0.011
54594.99  17.904  0.008
54598.99  18.186  0.009
54605.95  18.532  0.020
filter u
54561.99  17.738  0.018
54563.98  17.830  0.018
54566.02  18.030  0.015
54567.99  18.170  0.017
54569.01  18.249  0.025
54570.01  18.348  0.021
54571.98  18.510  0.025
54573.00  18.719  0.043
54573.98  18.752  0.032
54575.00  19.004  0.049
54575.98  19.154  0.053
54579.99  19.707  0.039
54589.01  20.776  0.121
54590.97  20.842  0.105
54594.98  21.039  0.124
filter V
54561.99  16.944  0.005
54566.01  16.957  0.008
54567.97  16.994  0.007
54568.99  17.020  0.006
54570.00  17.054  0.007
54571.99  17.140  0.007
54573.01  17.173  0.006
54573.98  17.221  0.010
54575.01  17.276  0.010
54575.98  17.344  0.009
54579.98  17.601  0.008
54589.01  18.102  0.010
54590.97  18.205  0.013
54594.97  18.447  0.012
54598.97  18.711  0.016
54605.97  19.025  0.031
filter Y
54565.03  17.596  0.024
54565.03  17.563  0.027
54588.00  17.405  0.018
54588.01  17.408  0.019
54593.01  17.098  0.055
54593.02  17.210  0.055
54596.00  17.147  0.031
54596.01  17.096  0.032
