SN2008ff 0.019193 303.499833 -44.352167
filter B
54724.04  16.913  0.009
54725.05  17.022  0.009
54726.02  17.132  0.009
54728.02  17.313  0.011
54729.01  17.392  0.010
54732.11  17.665  0.010
54739.04  18.129  0.009
54740.04  18.162  0.009
54742.05  18.263  0.016
54744.02  18.325  0.011
54747.06  18.407  0.014
54749.04  18.404  0.016
54753.07  18.465  0.023
54756.05  18.500  0.013
54759.06  18.558  0.014
54760.06  18.564  0.010
54765.05  18.612  0.014
54772.02  18.703  0.011
54777.01  18.733  0.019
54781.03  18.820  0.023
54785.03  18.892  0.019
54786.06  18.911  0.013
54790.06  18.989  0.019
filter g
54724.02  16.545  0.008
54725.03  16.627  0.007
54726.01  16.701  0.005
54728.01  16.876  0.005
54729.00  16.952  0.006
54732.13  17.211  0.004
54739.02  17.712  0.005
54740.02  17.767  0.005
54742.06  17.864  0.012
54744.04  17.946  0.008
54747.04  18.038  0.009
54749.02  18.069  0.010
54753.09  18.119  0.013
54756.06  18.171  0.009
54759.03  18.219  0.007
54760.03  18.245  0.007
54765.07  18.316  0.007
54772.00  18.381  0.029
54777.03  18.462  0.012
54781.00  18.520  0.031
54785.00  18.579  0.048
54786.08  18.610  0.008
54790.07  18.672  0.010
filter i
54724.03  16.795  0.009
54725.04  16.764  0.009
54726.01  16.745  0.008
54728.01  16.686  0.008
54729.00  16.655  0.009
54732.14  16.577  0.005
54739.03  16.749  0.006
54740.03  16.812  0.006
54742.07  16.954  0.021
54744.05  17.115  0.008
54747.05  17.284  0.008
54749.03  17.361  0.008
54753.10  17.576  0.010
54756.07  17.670  0.009
54759.04  17.805  0.011
54759.04  17.822  0.010
54760.04  17.841  0.008
54765.08  18.055  0.014
54772.00  18.312  0.019
54777.04  18.482  0.015
54781.01  18.568  0.027
54785.01  18.817  0.053
54786.09  18.793  0.024
54790.08  18.877  0.016
filter H
54725.14  16.587  0.021
54725.14  16.572  0.023
54726.15  16.569  0.021
54726.16  16.560  0.021
54728.05  16.499  0.019
54728.05  16.490  0.019
54729.05  16.475  0.022
54729.05  16.421  0.019
54730.17  16.546  0.042
54730.17  16.508  0.036
54731.20  16.437  0.025
54731.21  16.425  0.027
54733.20  16.397  0.025
54733.20  16.344  0.026
54738.10  16.383  0.027
54738.11  16.452  0.025
54741.10  16.487  0.030
54741.11  16.566  0.034
54743.12  16.621  0.027
54743.13  16.692  0.038
54745.05  16.710  0.037
54745.06  16.762  0.037
54748.11  16.946  0.049
54748.12  16.935  0.049
54750.12  16.972  0.044
54750.12  17.057  0.062
54755.99  17.306  0.033
54755.99  17.314  0.030
54757.99  17.350  0.039
54767.07  17.846  0.125
54767.08  17.777  0.144
filter K
54725.16  16.222  0.021
54725.16  16.238  0.020
54726.17  16.194  0.015
54726.18  16.267  0.015
54728.08  16.219  0.015
54728.08  16.279  0.019
54729.08  16.204  0.019
54729.08  16.243  0.015
54745.08  16.941  0.039
54745.08  16.975  0.036
54756.00  17.281  0.030
54758.00  17.422  0.037
54758.01  17.434  0.043
filter J
54725.12  17.638  0.015
54725.13  17.601  0.014
54726.14  17.547  0.014
54726.15  17.553  0.011
54728.04  17.462  0.016
54728.04  17.470  0.014
54729.03  17.374  0.014
54729.04  17.429  0.014
54730.15  17.374  0.033
54730.16  17.372  0.049
54731.18  17.371  0.026
54731.19  17.407  0.025
54733.18  17.153  0.027
54733.19  17.144  0.029
54738.08  16.963  0.030
54738.09  16.900  0.026
54741.09  17.149  0.036
54741.10  17.105  0.033
54743.10  17.221  0.035
54743.11  17.203  0.031
54745.04  17.362  0.015
54745.04  17.378  0.016
54748.09  17.804  0.058
54748.10  17.718  0.057
54750.09  17.751  0.051
54750.11  17.711  0.057
54755.97  18.137  0.025
54755.98  18.192  0.024
54757.98  18.298  0.026
filter r
54724.02  16.148  0.007
54725.03  16.144  0.009
54726.01  16.148  0.004
54728.01  16.151  0.004
54729.00  16.154  0.006
54732.13  16.208  0.005
54739.02  16.574  0.004
54740.03  16.642  0.004
54742.07  16.796  0.015
54744.04  16.884  0.005
54747.04  17.020  0.006
54749.02  17.093  0.007
54751.06  17.204  0.075
54753.09  17.248  0.007
54756.07  17.339  0.006
54759.03  17.433  0.006
54760.04  17.472  0.006
54765.08  17.631  0.007
54772.00  17.824  0.013
54777.03  17.980  0.009
54781.01  18.113  0.016
54785.01  18.268  0.026
54786.09  18.278  0.010
54790.08  18.413  0.012
filter u
54724.03  18.050  0.029
54725.04  18.170  0.029
54726.02  18.353  0.025
54728.01  18.495  0.028
54729.01  18.574  0.026
54732.12  18.847  0.022
54739.03  19.322  0.025
54740.04  19.354  0.028
54742.06  19.445  0.038
54744.03  19.508  0.027
54747.05  19.549  0.041
54749.03  19.585  0.052
54753.08  19.665  0.093
54756.06  19.742  0.034
54760.05  19.747  0.034
54765.06  19.861  0.037
54772.01  19.908  0.041
filter V
54724.04  16.195  0.009
54725.05  16.229  0.007
54726.02  16.274  0.006
54728.02  16.361  0.007
54729.01  16.409  0.008
54732.11  16.555  0.006
54739.04  17.002  0.005
54740.05  17.082  0.006
54742.04  17.202  0.008
54744.02  17.296  0.009
54747.06  17.419  0.007
54749.04  17.482  0.009
54753.07  17.584  0.010
54756.04  17.685  0.007
54759.05  17.776  0.009
54760.05  17.785  0.008
54765.05  17.908  0.007
54772.02  18.059  0.010
54777.00  18.204  0.018
54781.02  18.301  0.017
54785.02  18.345  0.017
54786.05  18.380  0.009
54790.05  18.484  0.013
filter Y
54730.13  16.259  0.016
54730.14  16.240  0.012
54731.16  16.201  0.012
54731.17  16.196  0.012
54733.16  16.054  0.010
54733.17  16.048  0.011
54738.07  15.855  0.009
54738.08  15.880  0.011
54741.07  15.978  0.010
54741.08  15.957  0.011
54743.08  16.093  0.011
54743.09  16.096  0.011
54748.08  16.332  0.012
54748.08  16.372  0.013
54750.08  16.462  0.013
54750.09  16.452  0.019
54767.04  17.435  0.023
54767.05  17.382  0.022
54771.04  17.681  0.033
54771.04  17.573  0.030
54780.06  18.184  0.039
54780.07  18.160  0.034
54788.02  18.325  0.064
filter Ydw
54725.11  16.670  0.009
54725.12  16.699  0.011
54726.12  16.585  0.011
54726.13  16.615  0.011
54728.06  16.441  0.009
54728.07  16.454  0.009
54729.06  16.369  0.009
54729.07  16.389  0.011
54745.06  16.199  0.012
54745.07  16.190  0.012
54756.02  16.788  0.011
54756.03  16.790  0.011
54757.95  16.931  0.013
54757.97  16.897  0.014
