SN2013ad 0.036375 54.671000 10.307561
filter B
56345.03  17.576  0.015
56346.02  17.576  0.037
56351.05  17.638  0.014
56352.03  17.656  0.011
56353.02  17.710  0.011
56354.02  17.718  0.010
56355.03  17.813  0.011
56357.03  17.939  0.011
56358.03  18.042  0.013
56365.00  18.828  0.019
filter i
56345.04  17.614  0.013
56346.04  17.672  0.036
56351.03  17.722  0.013
56352.04  17.731  0.012
56353.04  17.780  0.012
56354.03  17.855  0.014
56357.02  18.069  0.013
56369.00  18.346  0.029
filter H
56350.05  17.615  0.059
56351.04  17.616  0.066
56352.02  17.828  0.057
filter r
56345.04  17.312  0.009
56346.03  17.257  0.031
56351.04  17.178  0.011
56352.04  17.208  0.008
56353.03  17.246  0.012
56353.04  17.236  0.007
56354.02  17.278  0.006
56357.01  17.424  0.008
56368.99  17.968  0.029
filter V
56345.03  17.358  0.011
56346.02  17.340  0.025
56351.04  17.332  0.011
56352.02  17.361  0.008
56353.02  17.385  0.009
56354.01  17.413  0.009
56355.03  17.439  0.009
56357.02  17.541  0.009
56358.03  17.584  0.009
56365.01  18.047  0.010
filter Y
56345.03  17.463  0.019
56348.02  17.659  0.011
56350.02  17.860  0.049
56350.03  17.866  0.021
56351.01  17.927  0.030
56351.03  17.827  0.025
56352.01  17.952  0.017
56353.01  17.999  0.016
56355.02  18.113  0.022
56356.01  18.202  0.018
filter Jrc2
56347.01  17.101  0.040
56350.04  17.474  0.029
56351.02  17.498  0.040
56352.04  17.610  0.036
56353.03  17.738  0.037
56355.03  18.081  0.049
