SN2013bz 0.019150 201.713833 -10.025611
filter B
56404.19  15.726  0.018
56405.22  15.651  0.018
56409.21  15.622  0.017
56411.31  15.640  0.013
56413.30  15.754  0.033
56415.30  15.794  0.012
56418.20  15.908  0.011
56419.18  15.965  0.013
56420.22  16.062  0.014
56423.26  16.338  0.011
56424.25  16.424  0.011
56425.18  16.506  0.015
56426.11  16.621  0.016
56427.21  16.749  0.016
56428.19  16.850  0.013
56436.19  17.684  0.021
56437.17  17.755  0.029
56438.25  17.811  0.041
56444.08  18.224  0.024
56445.19  18.240  0.017
56446.14  18.330  0.016
56447.09  18.339  0.017
56448.19  18.399  0.016
filter g
56404.18  15.614  0.012
56405.21  15.575  0.013
56409.22  15.493  0.009
56411.30  15.519  0.008
56413.29  15.536  0.016
56415.29  15.608  0.006
56418.20  15.709  0.006
56419.17  15.761  0.009
56420.23  15.837  0.010
56423.25  16.053  0.006
56424.24  16.127  0.006
56425.27  16.203  0.006
56426.10  16.267  0.010
56427.17  16.364  0.015
56436.19  17.168  0.012
56437.18  17.269  0.016
56438.22  17.319  0.017
56444.09  17.723  0.011
56445.17  17.793  0.009
56446.12  17.843  0.012
56447.06  17.876  0.011
56448.16  17.952  0.011
filter i
56404.19  15.890  0.022
56405.21  15.868  0.029
56409.23  15.939  0.014
56411.30  15.954  0.012
56413.29  15.878  0.050
56415.29  16.014  0.011
56418.21  16.216  0.011
56419.18  16.333  0.016
56420.23  16.450  0.018
56423.24  16.620  0.011
56424.23  16.638  0.011
56426.10  16.622  0.014
56427.18  16.591  0.019
56436.20  16.382  0.010
56437.19  16.415  0.013
56438.23  16.396  0.009
56444.09  16.639  0.009
56445.17  16.699  0.009
56446.13  16.775  0.015
56447.07  16.806  0.019
56448.17  16.921  0.010
filter H
56404.32  15.889  0.013
56405.23  15.883  0.011
filter r
56404.18  15.642  0.015
56405.21  15.618  0.016
56409.23  15.450  0.009
56411.30  15.404  0.008
56413.29  15.420  0.036
56415.29  15.433  0.006
56418.20  15.553  0.007
56419.17  15.632  0.010
56420.23  15.736  0.012
56423.24  15.934  0.006
56424.23  15.984  0.007
56426.10  16.041  0.011
56427.17  16.035  0.011
56436.20  16.201  0.009
56437.19  16.227  0.010
56438.23  16.262  0.009
56444.09  16.618  0.008
56445.17  16.681  0.007
56446.12  16.735  0.014
56447.07  16.788  0.015
56448.17  16.855  0.009
filter u
56404.19  15.884  0.031
56405.21  15.831  0.025
56409.23  15.893  0.021
56411.30  16.029  0.021
56418.21  16.582  0.017
56419.18  16.667  0.017
56420.24  16.760  0.020
56423.25  17.153  0.019
56424.24  17.308  0.019
56426.11  17.578  0.022
56427.19  17.617  0.059
56436.21  18.928  0.061
56436.22  18.904  0.042
56437.20  18.940  0.070
56438.24  19.098  0.070
56444.10  19.586  0.048
56445.18  19.487  0.035
56446.15  19.551  0.041
56447.08  19.500  0.039
56448.18  19.648  0.038
filter V
56404.19  15.623  0.016
56405.22  15.567  0.016
56409.22  15.452  0.011
56411.31  15.475  0.011
56413.30  15.452  0.028
56415.30  15.485  0.009
56418.20  15.567  0.009
56419.18  15.619  0.011
56420.23  15.669  0.013
56423.25  15.868  0.008
56424.24  15.925  0.008
56425.19  15.977  0.010
56426.11  16.024  0.011
56427.19  16.089  0.013
56428.19  16.128  0.009
56436.19  16.553  0.013
56437.18  16.624  0.013
56438.25  16.663  0.014
56444.09  17.049  0.013
56445.19  17.102  0.010
56446.14  17.185  0.013
56447.08  17.201  0.018
56448.19  17.247  0.011
filter Y
56404.29  15.866  0.008
56405.21  15.859  0.008
filter Jrc2
56404.34  15.613  0.016
56405.25  15.611  0.016
