SN2004ey 0.015777 327.282542 0.444222
filter B
53295.05  15.971  0.007
53298.18  15.532  0.006
53299.01  15.432  0.006
53300.06  15.365  0.005
53301.05  15.309  0.005
53302.06  15.267  0.005
53303.06  15.243  0.006
53304.08  15.246  0.006
53305.06  15.257  0.007
53307.09  15.325  0.006
53308.07  15.354  0.005
53309.06  15.410  0.008
53310.06  15.446  0.004
53311.07  15.509  0.006
53314.08  15.728  0.004
53315.07  15.815  0.007
53328.05  17.201  0.009
53330.09  17.418  0.013
53331.04  17.494  0.011
53335.02  17.789  0.010
53337.04  17.905  0.014
53338.05  17.992  0.011
53339.04  18.058  0.011
53340.06  18.088  0.012
53342.02  18.221  0.020
53344.05  18.259  0.012
53346.04  18.308  0.012
53348.05  18.372  0.014
53351.04  18.415  0.021
53352.04  18.456  0.022
filter g
53295.02  15.915  0.005
53298.17  15.466  0.007
53299.04  15.371  0.006
53300.04  15.300  0.007
53301.03  15.243  0.004
53302.04  15.199  0.005
53303.04  15.171  0.006
53304.07  15.170  0.005
53305.05  15.170  0.007
53307.08  15.224  0.005
53308.04  15.247  0.004
53309.04  15.275  0.007
53310.04  15.315  0.006
53311.04  15.363  0.005
53312.03  15.422  0.006
53314.05  15.539  0.005
53315.05  15.605  0.007
53320.03  16.032  0.004
53328.05  16.752  0.007
53330.09  16.959  0.009
53331.02  17.046  0.009
53337.02  17.494  0.015
53340.05  17.695  0.009
53344.02  17.829  0.013
53348.03  17.951  0.011
53352.05  18.054  0.012
filter i
53295.03  16.173  0.007
53298.18  15.776  0.006
53299.04  15.731  0.009
53300.04  15.697  0.009
53301.03  15.702  0.006
53302.05  15.717  0.006
53303.04  15.752  0.009
53304.06  15.769  0.012
53305.04  15.781  0.010
53307.09  15.867  0.006
53308.05  15.884  0.007
53309.05  15.921  0.008
53310.05  15.972  0.007
53311.05  16.034  0.007
53312.03  16.094  0.009
53314.06  16.294  0.007
53315.05  16.376  0.008
53320.05  16.570  0.007
53328.03  16.400  0.009
53330.07  16.357  0.007
53331.02  16.323  0.007
53335.05  16.342  0.007
53337.02  16.434  0.007
53338.06  16.471  0.009
53339.05  16.567  0.008
53340.06  16.649  0.009
53342.03  16.796  0.009
53344.03  16.901  0.010
53346.05  17.030  0.010
53348.03  17.136  0.010
53351.05  17.268  0.015
53352.06  17.307  0.014
filter H
53301.14  15.844  0.058
53301.15  15.788  0.054
53306.12  16.051  0.054
53306.13  16.128  0.059
53311.02  16.296  0.058
53311.03  16.274  0.058
53327.09  16.007  0.054
53327.10  15.989  0.054
53338.05  16.111  0.063
53338.06  16.086  0.058
53342.05  16.334  0.066
53342.05  16.298  0.067
53358.05  17.146  0.079
53358.05  17.124  0.075
filter K
53301.15  15.626  0.015
53301.16  15.652  0.014
53306.13  15.656  0.028
53306.14  15.779  0.037
53311.04  15.827  0.016
53311.05  15.806  0.019
53327.10  15.848  0.021
53327.11  15.885  0.024
53338.06  16.146  0.026
53338.07  16.049  0.028
53342.07  16.333  0.047
53342.07  16.382  0.051
filter J
53300.07  15.512  0.006
53300.08  15.582  0.009
53301.12  15.505  0.006
53301.13  15.518  0.006
53306.11  15.820  0.013
53306.12  15.826  0.013
53311.00  16.310  0.011
53311.01  16.279  0.010
53327.05  17.134  0.014
53327.06  17.076  0.013
53338.04  16.653  0.012
53338.05  16.649  0.013
53342.02  17.046  0.019
53342.02  16.938  0.018
filter r
53295.02  15.929  0.007
53298.17  15.493  0.005
53299.03  15.439  0.009
53300.04  15.360  0.009
53301.03  15.293  0.005
53302.05  15.251  0.005
53303.04  15.228  0.007
53304.05  15.194  0.008
53305.04  15.181  0.007
53307.08  15.195  0.004
53308.05  15.216  0.005
53309.04  15.227  0.008
53310.04  15.279  0.006
53311.05  15.330  0.006
53312.03  15.396  0.008
53314.05  15.532  0.004
53315.05  15.606  0.006
53320.04  15.895  0.005
53328.04  16.025  0.007
53330.08  16.084  0.007
53331.02  16.108  0.006
53335.06  16.256  0.007
53337.02  16.396  0.007
53338.05  16.453  0.008
53339.05  16.521  0.007
53340.05  16.589  0.008
53342.03  16.713  0.008
53344.03  16.820  0.009
53346.04  16.917  0.008
53348.03  16.991  0.009
53351.04  17.100  0.009
53352.06  17.141  0.009
filter u
53295.04  16.534  0.009
53299.02  15.855  0.009
53300.05  15.792  0.011
53301.04  15.744  0.010
53302.06  15.718  0.010
53303.05  15.722  0.012
53304.06  15.744  0.011
53305.05  15.798  0.011
53307.07  15.966  0.011
53308.06  16.038  0.011
53309.05  16.114  0.011
53310.05  16.205  0.009
53311.06  16.296  0.009
53312.04  16.400  0.011
53314.07  16.620  0.009
53315.06  16.729  0.010
53320.04  17.409  0.012
53328.04  18.422  0.023
53330.08  18.637  0.039
53331.03  18.726  0.032
53337.03  19.157  0.032
53340.04  19.235  0.024
53344.04  19.426  0.031
53348.04  19.483  0.034
53352.04  19.509  0.055
filter V
53295.04  15.987  0.006
53298.18  15.521  0.006
53299.01  15.444  0.007
53300.06  15.363  0.007
53301.04  15.303  0.006
53302.06  15.248  0.006
53303.06  15.222  0.007
53304.08  15.205  0.005
53305.06  15.199  0.007
53307.09  15.222  0.005
53308.07  15.240  0.006
53309.06  15.267  0.007
53310.06  15.291  0.005
53311.06  15.326  0.006
53314.07  15.469  0.005
53314.08  15.476  0.005
53315.06  15.532  0.008
53328.05  16.262  0.008
53330.09  16.403  0.009
53331.03  16.464  0.009
53335.03  16.709  0.009
53337.04  16.803  0.009
53338.04  16.874  0.006
53339.04  16.945  0.008
53340.07  16.996  0.009
53342.02  17.080  0.026
53344.05  17.181  0.010
53346.03  17.269  0.010
53348.05  17.335  0.012
53351.03  17.432  0.021
53351.04  17.422  0.012
53352.03  17.429  0.017
filter Ydw
53301.11  15.730  0.008
53301.11  15.712  0.008
53306.10  16.178  0.009
53306.10  16.164  0.009
53311.06  16.486  0.011
53311.06  16.511  0.011
53327.07  16.079  0.009
53327.08  16.077  0.008
53338.08  15.569  0.009
53338.08  15.572  0.009
