SN2012U 0.019723 31.518042 -55.193750
filter B
55957.03  16.130  0.008
55958.04  16.221  0.011
55964.08  16.997  0.013
55967.05  17.334  0.014
55971.03  17.764  0.013
filter g
55957.10  15.963  0.009
55958.07  16.035  0.009
55964.05  16.639  0.009
55970.03  17.260  0.009
55972.05  17.476  0.009
filter i
55957.04  16.573  0.014
55958.05  16.660  0.008
55964.06  16.713  0.010
55970.04  16.589  0.010
55972.04  16.547  0.007
filter r
55957.05  15.904  0.008
55958.05  15.966  0.008
55964.06  16.245  0.007
55970.04  16.379  0.010
55972.05  16.411  0.006
filter u
55957.09  17.089  0.017
55958.06  17.191  0.012
55964.07  18.221  0.028
filter V
55957.03  15.867  0.009
55958.03  15.910  0.007
55964.08  16.326  0.008
55967.04  16.511  0.008
55971.04  16.786  0.010
