SN2013fy 0.030847 324.363000 -47.031889
filter B
56594.05  16.539  0.007
56599.07  16.344  0.010
56599.07  16.340  0.009
56599.07  16.341  0.011
56600.08  16.348  0.011
56602.07  16.372  0.010
56603.05  16.406  0.008
56604.07  16.449  0.010
56605.06  16.493  0.008
56607.08  16.602  0.011
56609.09  16.728  0.009
56609.09  16.719  0.010
56611.07  16.892  0.012
56612.09  16.996  0.014
56619.04  17.750  0.010
56620.06  17.858  0.009
56623.06  18.154  0.015
56631.03  18.853  0.023
56636.05  19.071  0.036
56640.03  19.305  0.040
filter g
56594.04  16.490  0.008
56599.05  16.294  0.007
56600.09  16.280  0.006
56602.08  16.305  0.009
56603.04  16.329  0.007
56604.07  16.332  0.008
56605.05  16.386  0.006
56607.08  16.462  0.006
56609.08  16.570  0.007
56611.07  16.716  0.009
56612.10  16.818  0.010
56619.05  17.440  0.009
56620.06  17.538  0.009
56623.05  17.799  0.009
56631.04  18.454  0.015
56636.06  18.776  0.021
filter i
56594.05  17.209  0.012
56599.06  16.970  0.012
56602.08  16.978  0.016
56603.04  17.001  0.015
56604.07  17.035  0.019
56605.05  17.072  0.013
56607.09  17.113  0.015
56609.08  17.239  0.014
56611.07  17.412  0.018
56612.10  17.443  0.017
56619.06  17.541  0.015
56620.07  17.522  0.015
56623.05  17.458  0.013
56631.04  17.379  0.012
56636.06  17.637  0.016
56640.04  17.938  0.017
filter H
56607.07  17.486  0.025
56612.05  17.610  0.035
56617.08  17.573  0.036
filter r
56594.04  16.611  0.011
56599.05  16.364  0.010
56600.09  16.319  0.007
56602.08  16.310  0.010
56603.04  16.297  0.009
56604.07  16.293  0.010
56605.05  16.319  0.006
56607.09  16.387  0.007
56609.07  16.492  0.007
56611.07  16.602  0.009
56612.10  16.673  0.009
56619.05  16.955  0.011
56620.06  16.959  0.010
56623.05  17.005  0.009
56631.04  17.232  0.010
56636.06  17.561  0.012
56640.03  17.762  0.014
filter u
56594.05  17.028  0.015
56599.06  16.921  0.013
56602.08  17.057  0.016
56603.04  17.186  0.019
56604.07  17.234  0.023
56605.05  17.297  0.016
56607.09  17.462  0.021
56609.08  17.723  0.025
56611.08  17.973  0.031
56612.10  18.036  0.042
56619.06  19.068  0.032
56620.07  19.178  0.032
56620.08  19.204  0.028
56623.06  19.502  0.043
56631.04  20.181  0.067
filter V
56594.05  16.595  0.011
56594.05  16.593  0.009
56599.07  16.371  0.010
56600.08  16.339  0.010
56602.08  16.356  0.012
56603.04  16.341  0.011
56604.07  16.355  0.013
56605.06  16.373  0.009
56607.08  16.432  0.010
56609.09  16.484  0.011
56611.07  16.609  0.010
56612.09  16.671  0.013
56619.05  17.071  0.011
56620.06  17.130  0.012
56623.06  17.291  0.009
56631.03  17.726  0.014
56640.02  18.348  0.028
filter Y
56607.04  17.471  0.016
56612.04  17.573  0.023
56617.06  17.418  0.019
filter Jrc2
56607.10  17.555  0.018
56612.06  18.124  0.034
56617.09  18.340  0.033
