SN2006fw 0.082943 26.793083 -0.147000
filter B
54001.28  19.206  0.012
54007.25  19.347  0.013
54013.21  19.728  0.041
54018.29  20.533  0.085
54025.25  21.291  0.055
filter g
54001.22  18.796  0.018
54007.28  18.968  0.018
54013.23  19.322  0.024
54018.31  19.995  0.036
54025.22  20.543  0.025
54039.22  21.223  0.067
filter i
54001.25  19.132  0.018
54007.31  18.830  0.030
54013.26  19.088  0.034
54018.33  19.578  0.040
54025.24  19.672  0.028
54039.24  19.868  0.040
filter r
54001.23  18.900  0.011
54007.29  18.931  0.012
54013.25  19.195  0.020
54018.32  19.493  0.025
54025.23  19.759  0.019
54039.23  20.425  0.036
filter u
54001.26  19.933  0.034
54007.26  20.615  0.053
filter V
54001.27  19.189  0.018
54007.24  18.893  0.014
54013.19  19.126  0.026
54018.28  19.753  0.041
54025.24  20.479  0.050
54039.20  20.957  0.059
