SN2008O 0.038830 104.393583 -45.812306
filter B
54490.13  18.484  0.018
54492.17  18.511  0.015
54493.18  18.559  0.012
54494.19  18.631  0.015
54497.17  18.948  0.016
54499.16  19.234  0.021
54508.20  20.400  0.045
54512.14  20.672  0.091
54517.12  20.992  0.095
54521.10  21.068  0.116
54523.09  21.413  0.102
54527.08  21.396  0.092
54531.04  21.438  0.073
54532.09  21.577  0.124
54538.04  21.717  0.163
54552.03  21.850  0.176
54558.01  21.652  0.136
54566.09  21.818  0.131
filter g
54490.15  18.248  0.011
54492.18  18.260  0.010
54493.20  18.283  0.009
54494.20  18.351  0.011
54497.15  18.603  0.012
54499.14  18.822  0.013
54512.11  20.250  0.041
54519.11  20.681  0.070
54521.12  21.064  0.085
54531.06  21.172  0.028
54532.09  21.127  0.064
54538.06  21.401  0.073
54539.15  21.219  0.059
54540.02  21.220  0.053
filter i
54490.16  18.153  0.016
54492.19  18.218  0.016
54494.21  18.203  0.021
54497.16  18.370  0.017
54499.15  18.505  0.019
54508.22  18.680  0.025
54517.11  19.019  0.028
54519.13  19.169  0.039
54531.08  19.982  0.023
54538.08  20.277  0.068
54539.16  20.249  0.050
54540.03  20.240  0.048
54541.12  20.414  0.078
filter H
54489.23  18.083  0.127
54489.24  17.775  0.106
54493.26  18.220  0.047
54496.22  18.570  0.062
54496.22  18.357  0.059
filter J
54489.21  17.610  0.060
54493.21  18.111  0.021
54493.24  18.142  0.026
54496.20  18.387  0.028
54496.21  18.476  0.029
filter r
54490.15  17.947  0.012
54492.19  17.872  0.012
54493.20  17.933  0.012
54494.21  17.931  0.012
54497.15  17.956  0.012
54499.14  18.024  0.013
54508.22  18.576  0.020
54515.12  18.865  0.035
54517.11  19.217  0.027
54519.12  19.309  0.026
54521.12  19.504  0.029
54523.07  19.569  0.031
54531.05  19.927  0.017
54532.10  19.847  0.044
54538.04  20.118  0.043
54539.13  20.158  0.031
54540.00  20.191  0.033
54545.04  20.282  0.050
filter u
54490.14  20.062  0.083
54492.19  20.110  0.095
54493.19  20.081  0.063
54494.20  20.142  0.052
54497.16  20.685  0.113
54499.15  20.673  0.124
filter V
54490.13  18.198  0.013
54492.18  18.147  0.013
54493.18  18.136  0.013
54494.18  18.139  0.013
54497.17  18.257  0.015
54499.15  18.340  0.016
54508.19  19.205  0.026
54512.13  19.491  0.039
54517.12  19.873  0.046
54519.10  20.060  0.048
54521.10  20.205  0.058
54523.08  20.267  0.051
54527.08  20.362  0.055
54531.03  20.652  0.039
54532.08  20.387  0.061
54538.07  20.772  0.067
54539.15  20.727  0.055
54540.03  20.827  0.079
54541.11  20.743  0.078
54545.06  20.794  0.093
54566.08  21.215  0.105
54570.98  21.266  0.146
filter Y
54489.20  17.802  0.042
54489.21  17.870  0.036
54511.12  18.005  0.034
54511.12  18.076  0.040
54516.15  17.973  0.046
54516.15  17.993  0.044
54520.13  18.227  0.100
54520.14  18.362  0.100
54522.13  18.258  0.100
54522.14  18.439  0.100
54528.08  18.664  0.065
54528.09  18.724  0.075
54539.10  19.095  0.110
54539.11  19.294  0.136
54546.03  19.563  0.136
54546.04  19.311  0.100
filter Ydw
54493.22  18.145  0.022
54493.23  18.132  0.022
54493.24  18.099  0.026
54496.18  18.211  0.028
54496.19  18.272  0.028
