SN2005ke 0.004877 53.768125 -24.944111
filter B
53689.18  16.631  0.011
53690.26  16.143  0.010
53694.25  15.219  0.009
53695.22  15.104  0.007
53698.23  14.901  0.006
53699.22  14.929  0.012
53702.22  15.128  0.012
53703.27  15.297  0.013
53706.22  15.767  0.014
53707.32  15.925  0.008
53712.22  16.574  0.012
53713.19  16.638  0.012
53716.16  16.845  0.009
53720.19  17.027  0.012
53721.16  17.094  0.011
53725.23  17.236  0.011
53730.22  17.383  0.011
53736.18  17.525  0.014
53737.18  17.559  0.013
53741.16  17.638  0.011
53746.19  17.733  0.017
53750.11  17.821  0.016
53755.15  17.943  0.015
53761.21  18.096  0.015
53763.10  18.098  0.016
53764.11  18.116  0.015
53765.10  18.155  0.021
53767.05  18.186  0.012
53771.08  18.251  0.016
53773.07  18.298  0.016
53774.93  18.339  0.020
53778.06  18.364  0.023
53784.04  18.522  0.016
53786.05  18.549  0.022
53798.05  18.810  0.022
53804.06  18.855  0.029
53809.05  19.090  0.084
53819.00  19.154  0.026
53967.34  20.661  0.143
filter g
53689.19  16.390  0.009
53690.27  15.916  0.009
53694.26  14.932  0.007
53695.21  14.813  0.007
53698.21  14.546  0.006
53699.21  14.524  0.008
53702.20  14.661  0.010
53703.28  14.759  0.007
53706.23  15.182  0.008
53707.33  15.364  0.008
53712.21  15.983  0.006
53713.17  16.078  0.007
53716.17  16.295  0.006
53720.18  16.526  0.009
53721.15  16.567  0.008
53725.22  16.754  0.006
53730.23  16.911  0.007
53736.17  17.069  0.010
53737.17  17.087  0.008
53741.14  17.189  0.007
53746.17  17.313  0.011
53750.12  17.383  0.011
53755.13  17.504  0.008
53761.19  17.645  0.009
53763.08  17.701  0.013
53764.10  17.715  0.011
53765.08  17.733  0.011
53767.05  17.765  0.009
53771.06  17.836  0.011
53773.08  17.885  0.013
53774.91  17.974  0.013
53778.07  18.029  0.016
53784.05  18.124  0.012
53786.06  18.194  0.014
53798.03  18.456  0.016
53804.08  18.588  0.028
53809.03  18.770  0.039
53819.01  18.922  0.020
53967.38  20.720  0.149
filter i
53689.20  16.169  0.009
53690.28  15.752  0.009
53694.27  14.807  0.008
53695.22  14.695  0.008
53698.22  14.397  0.007
53699.22  14.346  0.010
53702.21  14.335  0.011
53703.28  14.335  0.007
53706.23  14.431  0.013
53707.34  14.468  0.006
53712.21  14.713  0.007
53713.18  14.787  0.008
53716.18  14.989  0.006
53720.18  15.340  0.009
53721.15  15.433  0.008
53725.22  15.735  0.006
53730.23  16.025  0.009
53736.17  16.319  0.008
53737.17  16.364  0.011
53741.15  16.544  0.008
53746.17  16.742  0.011
53750.13  16.910  0.009
53755.14  17.096  0.009
53761.19  17.310  0.011
53763.08  17.374  0.012
53764.10  17.407  0.011
53765.08  17.426  0.016
53767.06  17.476  0.010
53771.07  17.595  0.013
53773.08  17.661  0.015
53774.92  17.698  0.014
53778.08  17.777  0.017
53784.06  17.960  0.015
53786.07  18.000  0.018
53798.04  18.271  0.019
53804.08  18.426  0.028
53809.04  18.510  0.029
53819.02  18.688  0.027
filter H
53691.25  15.009  0.080
53691.26  14.922  0.062
53692.25  14.737  0.015
53692.26  14.737  0.018
53693.23  14.552  0.014
53693.23  14.551  0.014
53696.23  14.137  0.013
53696.24  14.163  0.014
53697.16  14.063  0.010
53697.17  14.039  0.012
53700.22  13.953  0.008
53700.22  13.968  0.011
53701.20  13.968  0.016
53701.21  13.959  0.014
53704.20  14.012  0.016
53704.21  13.970  0.013
53705.20  14.041  0.014
53705.21  14.050  0.017
53709.22  14.105  0.011
53709.23  14.091  0.013
53710.24  14.161  0.013
53710.24  14.129  0.014
53714.16  14.360  0.015
53714.16  14.373  0.016
53715.16  14.430  0.013
53715.17  14.406  0.014
53717.17  14.559  0.012
53717.18  14.558  0.014
53718.21  14.641  0.014
53718.22  14.654  0.014
53721.16  14.961  0.024
53721.16  14.937  0.024
53724.12  15.202  0.017
53724.13  15.200  0.022
53731.19  15.611  0.019
53731.20  15.633  0.023
53743.10  16.319  0.025
53743.11  16.315  0.025
53750.16  16.699  0.027
53750.17  16.646  0.027
53756.16  17.005  0.029
53756.17  16.937  0.030
53773.11  17.716  0.049
53773.12  17.756  0.053
53776.10  17.918  0.145
53784.04  18.260  0.089
53784.05  18.254  0.084
53786.05  18.171  0.049
53786.05  18.283  0.058
filter K
53721.17  15.176  0.021
53721.17  15.129  0.020
53750.18  16.953  0.051
53750.18  16.961  0.047
53756.17  17.430  0.076
53756.18  17.313  0.063
filter J
53691.23  15.105  0.117
53691.24  15.105  0.075
53692.24  14.811  0.019
53692.24  14.811  0.016
53693.22  14.627  0.017
53693.23  14.609  0.017
53696.23  14.204  0.016
53696.23  14.221  0.016
53697.16  14.124  0.013
53697.16  14.119  0.011
53700.21  14.010  0.017
53700.21  14.022  0.014
53701.20  14.037  0.018
53701.20  14.048  0.015
53704.19  14.254  0.021
53704.20  14.243  0.018
53705.20  14.282  0.020
53705.20  14.263  0.019
53709.21  14.579  0.016
53709.22  14.625  0.017
53710.23  14.666  0.018
53710.23  14.651  0.019
53714.14  14.901  0.017
53714.15  14.881  0.017
53715.15  14.946  0.016
53715.15  14.978  0.016
53717.16  15.057  0.019
53717.17  15.097  0.020
53718.20  15.134  0.019
53718.21  15.129  0.019
53721.14  15.420  0.018
53721.15  15.436  0.017
53724.11  15.898  0.024
53724.12  15.781  0.022
53731.17  16.624  0.028
53731.18  16.575  0.026
53743.12  17.551  0.024
53743.14  17.534  0.021
53750.15  18.069  0.030
53750.16  18.101  0.029
53756.15  18.491  0.048
53756.16  18.520  0.036
53773.10  19.381  0.082
53773.10  19.367  0.086
53784.03  19.829  0.193
53784.03  19.634  0.144
53786.03  20.070  0.154
53786.04  19.610  0.082
filter r
53689.19  16.140  0.008
53690.28  15.672  0.008
53694.27  14.658  0.006
53695.21  14.520  0.008
53698.22  14.175  0.006
53703.28  14.075  0.006
53706.23  14.237  0.011
53707.33  14.311  0.006
53712.21  14.718  0.006
53713.18  14.818  0.007
53716.17  15.047  0.006
53720.18  15.405  0.008
53721.15  15.497  0.006
53725.22  15.773  0.006
53730.23  16.056  0.008
53736.17  16.346  0.008
53737.17  16.388  0.008
53741.14  16.578  0.007
53746.17  16.798  0.009
53750.12  16.961  0.009
53755.13  17.201  0.009
53761.19  17.470  0.009
53763.08  17.549  0.011
53764.10  17.594  0.012
53765.08  17.639  0.013
53767.06  17.736  0.009
53771.07  17.889  0.012
53773.08  17.990  0.014
53774.92  18.066  0.015
53778.08  18.195  0.016
53784.06  18.434  0.018
53786.07  18.508  0.017
53798.03  18.968  0.019
53804.08  19.226  0.055
53809.04  19.371  0.049
53819.02  19.741  0.038
filter u
53689.19  17.489  0.026
53690.27  16.910  0.016
53694.26  16.287  0.013
53695.22  16.245  0.014
53698.22  16.182  0.012
53699.22  16.234  0.015
53702.21  16.564  0.016
53703.27  16.715  0.017
53706.22  17.261  0.019
53707.33  17.457  0.022
53712.21  18.074  0.027
53713.18  18.143  0.028
53716.17  18.241  0.034
53720.18  18.387  0.039
53721.16  18.424  0.036
53725.23  18.528  0.035
53730.22  18.668  0.036
53736.18  18.807  0.041
53737.18  18.882  0.042
53741.15  19.022  0.053
53746.18  19.222  0.056
53750.11  19.108  0.060
53755.14  19.318  0.048
53761.20  19.569  0.077
53763.09  19.720  0.062
53764.11  19.703  0.081
53765.09  19.792  0.059
53771.07  19.920  0.073
53773.09  20.127  0.095
53774.92  20.162  0.126
53778.07  20.219  0.145
53784.05  20.208  0.075
53786.06  20.357  0.099
filter V
53689.18  16.247  0.010
53690.26  15.768  0.009
53694.25  14.755  0.008
53695.22  14.619  0.010
53698.22  14.300  0.006
53699.22  14.250  0.009
53702.21  14.253  0.011
53703.26  14.291  0.009
53706.21  14.562  0.011
53707.32  14.691  0.010
53712.22  15.193  0.010
53713.19  15.288  0.008
53716.15  15.527  0.006
53720.19  15.813  0.010
53721.16  15.879  0.010
53725.23  16.106  0.009
53730.21  16.335  0.009
53736.18  16.540  0.009
53737.18  16.569  0.010
53741.16  16.721  0.009
53746.18  16.870  0.011
53750.10  16.982  0.010
53755.14  17.126  0.009
53761.20  17.319  0.011
53763.09  17.370  0.014
53764.11  17.412  0.013
53765.09  17.444  0.015
53767.04  17.490  0.009
53771.08  17.604  0.012
53773.07  17.662  0.015
53774.93  17.722  0.014
53778.06  17.802  0.018
53784.04  17.970  0.015
53786.05  18.053  0.016
53798.05  18.373  0.019
53804.06  18.509  0.025
53809.05  18.649  0.049
53818.99  18.989  0.029
53967.34  20.867  0.167
filter Y
53691.22  15.065  0.026
53691.23  15.089  0.063
53692.23  14.876  0.013
53692.24  14.867  0.017
53693.21  14.729  0.017
53693.21  14.667  0.017
53696.22  14.279  0.019
53696.22  14.282  0.018
53697.15  14.186  0.010
53697.15  14.161  0.011
53700.20  14.043  0.016
53700.21  14.045  0.017
53701.19  14.060  0.018
53701.19  14.096  0.023
53704.18  14.121  0.022
53704.19  14.085  0.026
53705.19  14.155  0.026
53705.19  14.118  0.024
53709.22  14.134  0.016
53709.22  14.135  0.015
53710.23  14.116  0.023
53710.24  14.134  0.018
53714.15  14.228  0.022
53714.15  14.218  0.019
53715.16  14.223  0.016
53715.16  14.252  0.013
53717.15  14.294  0.016
53717.15  14.296  0.016
53718.20  14.334  0.016
53718.20  14.327  0.018
53724.10  14.754  0.017
53724.11  14.742  0.020
53727.21  14.946  0.016
53731.17  15.225  0.020
53731.17  15.153  0.022
53776.07  17.161  0.036
53776.08  17.233  0.040
53789.01  17.563  0.029
53789.02  17.519  0.039
filter Ydw
53721.13  14.484  0.019
53721.14  14.520  0.018
53743.14  15.830  0.017
53750.14  16.200  0.018
53750.14  16.213  0.019
53756.14  16.477  0.019
53756.14  16.471  0.019
53773.08  17.119  0.021
53773.09  17.107  0.021
53784.01  17.441  0.025
53784.02  17.448  0.024
53786.02  17.528  0.022
