SN2017cbv 0.003999 218.140000 -44.130000
filter B_UVOT
57822.56390  15.488  0.050
57824.09230  14.429  0.042
57826.18740  13.741  0.040
57836.01650  11.944  0.028
57838.73450  11.837  0.028
57844.38530  11.838  0.028
57848.62860  12.084  0.028
57850.56440  12.251  0.029
57852.48660  12.384  0.029
57854.02620  12.530  0.029
57856.73500  12.822  0.029
57858.46650  13.048  0.029
57862.18130  13.407  0.030
57864.30850  13.617  0.030
57866.11330  13.796  0.031
57878.00460  14.588  0.035
57884.24410  14.762  0.037
57888.37120  14.765  0.037
57904.43650  15.097  0.046
57918.35290  15.283  0.049
57935.46940  15.469  0.056
57937.98670  15.495  0.060
57938.33030  15.545  0.054
57949.26220  15.779  0.056
57953.33740  15.859  0.066
57960.53930  15.918  0.060
filter V_UVOT
57822.56860  15.458  0.060
57824.09700  14.236  0.049
57826.25140  13.541  0.044
57832.02720  12.212  0.040
57832.62960  12.081  0.040
57838.73820  11.657  0.029
57848.63220  11.722  0.029
57850.56800  11.801  0.029
57852.49020  11.891  0.029
57854.02990  11.994  0.029
57856.73860  12.145  0.030
57858.47010  12.250  0.030
57862.18490  12.452  0.030
57864.31210  12.570  0.031
57866.11700  12.664  0.031
57878.86750  13.459  0.036
57884.24770  13.533  0.037
57888.37480  13.686  0.038
57904.43930  14.072  0.048
57918.35560  14.548  0.055
57935.47210  14.949  0.076
57937.98870  15.017  0.084
57938.33560  14.954  0.063
57949.26460  15.320  0.071
57953.33940  15.356  0.076
57960.54330  15.439  0.064
filter U_UVOT
57822.56290  15.070  0.053
57824.09130  14.324  0.045
57826.19560  13.878  0.042
57836.01500  11.542  0.028
57838.73330  11.498  0.028
57844.38410  11.775  0.029
57848.62730  12.210  0.029
57850.56320  12.422  0.029
57852.48530  12.641  0.030
57854.02500  12.855  0.030
57856.73370  13.228  0.031
57858.46520  13.468  0.032
57862.18010  13.949  0.036
57864.30720  14.185  0.039
57866.11210  14.388  0.041
57878.00330  15.020  0.055
57884.24280  15.278  0.063
57888.37000  15.229  0.061
57904.43600  15.783  0.066
57918.35250  16.085  0.068
57935.46890  16.368  0.104
57937.98630  16.231  0.112
57938.32940  16.458  0.085
57949.26180  16.690  0.076
57953.33700  16.838  0.109
57960.53870  16.988  0.093
filter UVM2
57822.57040  18.842  0.122
57824.10220  18.613  0.109
57826.25310  18.121  0.186
57832.02830  16.655  0.113
57832.63270  16.776  0.081
57836.70640  16.417  0.064
57838.74130  16.229  0.073
57848.63610  16.542  0.074
57850.57050  16.792  0.093
57852.49380  16.882  0.083
57854.03270  17.072  0.096
57856.74260  17.154  0.085
57858.47430  17.569  0.095
57862.18900  17.570  0.097
57864.31580  17.835  0.111
57866.12030  18.026  0.126
57878.87440  18.380  0.108
57884.54850  18.502  0.151
57888.43920  18.567  0.139
57904.44080  18.899  0.137
57918.35750  19.331  0.172
57935.47440  19.471  0.297
57949.26650  19.960  0.333
57953.34080  19.565  0.291
57960.54690  19.988  0.294
filter UVW1
57822.56140  16.527  0.074
57824.08990  15.846  0.065
57824.38350  15.854  0.056
57826.21720  15.436  0.058
57832.02460  13.512  0.047
57832.62280  13.388  0.043
57836.08610  13.065  0.042
57838.73200  13.042  0.042
57844.38290  13.366  0.044
57848.62610  13.744  0.048
57850.56190  14.003  0.051
57852.48410  14.133  0.053
57854.02370  14.423  0.062
57856.73250  14.732  0.064
57858.46400  14.926  0.066
57862.17880  15.514  0.074
57864.30600  15.516  0.074
57867.03710  15.936  0.069
57878.43170  16.566  0.080
57884.54100  16.607  0.081
57888.43060  16.672  0.083
57904.43490  17.185  0.085
57918.35150  17.326  0.088
57935.46800  18.350  0.232
57937.98560  17.887  0.213
57938.32760  17.945  0.140
57949.26090  18.106  0.117
57953.33640  18.048  0.170
57960.53750  18.135  0.137
filter UVW2
57822.56620  18.024  0.100
57824.09470  17.417  0.084
57824.24290  17.407  0.104
57826.18970  16.860  0.075
57829.58430  15.919  0.068
57829.76620  15.753  0.065
57832.02640  15.106  0.075
57832.62730  15.129  0.066
57838.73640  14.638  0.062
57848.63050  15.249  0.070
57850.56630  15.449  0.072
57852.48850  15.672  0.075
57854.02820  15.738  0.076
57856.73690  16.142  0.082
57858.46840  16.250  0.084
57862.18320  16.676  0.094
57864.31040  16.846  0.099
57866.11530  17.024  0.105
57878.43610  17.727  0.130
57884.54540  17.826  0.109
57888.43500  18.031  0.118
57904.43760  18.320  0.113
57918.35420  18.713  0.128
57935.47080  18.946  0.256
57937.98770  18.710  0.261
57938.33290  18.672  0.162
57949.26340  19.227  0.186
57953.33840  19.534  0.305
57960.54160  19.176  0.182
