SN2008J 0.015863 38.600833 -10.844028
filter B
54484.05  17.179  0.016
54486.10  17.177  0.016
54488.07  17.177  0.017
54490.04  17.165  0.012
54492.09  17.180  0.013
54493.08  17.184  0.013
54494.03  17.214  0.013
54497.05  17.222  0.013
54499.06  17.281  0.013
54515.03  17.778  0.021
filter g
54484.03  16.610  0.011
54486.08  16.596  0.011
54488.04  16.569  0.009
54490.05  16.558  0.009
54492.07  16.549  0.009
54493.09  16.556  0.009
54494.04  16.574  0.011
54497.02  16.578  0.011
54499.04  16.593  0.009
54515.01  17.005  0.020
filter i
54484.04  14.965  0.006
54486.08  14.917  0.008
54488.05  14.862  0.006
54490.06  14.818  0.009
54492.08  14.754  0.009
54493.10  14.763  0.008
54497.03  14.724  0.007
54499.05  14.726  0.007
54515.02  14.837  0.006
filter H
54485.11  13.717  0.021
54485.11  13.661  0.012
54491.07  13.541  0.017
filter J
54485.09  13.927  0.019
54485.10  13.909  0.016
54491.04  13.739  0.020
54491.05  13.751  0.016
54494.07  13.696  0.024
54496.04  13.628  0.022
54498.08  13.639  0.018
54498.09  13.641  0.015
54511.03  13.703  0.017
54511.04  13.694  0.019
54516.04  13.754  0.020
filter r
54484.03  15.370  0.007
54486.08  15.310  0.009
54488.05  15.285  0.008
54490.06  15.223  0.008
54492.08  15.183  0.008
54493.10  15.179  0.009
54494.05  15.177  0.010
54497.03  15.147  0.007
54499.05  15.149  0.007
54515.01  15.368  0.007
filter u
54486.09  18.495  0.057
54488.06  18.528  0.053
54490.04  18.642  0.031
54492.08  18.734  0.043
54493.08  18.717  0.034
54494.04  18.728  0.032
54497.04  18.950  0.053
54515.02  19.431  0.120
filter V
54484.04  16.034  0.011
54486.09  15.978  0.012
54488.06  15.933  0.011
54490.03  15.920  0.010
54492.09  15.893  0.011
54493.07  15.884  0.010
54494.03  15.890  0.012
54497.04  15.852  0.011
54499.06  15.852  0.010
54515.03  16.160  0.012
filter Y
54485.07  14.242  0.026
54485.08  14.219  0.019
54491.02  14.045  0.018
54491.03  14.032  0.019
54498.06  13.946  0.017
54498.07  13.906  0.014
54511.00  13.965  0.012
54511.02  13.945  0.016
54516.00  13.951  0.011
54516.01  13.936  0.011
