SN2008hv 0.012540 136.891917 3.392250
filter B
54806.30  16.416  0.008
54808.32  15.716  0.006
54809.31  15.469  0.006
54810.29  15.285  0.006
54813.29  14.957  0.006
54817.28  14.861  0.009
54818.28  14.871  0.007
54827.27  15.531  0.005
54830.24  15.901  0.007
54831.28  16.049  0.006
54834.33  16.436  0.007
54837.32  16.782  0.008
54838.31  16.896  0.009
54839.27  17.006  0.008
54840.25  17.109  0.011
54841.25  17.239  0.013
54842.35  17.304  0.016
54842.35  17.304  0.016
54844.28  17.470  0.017
54856.27  17.976  0.011
54867.22  18.196  0.011
54870.23  18.258  0.022
54874.15  18.332  0.019
54878.16  18.395  0.013
54884.17  18.456  0.012
filter g
54806.28  16.329  0.008
54808.30  15.656  0.004
54809.28  15.402  0.005
54810.31  15.219  0.007
54813.30  14.896  0.006
54817.26  14.798  0.008
54818.26  14.792  0.007
54827.25  15.305  0.006
54830.23  15.574  0.008
54831.26  15.704  0.007
54834.34  16.030  0.007
54837.30  16.342  0.004
54838.29  16.448  0.009
54839.25  16.568  0.007
54840.23  16.704  0.008
54841.23  16.789  0.009
54842.36  16.898  0.010
54842.36  16.898  0.010
54844.29  17.066  0.010
54856.25  17.579  0.011
54867.20  17.778  0.009
54870.25  17.918  0.015
54874.13  17.957  0.012
54878.14  18.005  0.012
54884.19  18.099  0.016
filter i
54806.29  16.669  0.011
54808.30  15.986  0.008
54809.29  15.728  0.011
54810.32  15.551  0.010
54813.30  15.396  0.007
54817.27  15.545  0.009
54818.26  15.538  0.009
54827.25  16.232  0.008
54830.23  16.295  0.011
54831.27  16.293  0.012
54834.35  16.193  0.010
54837.30  16.088  0.007
54838.30  16.047  0.011
54839.26  16.024  0.008
54840.24  16.043  0.009
54841.24  16.072  0.009
54842.37  16.122  0.008
54842.37  16.122  0.008
54844.30  16.264  0.009
54856.25  17.055  0.014
54867.21  17.460  0.017
54870.26  17.649  0.016
54874.14  17.786  0.018
54878.15  17.935  0.027
54884.20  18.140  0.027
filter H
54804.31  17.145  0.023
54811.33  15.502  0.021
54811.34  15.473  0.030
54811.35  15.521  0.019
54811.36  15.561  0.033
54812.30  15.502  0.017
54812.31  15.463  0.017
54822.33  15.988  0.021
54822.34  15.993  0.019
54828.32  16.187  0.025
54828.33  16.165  0.025
54829.27  16.065  0.100
54829.28  16.155  0.029
54833.30  16.010  0.022
54833.31  16.003  0.017
54839.20  15.761  0.019
54839.21  15.764  0.021
54849.30  16.332  0.036
54849.31  16.336  0.033
54854.30  16.634  0.044
54854.31  16.700  0.046
54868.18  17.252  0.047
54868.19  17.283  0.048
54875.17  17.549  0.065
54875.18  17.584  0.074
filter J
54804.30  17.201  0.015
54804.30  17.102  0.015
54811.31  15.305  0.013
54811.32  15.295  0.012
54812.28  15.241  0.009
54812.29  15.234  0.009
54815.34  15.341  0.015
54815.36  15.337  0.013
54822.32  16.127  0.016
54822.33  16.203  0.016
54828.30  17.130  0.035
54828.31  17.103  0.034
54829.26  17.158  0.045
54829.26  17.117  0.031
54833.28  17.177  0.032
54833.29  17.110  0.024
54839.19  16.628  0.013
54839.20  16.614  0.013
filter r
54806.29  16.352  0.011
54808.30  15.733  0.005
54809.29  15.482  0.009
54810.31  15.289  0.009
54813.30  15.016  0.005
54817.26  14.873  0.008
54818.26  14.869  0.008
54827.25  15.436  0.005
54830.23  15.584  0.011
54831.27  15.627  0.008
54834.34  15.670  0.009
54837.30  15.720  0.005
54838.29  15.736  0.009
54839.26  15.788  0.006
54840.23  15.856  0.006
54841.24  15.912  0.009
54842.37  16.002  0.008
54842.37  16.002  0.008
54844.30  16.163  0.008
54856.25  16.837  0.012
54867.21  17.183  0.010
54870.25  17.357  0.010
54874.13  17.484  0.010
54878.14  17.584  0.017
54884.19  17.766  0.020
filter u
54806.29  17.004  0.015
54809.30  15.770  0.010
54810.30  15.576  0.011
54813.29  15.304  0.014
54817.27  15.309  0.013
54818.27  15.381  0.012
54827.26  16.327  0.011
54830.24  16.779  0.013
54831.27  16.967  0.012
54837.31  17.834  0.016
54838.30  17.975  0.017
54839.26  18.131  0.018
54840.24  18.186  0.024
54841.24  18.310  0.032
54842.36  18.415  0.051
54842.36  18.405  0.051
54844.29  18.458  0.035
54856.26  18.997  0.027
54867.22  19.270  0.035
54874.14  19.364  0.066
54878.15  19.461  0.033
54884.18  19.606  0.033
filter V
54806.31  16.337  0.007
54808.31  15.732  0.005
54809.30  15.491  0.008
54810.29  15.334  0.006
54813.28  15.001  0.006
54817.28  14.865  0.007
54818.27  14.859  0.008
54827.26  15.266  0.004
54830.24  15.460  0.008
54831.28  15.546  0.005
54834.32  15.726  0.007
54837.31  15.907  0.005
54838.31  15.969  0.008
54839.27  16.062  0.007
54840.25  16.144  0.008
54841.25  16.230  0.009
54842.35  16.328  0.009
54842.35  16.328  0.009
54844.27  16.485  0.009
54856.26  17.080  0.011
54867.22  17.336  0.011
54870.17  17.519  0.013
54870.23  17.494  0.011
54874.15  17.610  0.011
54878.16  17.692  0.012
54884.16  17.814  0.013
filter Y
54811.29  15.383  0.012
54811.30  15.411  0.011
54812.27  15.359  0.008
54812.27  15.357  0.007
54815.32  15.510  0.014
54815.33  15.525  0.015
54822.30  16.159  0.015
54822.31  16.167  0.014
54828.28  16.352  0.015
54828.29  16.348  0.013
54829.23  16.316  0.012
54829.25  16.322  0.017
54833.26  16.134  0.014
54833.27  16.100  0.015
54849.27  15.764  0.012
54849.28  15.769  0.016
54854.27  16.090  0.013
54854.27  16.088  0.013
54868.15  16.971  0.020
54868.15  16.985  0.021
54875.13  17.339  0.018
54875.14  17.333  0.026
54887.16  17.970  0.036
54887.16  17.996  0.037
54889.16  18.131  0.052
54889.17  18.046  0.047
54895.08  18.212  0.051
54895.09  18.283  0.051
54899.12  18.339  0.069
54912.19  18.774  0.067
54912.20  18.710  0.068
filter Ydw
54804.28  17.267  0.013
54804.29  17.261  0.012
54839.18  15.579  0.010
54839.18  15.587  0.010
filter Jrc2
54849.28  16.960  0.024
54849.29  16.988  0.025
54854.28  17.521  0.036
54854.29  17.463  0.036
54868.16  18.370  0.100
54868.17  18.561  0.100
54875.15  18.867  0.112
54875.17  19.074  0.112
