SN2008bt 0.015353 162.570333 -12.108889
filter B
54571.12  16.959  0.009
54572.19  16.951  0.011
54575.20  17.138  0.013
54578.13  17.550  0.011
54582.15  18.261  0.016
54589.13  18.990  0.022
54591.10  19.097  0.021
54597.11  19.460  0.026
54606.05  19.787  0.087
54618.05  19.994  0.041
54624.05  20.137  0.044
54630.05  20.143  0.089
54644.03  20.469  0.074
filter g
54571.10  16.680  0.006
54572.17  16.645  0.006
54575.18  16.742  0.007
54578.14  17.070  0.008
54582.17  17.712  0.009
54589.11  18.460  0.014
54591.08  18.567  0.015
54597.12  18.933  0.014
54606.02  19.264  0.028
54618.02  19.514  0.023
54624.07  19.648  0.025
54630.03  19.708  0.041
54644.01  20.059  0.039
54650.96  20.295  0.032
filter i
54571.11  16.494  0.007
54572.17  16.472  0.008
54575.18  16.492  0.010
54578.15  16.598  0.020
54582.18  16.731  0.010
54589.12  17.045  0.010
54591.09  17.154  0.012
54597.13  17.742  0.013
54606.03  18.268  0.019
54618.03  18.784  0.026
54624.08  19.064  0.030
54630.04  19.298  0.044
54644.02  19.658  0.052
54650.97  19.912  0.051
filter H
54598.15  17.385  0.096
filter J
54593.15  17.228  0.036
filter r
54571.11  16.378  0.007
54572.17  16.313  0.008
54575.18  16.246  0.008
54578.15  16.337  0.011
54582.17  16.614  0.010
54589.11  17.146  0.009
54591.09  17.305  0.014
54597.13  17.842  0.011
54606.02  18.334  0.017
54618.03  18.834  0.017
54624.07  19.090  0.024
54630.04  19.268  0.029
54644.01  19.921  0.044
54650.97  20.178  0.041
filter u
54571.11  18.162  0.029
54572.18  18.197  0.034
54575.19  18.694  0.073
54578.13  19.135  0.056
54582.16  19.901  0.064
54589.12  20.532  0.117
54591.10  20.573  0.095
54597.12  20.834  0.113
filter V
54571.12  16.518  0.006
54572.18  16.463  0.007
54575.19  16.439  0.008
54578.12  16.582  0.007
54582.15  17.014  0.009
54589.13  17.669  0.010
54591.10  17.837  0.014
54597.10  18.225  0.008
54606.04  18.593  0.024
54618.04  19.026  0.024
54624.05  19.191  0.025
54630.05  19.307  0.035
54644.02  19.678  0.045
54650.98  19.990  0.031
filter Y
54593.13  16.529  0.026
54593.14  16.480  0.021
54598.12  16.829  0.018
54598.13  16.847  0.017
54627.03  18.424  0.053
