SN2014dl 0.032943 247.442042 8.641833
filter B
56926.99  16.652  0.008
56928.00  16.530  0.009
56928.99  16.451  0.008
56930.00  16.365  0.008
56931.00  16.315  0.009
56932.00  16.269  0.009
56935.99  16.262  0.012
56937.00  16.291  0.012
56937.99  16.314  0.012
56939.00  16.335  0.015
56939.00  16.333  0.015
56939.98  16.391  0.020
56939.99  16.409  0.015
56940.99  16.436  0.018
56940.99  16.462  0.016
56941.99  16.498  0.019
56942.99  16.597  0.029
56943.99  16.596  0.029
56945.99  16.809  0.033
56945.99  16.760  0.026
56947.99  17.035  0.055
filter i
56926.99  16.962  0.011
56927.99  16.855  0.010
56928.98  16.812  0.013
56929.99  16.741  0.011
56931.00  16.700  0.011
56931.99  16.704  0.013
56935.99  16.761  0.016
56937.00  16.790  0.013
56938.00  16.795  0.013
56938.99  16.787  0.020
56938.99  16.788  0.019
56939.99  16.776  0.015
56939.99  16.822  0.016
56940.99  16.844  0.037
56940.99  16.853  0.032
56941.99  16.816  0.026
56942.99  16.947  0.031
56943.99  16.965  0.031
56945.98  17.196  0.055
56946.98  17.065  0.086
56946.99  17.208  0.066
filter H
56930.00  16.771  0.054
56932.00  16.757  0.068
56936.00  16.887  0.059
filter r
56926.99  16.685  0.006
56927.98  16.571  0.008
56928.98  16.492  0.009
56929.99  16.398  0.008
56931.00  16.364  0.009
56931.99  16.297  0.010
56935.99  16.206  0.010
56936.99  16.245  0.010
56938.00  16.198  0.010
56938.99  16.191  0.011
56938.99  16.194  0.010
56939.99  16.203  0.009
56939.99  16.221  0.009
56940.98  16.285  0.024
56940.98  16.217  0.029
56941.99  16.307  0.017
56942.99  16.306  0.013
56943.99  16.331  0.014
56945.98  16.392  0.024
56946.99  16.482  0.030
filter V
56926.99  16.642  0.007
56927.99  16.516  0.007
56928.99  16.413  0.008
56930.00  16.340  0.007
56931.00  16.287  0.008
56931.99  16.229  0.009
56935.99  16.201  0.010
56937.00  16.191  0.011
56937.99  16.227  0.011
56938.99  16.183  0.010
56938.99  16.200  0.012
56939.99  16.243  0.013
56939.99  16.234  0.012
56940.99  16.261  0.014
56940.99  16.240  0.012
56941.99  16.286  0.013
56942.99  16.314  0.017
56943.99  16.343  0.018
56945.99  16.436  0.019
56947.99  16.537  0.034
filter Y
56929.98  16.769  0.014
56931.98  16.809  0.041
56931.98  16.757  0.014
56935.99  17.041  0.017
filter Jrc2
56930.01  16.569  0.019
56932.01  16.545  0.016
56936.01  16.662  0.021
