SN2012G 0.025800 189.896250 16.586639
filter B
55948.36  16.044  0.007
55949.31  16.045  0.008
55953.28  16.148  0.008
55954.27  16.179  0.008
55955.30  16.240  0.008
55956.32  16.288  0.008
55958.28  16.430  0.008
55959.31  16.503  0.008
55960.30  16.603  0.008
55961.27  16.699  0.008
55962.34  16.791  0.008
55963.37  16.900  0.008
55964.35  17.013  0.011
55965.31  17.107  0.013
55966.28  17.224  0.013
55967.30  17.338  0.015
55971.27  17.735  0.012
55974.25  18.019  0.012
55979.28  18.433  0.013
55980.36  18.532  0.023
55981.31  18.548  0.014
55985.30  18.799  0.013
55987.27  18.858  0.014
55988.28  18.908  0.017
55989.28  18.970  0.016
filter g
55948.34  15.964  0.008
55949.33  15.961  0.006
55953.31  16.040  0.006
55954.30  16.038  0.012
55955.28  16.116  0.008
55956.29  16.139  0.012
55958.31  16.249  0.011
55959.29  16.329  0.009
55960.27  16.412  0.007
55961.28  16.478  0.010
55962.36  16.554  0.007
55963.33  16.640  0.006
55964.33  16.736  0.009
55965.28  16.829  0.010
55966.31  16.888  0.008
55967.27  17.002  0.011
55971.29  17.346  0.011
55974.26  17.599  0.013
55979.31  17.984  0.012
55980.30  18.037  0.012
55981.28  18.106  0.012
55985.29  18.328  0.015
55987.29  18.422  0.014
55988.24  18.458  0.013
55989.30  18.505  0.016
filter i
55948.34  16.762  0.008
55949.34  16.794  0.009
55953.28  16.913  0.007
55954.27  16.931  0.011
55955.29  16.964  0.009
55956.31  16.999  0.009
55958.29  17.100  0.009
55959.31  17.192  0.009
55960.29  17.260  0.010
55961.30  17.311  0.009
55962.35  17.399  0.010
55963.35  17.438  0.009
55964.34  17.478  0.013
55965.30  17.494  0.013
55966.29  17.495  0.016
55967.29  17.516  0.015
55971.30  17.449  0.013
55974.27  17.429  0.011
55979.29  17.393  0.009
55980.35  17.407  0.013
55981.30  17.424  0.010
55985.27  17.559  0.009
55987.27  17.663  0.010
55988.27  17.758  0.011
55989.28  17.807  0.011
filter r
55948.34  16.152  0.008
55949.33  16.137  0.008
55953.29  16.155  0.008
55954.28  16.181  0.011
55955.29  16.213  0.008
55956.31  16.265  0.011
55958.29  16.349  0.008
55959.30  16.416  0.008
55960.29  16.474  0.009
55961.30  16.537  0.009
55962.35  16.593  0.008
55963.34  16.642  0.008
55964.33  16.691  0.011
55965.30  16.723  0.011
55966.29  16.767  0.008
55967.29  16.795  0.011
55971.29  16.891  0.009
55974.26  16.972  0.010
55979.29  17.112  0.009
55980.34  17.161  0.008
55981.30  17.186  0.008
55985.28  17.384  0.009
55987.28  17.499  0.009
55989.29  17.620  0.009
filter u
55948.35  16.465  0.011
55949.35  16.495  0.011
55953.30  16.757  0.012
55954.29  16.851  0.014
55955.28  16.932  0.011
55956.30  17.016  0.013
55958.30  17.243  0.013
55959.30  17.348  0.013
55960.28  17.485  0.013
55961.29  17.613  0.013
55962.36  17.761  0.013
55963.36  17.866  0.014
55964.34  17.985  0.022
55965.29  18.120  0.035
55966.30  18.202  0.038
55967.28  18.437  0.039
55971.30  18.968  0.026
55974.27  19.234  0.025
55979.30  19.673  0.042
55980.31  19.725  0.054
55981.29  19.804  0.043
55985.29  19.960  0.043
55987.29  20.030  0.043
55988.25  20.025  0.055
55989.30  20.195  0.064
filter V
55948.36  16.073  0.008
55949.32  16.082  0.006
55953.27  16.122  0.006
55954.26  16.157  0.008
55955.31  16.179  0.009
55956.32  16.186  0.013
55958.28  16.287  0.007
55959.32  16.327  0.009
55960.30  16.372  0.009
55961.28  16.433  0.009
55962.34  16.481  0.009
55963.37  16.539  0.007
55964.35  16.602  0.009
55965.31  16.670  0.009
55966.27  16.723  0.009
55967.30  16.762  0.013
55971.27  17.014  0.011
55974.24  17.175  0.011
55979.28  17.430  0.009
55981.31  17.541  0.011
55985.31  17.764  0.013
55987.26  17.854  0.015
55988.29  17.909  0.014
55989.27  17.960  0.012
