SN2005be 0.035000 224.886333 16.669889
filter B
53467.40  17.450  0.006
53468.37  17.539  0.006
53472.28  18.047  0.009
53473.30  18.197  0.008
53475.26  18.484  0.009
53476.27  18.632  0.013
53477.30  18.793  0.012
53481.28  19.239  0.020
53483.29  19.468  0.047
53484.27  19.569  0.148
53489.27  19.878  0.075
53490.29  19.958  0.033
53491.29  20.038  0.031
filter g
53467.37  17.249  0.006
53468.34  17.319  0.007
53472.29  17.738  0.009
53473.31  17.866  0.007
53475.28  18.102  0.008
53476.28  18.252  0.009
53477.33  18.370  0.009
53481.25  18.864  0.016
53483.30  19.085  0.033
53489.23  19.524  0.030
53490.25  19.596  0.016
53491.26  19.593  0.014
filter i
53467.38  17.858  0.009
53468.35  17.971  0.010
53472.32  18.194  0.011
53473.32  18.191  0.010
53475.29  18.150  0.008
53476.30  18.106  0.011
53477.32  18.062  0.010
53481.26  17.986  0.014
53483.31  18.024  0.013
53489.25  18.548  0.016
53490.27  18.625  0.015
filter r
53467.38  17.171  0.006
53468.34  17.250  0.008
53472.31  17.529  0.009
53473.32  17.563  0.007
53475.28  17.625  0.008
53476.29  17.643  0.009
53477.32  17.668  0.008
53481.25  17.834  0.011
53483.31  17.988  0.014
53489.24  18.475  0.014
53490.26  18.526  0.010
53491.27  18.573  0.014
filter u
53467.39  18.312  0.021
53468.35  18.453  0.017
53472.30  19.125  0.022
53473.30  19.285  0.029
53475.27  19.535  0.037
53476.28  19.780  0.043
53477.31  20.005  0.044
filter V
53467.40  17.177  0.006
53468.36  17.245  0.006
53472.27  17.524  0.009
53473.29  17.604  0.008
53475.26  17.736  0.009
53476.26  17.841  0.010
53477.29  17.920  0.009
53481.27  18.246  0.016
53483.28  18.438  0.024
53484.26  18.421  0.045
53489.26  18.917  0.033
53490.28  18.966  0.014
53491.28  19.020  0.016
