SN2008bc 0.015077 144.630125 -63.973778
filter B
54541.17  16.230  0.008
54542.05  16.092  0.005
54543.10  15.962  0.004
54545.19  15.770  0.007
54547.10  15.671  0.007
54548.09  15.661  0.004
54549.10  15.655  0.005
54551.18  15.691  0.004
54552.18  15.717  0.004
54558.07  15.992  0.007
54560.12  16.141  0.005
54562.12  16.325  0.006
54564.12  16.525  0.004
54566.12  16.748  0.006
54568.10  16.960  0.006
54569.21  17.074  0.005
54570.06  17.151  0.006
54573.07  17.448  0.008
54574.14  17.546  0.012
54575.11  17.661  0.011
54576.07  17.744  0.014
54582.07  18.210  0.009
54589.08  18.534  0.012
54592.03  18.626  0.013
54595.14  18.722  0.013
54606.01  18.922  0.109
54618.02  19.039  0.016
54625.99  19.166  0.019
54643.97  19.445  0.024
54645.97  19.477  0.020
filter g
54541.18  16.116  0.007
54542.07  15.986  0.006
54543.09  15.857  0.004
54545.17  15.664  0.007
54547.08  15.571  0.008
54548.07  15.553  0.005
54549.07  15.532  0.006
54551.20  15.559  0.004
54552.19  15.568  0.004
54570.04  16.703  0.007
54571.02  16.786  0.007
54573.05  16.961  0.006
54574.12  17.060  0.006
54575.09  17.134  0.009
54576.05  17.225  0.008
54582.09  17.710  0.006
54595.16  18.262  0.007
54605.99  18.468  0.038
54618.00  18.669  0.013
54625.97  18.796  0.016
54643.95  19.162  0.056
54645.95  19.123  0.044
filter i
54542.08  16.124  0.009
54543.09  16.037  0.006
54545.18  15.934  0.011
54548.07  15.955  0.005
54549.08  15.998  0.006
54551.21  16.045  0.007
54552.20  16.132  0.005
54562.11  16.717  0.011
54569.24  16.815  0.008
54571.03  16.762  0.010
54573.06  16.691  0.008
54574.13  16.681  0.007
54576.06  16.604  0.009
54582.10  16.637  0.007
54589.06  17.105  0.008
54592.05  17.276  0.010
54595.17  17.440  0.008
54605.99  17.890  0.014
54618.01  18.384  0.022
54625.98  18.619  0.022
54643.96  19.177  0.049
54645.95  19.236  0.034
filter H
54543.23  15.800  0.058
54543.23  15.767  0.058
54544.27  15.866  0.023
54548.24  15.854  0.058
54548.25  15.858  0.058
54553.17  16.057  0.058
54553.18  16.026  0.059
54554.22  16.109  0.058
54554.23  16.115  0.058
54559.15  16.444  0.040
54559.16  16.424  0.041
54581.17  15.986  0.036
54585.11  16.195  0.036
54585.12  16.228  0.040
54590.14  16.386  0.052
54590.15  16.341  0.042
54607.11  17.211  0.060
54607.12  17.179  0.060
filter J
54543.26  15.762  0.033
54543.27  15.747  0.033
54544.26  15.668  0.018
54544.27  15.670  0.019
54548.21  15.799  0.033
54548.22  15.781  0.033
54553.14  16.148  0.033
54553.15  16.129  0.033
54554.19  16.242  0.033
54554.19  16.226  0.033
54559.13  16.941  0.033
54559.14  16.854  0.032
54581.15  16.795  0.031
54581.16  16.817  0.031
54585.08  16.797  0.031
54585.10  16.797  0.031
54590.12  17.253  0.049
54590.13  17.335  0.043
54596.21  17.825  0.058
54607.07  18.604  0.041
54607.08  18.602  0.039
filter r
54543.09  15.775  0.007
54545.18  15.601  0.008
54547.09  15.524  0.011
54548.07  15.472  0.004
54549.08  15.441  0.006
54551.20  15.433  0.004
54552.20  15.479  0.004
54573.05  16.277  0.004
54574.12  16.301  0.005
54575.10  16.280  0.011
54576.05  16.321  0.008
54589.06  17.026  0.006
54618.00  18.044  0.013
54625.98  18.303  0.016
54643.95  18.854  0.031
54645.95  18.852  0.024
filter u
54541.17  16.886  0.012
54542.06  16.695  0.011
54543.10  16.536  0.011
54545.19  16.351  0.011
54547.09  16.278  0.011
54548.08  16.259  0.011
54549.09  16.291  0.012
54551.19  16.402  0.011
54552.19  16.443  0.011
54558.06  16.896  0.011
54560.11  17.109  0.013
54562.11  17.369  0.014
54564.11  17.611  0.017
54566.13  17.870  0.017
54568.10  18.144  0.017
54569.22  18.264  0.021
54570.05  18.351  0.025
54571.03  18.469  0.028
54573.06  18.685  0.038
54574.13  18.810  0.059
54575.10  18.939  0.051
54576.06  19.084  0.070
54582.08  19.439  0.036
54589.07  19.739  0.054
54592.04  19.862  0.042
54595.15  19.907  0.055
54618.01  20.293  0.116
54643.96  20.828  0.188
54645.96  20.857  0.134
filter V
54542.05  15.973  0.006
54543.11  15.848  0.006
54545.19  15.653  0.007
54547.10  15.542  0.009
54548.08  15.519  0.004
54549.09  15.501  0.006
54551.18  15.488  0.006
54552.18  15.502  0.004
54560.12  15.789  0.007
54564.12  16.042  0.005
54570.06  16.346  0.005
54573.07  16.476  0.006
54574.14  16.544  0.007
54575.11  16.594  0.010
54576.07  16.635  0.007
54582.07  17.007  0.007
54589.07  17.437  0.008
54592.02  17.537  0.009
54595.14  17.680  0.007
54606.00  17.946  0.014
54618.01  18.290  0.012
54625.99  18.469  0.012
54643.97  18.909  0.020
filter Y
54544.24  15.850  0.014
54544.25  15.819  0.017
54559.12  16.794  0.018
54559.13  16.762  0.017
54581.13  15.742  0.014
54581.14  15.766  0.014
54585.07  15.755  0.012
54585.08  15.772  0.012
54590.11  16.055  0.015
54590.11  16.047  0.016
54596.19  16.453  0.013
54596.20  16.394  0.015
54625.01  17.919  0.054
54625.02  17.896  0.040
filter Ydw
54543.24  15.890  0.021
54543.25  15.896  0.021
54548.23  16.046  0.021
54548.23  16.049  0.021
54553.16  16.527  0.021
54553.16  16.513  0.021
54554.20  16.589  0.021
54554.21  16.603  0.021
54607.09  17.002  0.021
54607.10  17.010  0.021
