SN2007bm 0.006207 171.259583 -9.798278
filter B
54224.16  14.553  0.004
54227.15  14.618  0.003
54229.07  14.706  0.003
54231.16  14.851  0.004
54235.10  15.225  0.005
54239.12  15.710  0.004
54241.04  15.959  0.005
54249.05  16.802  0.014
54255.06  17.227  0.010
54259.07  17.420  0.010
filter g
54227.16  14.376  0.003
54229.08  14.437  0.004
54231.16  14.543  0.004
54239.10  15.183  0.005
54241.07  15.395  0.005
54241.09  15.398  0.004
54249.06  16.150  0.008
54255.08  16.611  0.006
54259.05  16.816  0.008
filter i
54224.18  14.314  0.007
54227.17  14.403  0.005
54229.09  14.448  0.005
54231.17  14.577  0.007
54235.09  14.832  0.009
54239.11  14.859  0.007
54241.08  14.816  0.006
54249.07  14.746  0.004
54255.09  15.029  0.004
54259.06  15.333  0.007
filter H
54217.08  14.189  0.009
54217.09  14.211  0.010
54228.06  14.400  0.011
54228.08  14.398  0.012
54233.08  14.531  0.015
54233.09  14.525  0.016
54237.13  14.482  0.018
54237.14  14.482  0.020
54244.14  14.163  0.011
54244.15  14.180  0.012
54254.07  14.244  0.008
54254.08  14.261  0.008
54278.02  15.527  0.009
54278.03  15.524  0.009
filter J
54217.06  14.090  0.013
54217.07  14.104  0.010
54220.19  13.899  0.007
54220.19  13.893  0.007
54220.20  13.896  0.007
54220.20  13.898  0.007
54228.04  14.287  0.013
54228.05  14.296  0.010
54233.06  15.089  0.013
54233.07  15.055  0.012
54237.12  15.551  0.016
54237.12  15.532  0.016
54244.11  15.341  0.016
54244.12  15.332  0.014
54254.09  14.865  0.008
54254.10  14.861  0.008
54277.98  16.796  0.013
54278.01  16.752  0.012
filter r
54229.09  13.995  0.004
54231.17  14.098  0.006
54239.10  14.552  0.005
54241.08  14.611  0.006
54249.07  14.836  0.004
54255.08  15.237  0.004
54259.05  15.502  0.008
filter u
54224.17  15.476  0.011
54235.09  16.590  0.011
54239.11  17.259  0.014
54241.05  17.587  0.021
54241.06  17.610  0.016
54249.05  18.442  0.077
54255.07  18.974  0.045
54259.06  19.033  0.048
filter V
54224.16  14.140  0.004
54227.14  14.137  0.009
54227.15  14.129  0.003
54229.07  14.160  0.004
54231.15  14.233  0.005
54235.10  14.438  0.008
54239.12  14.730  0.004
54241.04  14.871  0.006
54249.04  15.335  0.005
54255.06  15.755  0.005
54259.07  15.991  0.006
filter Y
54217.04  14.352  0.218
54217.05  14.368  0.218
54220.18  14.121  0.018
54220.18  14.204  0.249
54220.18  14.167  0.217
54220.18  14.169  0.217
54228.03  14.771  0.249
54228.04  14.743  0.218
54233.05  15.016  0.250
54233.05  14.953  0.218
54237.10  14.956  0.249
54237.11  14.900  0.217
54244.09  14.339  0.016
54244.10  14.339  0.018
filter Ydw
54254.11  13.946  0.361
54254.11  13.974  0.361
54277.97  15.305  0.361
54277.97  15.344  0.361
