SN2011Z 0.018069 202.679330 -20.953889
filter B
55597.30  16.457  0.015
55598.29  16.396  0.015
55599.28  16.331  0.016
55602.28  16.412  0.014
55607.28  17.049  0.015
55611.26  17.758  0.025
55612.26  17.972  0.026
55616.25  18.485  0.032
55619.24  18.730  0.041
55621.28  18.799  0.049
55624.25  19.039  0.039
55628.21  19.238  0.078
55659.17  19.933  0.096
55685.14  20.327  0.100
filter Is
55597.30  16.130  0.018
55598.29  16.131  0.016
55599.28  16.113  0.016
55602.28  16.171  0.016
55607.28  16.410  0.019
55612.26  16.457  0.021
55616.25  16.475  0.017
55619.24  16.584  0.018
55624.25  16.979  0.019
55634.20  17.610  0.027
55647.16  18.048  0.037
55649.18  18.150  0.039
55654.16  18.202  0.051
55657.15  18.520  0.049
55659.17  18.474  0.054
55676.07  18.971  0.075
55685.14  19.285  0.100
filter Rs
55597.30  16.170  0.014
55598.29  16.149  0.015
55599.28  16.087  0.014
55602.28  16.044  0.014
55607.28  16.313  0.015
55611.26  16.553  0.014
55612.26  16.573  0.014
55616.25  16.773  0.015
55619.24  16.989  0.017
55621.28  17.169  0.020
55624.25  17.414  0.023
55634.20  18.082  0.029
55639.22  18.433  0.061
55647.16  18.670  0.042
55649.18  18.787  0.029
55654.16  18.880  0.045
55657.15  19.004  0.045
55659.17  19.145  0.065
55676.07  19.824  0.072
55685.14  20.417  0.100
filter V
55597.30  16.401  0.014
55598.29  16.337  0.015
55599.28  16.279  0.015
55602.28  16.230  0.013
55607.28  16.461  0.014
55611.26  16.827  0.016
55612.26  16.913  0.017
55616.25  17.239  0.017
55619.24  17.532  0.019
55621.28  17.651  0.021
55624.25  17.915  0.028
55628.21  18.162  0.028
55634.20  18.385  0.030
55639.22  18.658  0.046
55647.16  18.884  0.050
55649.18  18.985  0.039
55657.15  19.209  0.044
55659.17  19.313  0.060
55676.07  19.844  0.058
55685.14  20.074  0.100
filter g_s
55598.309  16.391  0.016
55598.312  16.394  0.016
55602.339  16.346  0.019
55625.236  18.579  0.027
55630.245  18.814  0.041
55632.250  18.944  0.034
55634.220  18.999  0.036
55647.220  19.292  0.036
55648.176  19.319  0.039
55649.184  19.343  0.043
55654.178  19.443  0.047
55676.085  19.936  0.053
55682.126  20.004  0.049
55685.155  20.129  0.047
filter i_s
55598.309  16.553  0.018
55598.312  16.551  0.018
55599.279  16.531  0.018
55607.356  16.858  0.020
55609.260  16.988  0.018
55611.246  17.038  0.018
55612.243  17.007  0.019
55615.236  16.975  0.020
55621.371  17.269  0.025
55624.209  17.587  0.030
55631.333  17.983  0.032
55635.210  18.178  0.046
55639.229  18.370  0.053
55645.165  18.754  0.057
55652.260  18.987  0.068
55655.130  19.273  0.178
55663.146  19.715  0.279
filter r_s
55598.309  16.323  0.017
55598.312  16.325  0.019
55599.279  16.277  0.015
55607.356  16.451  0.016
55608.296  16.507  0.015
55611.246  16.714  0.013
55612.243  16.752  0.015
55615.236  16.889  0.014
55618.320  17.030  0.022
55621.371  17.340  0.018
55624.209  17.596  0.030
55631.333  18.003  0.021
55632.250  18.009  0.065
55635.210  18.156  0.027
55639.229  18.377  0.039
55645.165  18.574  0.035
55652.260  18.792  0.038
55655.130  18.945  0.041
filter z_s
55598.309  16.600  0.023
55598.312  16.599  0.024
55599.279  16.577  0.027
55609.260  16.798  0.028
55611.246  16.824  0.024
55612.243  16.794  0.026
55615.236  16.818  0.022
55624.209  17.326  0.042
55631.333  17.777  0.035
55635.210  17.926  0.045
55639.229  18.210  0.083
55645.165  18.580  0.081
55652.260  18.790  0.093
