SN2008ha 0.004643 353.719542 18.226500
filter B
54781.06  18.133  0.022
54783.07  18.080  0.025
54785.09  18.229  0.026
54786.02  18.337  0.016
54789.07  18.825  0.027
54792.04  19.354  0.036
54793.04  19.521  0.043
54795.04  19.852  0.048
54797.02  20.057  0.084
54801.04  20.355  0.060
54802.04  20.368  0.054
54803.02  20.506  0.103
filter g
54781.03  17.960  0.014
54783.04  17.865  0.015
54785.07  17.945  0.012
54786.03  18.020  0.007
54789.08  18.349  0.010
54792.01  18.748  0.030
54793.01  18.991  0.055
54795.01  19.269  0.089
54797.04  19.552  0.020
54798.04  19.626  0.021
54801.06  19.835  0.024
54803.04  19.905  0.025
54809.02  20.219  0.186
54810.04  20.210  0.076
filter i
54781.04  18.086  0.028
54783.05  17.878  0.016
54785.08  17.790  0.014
54786.04  17.745  0.011
54789.09  17.684  0.011
54792.02  17.781  0.012
54793.02  17.875  0.014
54795.02  18.070  0.023
54797.05  18.201  0.012
54798.05  18.275  0.017
54801.07  18.448  0.016
54802.02  18.456  0.025
54803.05  18.538  0.015
54806.03  18.683  0.038
54807.02  18.719  0.042
54808.03  18.867  0.050
54809.03  18.852  0.035
54810.05  18.874  0.032
filter H
54782.09  17.516  0.135
54784.10  17.474  0.134
54787.11  17.231  0.106
54787.12  17.211  0.100
54791.04  17.091  0.088
54791.05  17.271  0.102
54800.06  17.461  0.117
filter J
54782.07  17.860  0.070
54782.07  17.769  0.075
54784.09  17.634  0.067
54787.09  17.593  0.060
54791.02  17.691  0.068
54800.04  17.804  0.116
filter r
54781.04  17.984  0.016
54783.05  17.815  0.014
54785.07  17.681  0.011
54786.04  17.674  0.007
54789.09  17.667  0.013
54792.01  17.841  0.012
54793.01  17.970  0.023
54795.01  18.194  0.019
54797.04  18.375  0.012
54798.04  18.454  0.013
54801.07  18.654  0.015
54802.02  18.668  0.026
54803.05  18.766  0.014
54806.02  18.934  0.038
54807.02  19.111  0.058
54808.02  19.017  0.051
54809.02  19.163  0.041
54810.05  19.281  0.033
filter u
54781.05  19.205  0.101
54785.08  19.479  0.077
54786.03  19.726  0.053
54789.07  20.337  0.061
54792.02  20.913  0.091
54793.03  20.987  0.097
54795.03  21.440  0.131
filter V
54781.05  17.861  0.017
54783.07  17.712  0.016
54785.09  17.710  0.014
54786.01  17.714  0.012
54789.06  17.905  0.015
54792.03  18.237  0.015
54793.03  18.377  0.015
54795.03  18.650  0.020
54797.01  18.825  0.048
54798.01  18.893  0.044
54801.04  19.141  0.027
54802.04  19.161  0.026
54803.02  19.206  0.057
54806.04  19.353  0.058
54807.04  19.341  0.065
54808.04  19.461  0.061
54809.04  19.597  0.062
filter Y
54782.05  17.829  0.070
54782.06  17.836  0.060
54787.08  17.535  0.038
54791.01  17.490  0.045
54791.01  17.406  0.037
54800.02  17.909  0.056
54800.03  17.947  0.062
