SN2008hj 0.037867 1.007958 -11.168750
filter B
54795.07  17.184  0.009
54797.07  17.002  0.007
54798.07  16.941  0.007
54801.09  16.891  0.009
54802.07  16.890  0.009
54803.07  16.910  0.009
54806.08  17.040  0.009
54808.08  17.128  0.010
54809.08  17.208  0.011
54810.07  17.286  0.010
54813.04  17.520  0.011
54817.04  17.944  0.010
54818.05  18.078  0.011
54820.03  18.283  0.014
54830.05  19.277  0.025
54834.04  19.519  0.066
filter g
54795.05  17.087  0.007
54797.08  16.918  0.006
54798.08  16.864  0.006
54801.10  16.779  0.007
54802.05  16.781  0.006
54803.09  16.788  0.009
54806.06  16.896  0.006
54808.05  16.982  0.007
54809.05  17.036  0.008
54810.08  17.112  0.009
54813.05  17.311  0.008
54817.02  17.680  0.017
54818.03  17.755  0.013
54820.05  17.971  0.008
54830.03  18.805  0.036
54834.05  19.235  0.021
filter i
54795.06  17.546  0.011
54797.09  17.449  0.008
54798.09  17.438  0.009
54801.11  17.477  0.012
54802.06  17.490  0.009
54803.10  17.501  0.014
54806.07  17.595  0.012
54808.06  17.658  0.012
54809.06  17.740  0.011
54810.09  17.830  0.013
54813.06  18.103  0.013
54817.03  18.293  0.018
54818.03  18.321  0.016
54820.06  18.294  0.013
54830.04  18.052  0.016
54834.06  18.131  0.017
filter H
54794.10  17.930  0.100
54794.11  17.754  0.086
54796.10  17.542  0.090
54799.07  17.573  0.111
54822.06  17.916  0.115
54833.06  17.706  0.132
filter J
54794.09  17.597  0.100
54794.09  17.488  0.100
54796.07  17.516  0.051
54796.08  17.563  0.048
54799.04  17.527  0.069
54806.07  17.979  0.019
54806.08  18.055  0.020
filter r
54795.05  17.194  0.008
54797.09  17.029  0.006
54798.09  16.973  0.006
54801.10  16.878  0.009
54802.05  16.874  0.007
54803.09  16.849  0.009
54806.06  16.914  0.008
54808.06  16.987  0.008
54809.06  17.027  0.010
54810.09  17.082  0.008
54813.06  17.284  0.009
54817.02  17.488  0.013
54818.03  17.533  0.008
54820.06  17.593  0.008
54830.03  17.840  0.011
54834.06  18.043  0.012
filter u
54795.06  17.804  0.019
54797.07  17.541  0.018
54798.07  17.495  0.017
54801.09  17.488  0.017
54802.06  17.519  0.017
54803.08  17.586  0.017
54806.07  17.844  0.019
54808.07  18.024  0.022
54809.07  18.164  0.026
54810.07  18.244  0.025
54813.05  18.624  0.029
54817.03  19.152  0.028
54818.04  19.187  0.032
54820.04  19.485  0.036
filter V
54795.07  17.197  0.009
54797.06  17.039  0.008
54798.06  16.967  0.006
54801.08  16.890  0.008
54802.07  16.863  0.009
54803.06  16.865  0.008
54806.08  16.932  0.008
54808.07  17.012  0.008
54809.07  17.052  0.008
54810.06  17.067  0.009
54813.03  17.237  0.010
54817.04  17.489  0.010
54818.05  17.541  0.009
54820.03  17.649  0.012
54830.05  18.222  0.014
54834.03  18.538  0.028
filter Y
54794.06  17.625  0.020
54794.07  17.598  0.022
54796.05  17.434  0.024
54796.06  17.495  0.025
54811.03  18.405  0.054
54811.04  18.260  0.059
54815.01  18.379  0.077
54815.02  18.355  0.071
54816.01  18.378  0.081
54816.02  18.436  0.058
54819.01  18.383  0.076
54819.02  18.342  0.062
54822.02  18.052  0.051
54822.03  18.052  0.040
54828.02  17.698  0.067
54828.03  17.799  0.042
54833.03  17.557  0.032
54833.04  17.498  0.028
filter Ydw
54806.09  18.151  0.023
54806.10  18.148  0.023
