SN2008cc 0.010387 315.873417 -67.183639
filter B
54582.35  15.027  0.004
54583.35  15.163  0.004
54587.33  15.635  0.005
54589.33  15.954  0.006
54591.31  16.221  0.007
54592.38  16.342  0.007
54595.35  16.649  0.010
54597.30  16.837  0.009
54606.28  17.389  0.014
54616.24  17.613  0.015
54624.30  17.758  0.015
54628.29  17.821  0.020
54630.28  17.857  0.015
54644.21  18.073  0.021
54646.23  18.114  0.021
54648.27  18.129  0.020
54650.31  18.147  0.019
54651.29  18.161  0.019
54653.27  18.198  0.017
54654.37  18.228  0.018
filter g
54583.36  14.868  0.004
54587.31  15.274  0.005
54589.32  15.514  0.007
54591.30  15.745  0.008
54592.39  15.878  0.011
54595.36  16.204  0.009
54606.26  16.957  0.010
54616.22  17.226  0.016
54618.23  17.240  0.014
54624.31  17.389  0.009
54628.27  17.446  0.009
54630.27  17.500  0.010
54644.20  17.684  0.020
54646.21  17.742  0.024
54648.28  17.786  0.009
54650.29  17.807  0.020
54651.27  17.828  0.024
54653.25  17.847  0.016
54654.35  17.888  0.013
filter i
54582.37  15.354  0.005
54583.37  15.414  0.005
54587.32  15.437  0.005
54589.32  15.382  0.007
54591.30  15.304  0.005
54592.39  15.297  0.007
54595.36  15.271  0.005
54597.32  15.382  0.005
54606.27  16.114  0.009
54616.23  16.595  0.008
54618.23  16.697  0.015
54624.32  16.929  0.009
54628.28  17.072  0.010
54630.27  17.185  0.012
54644.20  17.681  0.012
54646.22  17.732  0.015
54648.28  17.825  0.015
54650.30  17.849  0.019
54651.28  17.915  0.021
54653.26  17.992  0.016
54654.36  17.981  0.014
filter H
54588.41  15.000  0.018
54588.43  15.047  0.020
54590.41  14.956  0.017
54590.42  14.955  0.021
54593.47  14.875  0.027
54594.39  14.828  0.018
54594.40  14.840  0.020
54598.41  15.050  0.016
54598.42  15.082  0.021
54607.37  15.711  0.020
54607.38  15.716  0.020
54625.36  16.363  0.084
54629.33  16.655  0.102
filter J
54588.40  15.965  0.028
54588.41  16.031  0.025
54590.39  15.874  0.021
54590.40  15.873  0.019
54593.45  15.652  0.021
54593.46  15.630  0.018
54594.37  15.588  0.020
54594.38  15.546  0.021
54598.39  15.503  0.019
54598.40  15.518  0.017
54607.33  16.529  0.007
54607.34  16.564  0.008
filter r
54582.37  14.650  0.005
54583.36  14.740  0.005
54587.31  14.898  0.005
54589.32  14.947  0.006
54591.30  14.976  0.005
54592.39  15.010  0.005
54595.36  15.160  0.005
54597.31  15.336  0.005
54606.27  16.014  0.007
54616.23  16.404  0.007
54618.23  16.490  0.007
54624.32  16.715  0.007
54628.27  16.849  0.007
54630.27  16.936  0.008
54644.20  17.405  0.012
54646.22  17.482  0.010
54648.28  17.547  0.010
54650.29  17.625  0.012
54651.27  17.665  0.012
54653.26  17.729  0.011
54654.35  17.754  0.014
filter u
54582.36  16.051  0.008
54583.36  16.212  0.008
54587.32  16.813  0.013
54589.33  17.135  0.015
54591.31  17.422  0.018
54592.38  17.530  0.014
54595.35  17.795  0.014
54597.30  17.967  0.017
54606.27  18.393  0.040
54616.23  18.768  0.039
54618.24  18.809  0.049
54624.30  18.972  0.023
54628.29  19.053  0.036
54630.28  19.115  0.036
54644.21  19.509  0.048
54646.22  19.463  0.064
54648.27  19.499  0.057
54650.30  19.593  0.057
54651.28  19.644  0.054
54653.26  19.592  0.060
54654.36  19.610  0.061
filter V
54582.34  14.566  0.005
54583.34  14.642  0.004
54587.32  14.914  0.005
54589.33  15.053  0.005
54591.31  15.196  0.005
54592.37  15.274  0.006
54595.34  15.519  0.006
54597.29  15.711  0.005
54606.28  16.328  0.009
54616.23  16.651  0.012
54618.24  16.715  0.017
54624.29  16.894  0.008
54628.28  17.000  0.014
54630.28  17.065  0.010
54644.21  17.424  0.011
54646.23  17.441  0.017
54648.26  17.520  0.010
54650.30  17.550  0.019
54651.28  17.598  0.012
54653.27  17.622  0.012
54654.36  17.669  0.011
filter Y
54588.38  15.110  0.013
54588.39  15.095  0.014
54590.38  14.975  0.011
54590.39  15.005  0.012
54593.44  14.729  0.012
54593.45  14.725  0.011
54594.35  14.674  0.013
54594.36  14.656  0.012
54598.38  14.596  0.011
54598.39  14.575  0.011
54617.37  15.760  0.015
54617.38  15.808  0.013
54625.31  16.254  0.016
54625.32  16.262  0.019
54629.27  16.510  0.014
54645.31  17.254  0.023
54645.32  17.198  0.026
filter Ydw
54607.35  15.219  0.012
54607.36  15.193  0.012
