SN2003ic 0.055672 10.459292 -9.305278
filter B4sh
52909.316  17.810  0.039
52910.310  17.888  0.020
52929.334  19.975  0.104
52931.283  20.406  0.147
52935.258  20.641  0.152
filter I4sh
52909.314  17.916  0.154
52912.347  18.160  0.059
52929.333  18.131  0.059
52931.281  18.394  0.075
52935.257  18.804  0.087
filter R4sh
52909.312  17.553  0.024
52912.345  17.583  0.051
52929.331  18.361  0.037
52931.279  18.548  0.043
52935.255  18.790  0.045
52966.223  19.688  0.120
filter Us
52909.319  17.717  0.049
52912.352  18.148  0.065
filter V4sh
52909.310  17.768  0.030
52910.304  17.768  0.035
52929.328  19.131  0.061
52931.277  19.294  0.062
