SN2006ob 0.059197 27.950458 0.263417
filter B
54060.14  18.413  0.012
54065.07  18.386  0.014
54073.10  19.103  0.049
54075.13  19.470  0.045
54079.14  20.034  0.036
filter g
54060.15  18.315  0.013
54065.09  18.248  0.009
54073.11  18.900  0.030
54075.11  19.120  0.031
54079.15  19.716  0.024
54084.05  20.291  0.038
54087.05  20.626  0.037
54092.09  20.940  0.053
filter i
54060.16  18.607  0.019
54065.10  18.616  0.019
54073.13  19.166  0.036
54075.11  19.313  0.033
54079.16  19.132  0.031
54084.06  19.100  0.039
54087.06  19.268  0.026
54092.10  19.678  0.040
54100.07  20.158  0.126
54104.06  20.331  0.076
54108.07  20.631  0.067
54112.10  20.601  0.079
filter H
54066.15  18.893  0.100
54066.16  19.154  0.135
filter J
54066.14  18.885  0.051
54066.14  18.930  0.053
filter r
54060.16  18.378  0.014
54065.09  18.224  0.011
54073.12  18.580  0.023
54075.11  18.735  0.021
54079.16  18.890  0.016
54084.06  19.165  0.024
54087.06  19.424  0.022
54092.10  19.843  0.030
54100.06  20.055  0.095
54104.05  20.356  0.060
54108.07  20.394  0.030
54112.09  20.523  0.042
54121.06  20.591  0.063
filter u
54060.14  18.421  0.036
54065.08  18.760  0.038
filter V
54060.13  18.365  0.016
54065.07  18.255  0.013
54073.10  18.677  0.029
54075.12  18.796  0.029
54079.13  19.152  0.024
54084.07  19.685  0.041
54092.07  20.401  0.049
54104.07  20.811  0.120
54112.06  20.932  0.067
54121.08  21.150  0.118
filter Y
54072.10  18.996  0.119
54074.13  18.805  0.108
54077.07  18.612  0.122
54083.06  18.566  0.091
54083.07  18.391  0.081
54090.03  18.636  0.058
54090.04  18.539  0.059
filter Ydw
54066.12  18.845  0.034
54100.07  19.204  0.055
