SN2007fb 0.018029 359.218210 5.508833
filter B
54285.44000  16.025  0.034
54289.39000  15.989  0.038
54291.44000  16.072  0.029
54293.47000  16.210  0.025
54295.45000  16.403  0.030
54297.45000  16.588  0.026
54301.48000  17.104  0.078
54303.45000  17.390  0.046
54306.48000  17.885  0.051
54308.39000  18.035  0.099
54310.37000  18.275  0.162
54312.41000  18.555  0.129
54317.39000  18.795  0.133
54320.39000  18.926  0.106
54323.14000  18.968  0.076
54323.41000  18.995  0.117
54324.12000  19.047  0.088
54326.38000  19.096  0.136
54329.39000  19.226  0.183
54332.35000  19.230  0.136
54333.07000  19.276  0.048
54335.36000  19.434  0.201
54344.14000  19.552  0.077
54345.32000  19.302  0.233
54348.40000  19.458  0.228
54353.40000  19.601  0.240
54357.43000  19.721  0.203
54360.30000  19.642  0.221
54363.44000  19.529  0.292
54366.25000  19.955  0.443
54375.33000  19.638  0.519
54379.08000  20.006  0.111
54379.30000  20.023  0.315
54380.12000  19.963  0.081
54382.26000  19.906  0.187
54388.26000  20.054  0.209
filter Bk
54288.46094  15.735  0.031
54292.43750  15.932  0.021
54297.45703  16.368  0.022
54298.45312  16.448  0.030
54300.41797  16.766  0.019
54310.46094  18.013  0.083
54312.45312  17.990  0.060
54346.44531  19.520  0.227
54348.35156  19.372  0.105
54350.39062  19.474  0.241
54351.39062  19.483  0.093
54352.22266  19.506  0.212
54353.39062  19.469  0.113
54354.32422  19.568  0.152
54355.34766  19.510  0.108
54357.34766  19.625  0.136
54361.36719  19.666  0.154
54363.26953  19.688  0.173
54372.42578  19.537  0.298
54375.36719  19.688  0.186
54377.28516  19.811  0.134
54379.29688  19.423  0.240
54394.22266  20.121  0.273
54401.33594  19.928  0.278
54404.20312  20.474  0.299
54406.17969  20.346  0.209
54407.29297  20.567  0.288
54408.16016  20.457  0.211
filter H2m
54292.46094  2080.265  332.425
54348.30859  692.717  110.696
filter Is
54285.44000  15.866  0.066
54289.39000  16.055  0.133
54291.44000  16.122  0.071
54293.47000  16.282  0.102
54295.45000  16.560  0.137
54297.45000  16.620  0.093
54301.48000  16.642  0.090
54303.45000  16.562  0.103
54306.48000  16.468  0.132
54308.39000  16.384  0.099
54310.37000  16.477  0.150
54312.41000  16.631  0.178
54317.39000  16.972  0.155
54320.39000  17.090  0.148
54323.14000  17.100  0.022
54323.41000  17.300  0.134
54324.12000  17.178  0.030
54326.38000  17.522  0.189
54329.39000  17.686  0.195
54332.35000  17.817  0.234
54333.07000  17.641  0.040
54335.36000  18.037  0.406
54344.14000  18.098  0.053
54345.32000  18.481  0.360
54348.40000  18.598  0.570
54353.40000  18.777  0.408
54357.43000  18.955  0.361
54360.30000  19.034  0.460
54366.25000  19.478  0.840
54379.30000  19.808  0.714
54380.12000  19.725  0.308
54382.26000  20.162  0.721
54388.26000  20.460  0.589
filter J2m
54292.46094  2323.191  525.677
54347.32812  181.366  28.982
filter Ks2m
54347.32812  1541.833  385.235
filter Rs
54285.44000  15.772  0.042
54289.39000  15.727  0.083
54291.44000  15.719  0.037
54293.47000  15.834  0.047
54295.45000  16.155  0.087
54297.45000  16.224  0.052
54301.48000  16.447  0.056
54303.45000  16.456  0.054
54306.48000  16.475  0.079
54308.39000  16.525  0.100
54310.37000  16.642  0.128
54312.41000  16.763  0.103
54317.39000  17.282  0.107
54320.39000  17.383  0.110
54323.14000  17.463  0.028
54323.41000  17.498  0.115
54324.12000  17.501  0.021
54326.38000  17.711  0.198
54329.39000  17.737  0.160
54332.35000  17.916  0.152
54333.07000  17.889  0.036
54335.36000  18.023  0.179
54344.14000  18.278  0.059
54345.32000  18.425  0.206
54348.40000  18.385  0.448
54353.40000  18.704  0.284
54357.43000  18.877  0.306
54360.30000  18.950  0.301
54363.44000  18.719  0.499
54366.25000  19.198  0.544
54375.33000  19.244  0.677
54379.08000  19.419  0.312
54379.30000  19.298  0.485
54380.12000  19.465  0.120
54382.26000  19.759  0.424
54388.26000  19.710  0.342
filter uk
54292.43750  15.944  0.054
54297.46094  16.538  0.053
54300.41797  16.953  0.057
54310.46094  18.346  0.215
54312.45703  18.393  0.240
54313.44141  18.478  0.217
filter V
54285.44000  15.873  0.026
54289.39000  15.812  0.064
54291.44000  15.851  0.021
54293.47000  15.920  0.025
54295.45000  16.034  0.033
54297.45000  16.150  0.031
54301.48000  16.412  0.029
54303.45000  16.496  0.034
54306.48000  16.726  0.059
54308.39000  16.865  0.078
54310.37000  17.034  0.095
54312.41000  17.214  0.096
54317.39000  17.611  0.082
54320.39000  17.759  0.090
54323.14000  17.808  0.019
54323.41000  17.840  0.094
54324.12000  17.851  0.022
54326.38000  17.946  0.107
54329.39000  18.100  0.147
54332.35000  18.110  0.112
54333.07000  18.149  0.024
54335.36000  18.226  0.127
54344.14000  18.423  0.043
54345.32000  18.441  0.142
54348.40000  18.747  0.348
54353.40000  18.721  0.157
54357.43000  18.876  0.173
54360.30000  18.876  0.240
54363.44000  19.132  0.352
54366.25000  19.113  0.434
54375.33000  19.301  0.550
54379.08000  19.416  0.114
54379.30000  19.492  0.381
54380.12000  19.408  0.086
54382.26000  19.440  0.231
54388.26000  19.661  0.237
filter Vk
54292.43359  15.787  0.016
54297.45703  16.089  0.016
54298.45312  16.157  0.062
54300.41406  16.295  0.018
54310.46094  17.045  0.027
54311.46875  17.245  0.087
54312.45312  17.225  0.033
54346.44141  18.603  0.069
54348.34766  18.617  0.056
54350.38672  18.769  0.055
54351.38672  18.716  0.058
54352.22656  18.715  0.066
54353.38672  18.737  0.059
54354.32031  18.865  0.069
54355.33984  18.834  0.063
54357.34375  18.896  0.069
54361.36328  18.941  0.070
54363.26172  18.986  0.076
54368.17969  18.994  0.117
54372.41797  19.360  0.175
54375.36328  19.432  0.127
54377.27734  19.527  0.111
54379.28906  19.329  0.151
54394.21875  19.791  0.220
54401.32812  19.514  0.126
54406.17188  19.943  0.189
54407.28906  20.163  0.189
54408.15234  20.144  0.216
54415.17188  20.303  0.235
filter ik
54292.42969  16.382  0.021
54297.45312  16.956  0.028
54298.44922  17.036  0.051
54300.41016  17.029  0.027
54310.45703  16.780  0.035
54311.46484  16.907  0.049
54312.44922  16.846  0.028
54348.33984  18.726  0.078
54350.38281  18.808  0.085
54351.37891  18.785  0.059
54352.22266  18.720  0.106
54353.37500  18.914  0.087
54354.31250  18.912  0.083
54355.33594  19.012  0.080
54357.33594  19.271  0.111
54361.35938  19.228  0.108
54363.25781  19.277  0.102
54368.17578  19.716  0.195
54372.41406  20.092  0.332
54375.35547  19.617  0.165
54377.27344  19.603  0.172
54379.28516  19.603  0.149
54394.21094  20.010  0.226
54401.32422  20.708  0.385
54402.20703  20.282  0.290
54404.19141  20.569  0.236
54406.16797  20.733  0.332
54407.28125  20.566  0.333
54408.14844  20.435  0.306
54415.16797  20.558  0.293
filter rk
54292.43359  15.796  0.017
54297.45312  16.236  0.019
54300.41406  16.421  0.020
54310.45703  16.722  0.027
54311.46484  16.755  0.038
54312.44922  16.889  0.024
54313.43750  16.953  0.035
54346.43750  18.559  0.088
54348.34375  18.596  0.057
54350.38281  18.598  0.055
54351.38281  18.646  0.054
54352.22266  18.599  0.058
54353.37891  18.790  0.060
54354.31641  18.776  0.065
54355.33984  18.840  0.068
54357.33984  18.904  0.070
54361.35938  19.161  0.084
54363.25781  19.063  0.072
54372.41797  19.434  0.193
54375.35938  19.545  0.097
54377.27344  19.591  0.125
54394.21484  20.467  0.326
54401.32422  20.190  0.275
54404.19531  20.847  0.298
54406.17188  20.648  0.239
54407.28516  20.809  0.319
54408.15234  20.715  0.317
54415.16797  21.312  0.290
