SN2009nr 0.011224 197.745620 11.491472
filter B
55276.690  17.410  0.05
55277.750  17.390  0.05
55278.800  17.400  0.05
55279.760  17.410  0.05
55303.820  17.790  0.04
55207.59000  14.900  0.050
55213.20000  15.460  0.030
55218.57000  15.940  0.050
55219.19000  15.920  0.040
55233.95000  16.560  0.190
55243.97000  16.930  0.200
55252.61000  17.030  0.040
55259.11000  17.100  0.060
55265.94000  17.200  0.030
55279.07000  17.450  0.050
55304.90000  17.780  0.060
55323.47000  18.140  0.050
55344.79000  18.260  0.080
55351.81000  18.370  0.070
filter Is
55182.150  14.89  0.16
55190.090  14.12  0.19
55192.140  14.05  0.16
55195.110  14.14  0.16
55198.090  14.37  0.17
55200.610  14.23  0.14
55206.090  14.57  0.19
55216.120  14.40  0.22
55218.090  14.68  0.24
55220.080  14.53  0.21
55222.090  14.70  0.23
55225.560  14.72  0.29
55239.050  15.09  0.20
55253.830  16.13  0.02
55271.250  16.86  0.04
55213.20000  14.510  0.030
55218.57000  14.580  0.080
55219.19000  14.560  0.030
55233.95000  15.010  0.170
55252.61000  16.090  0.080
55279.07000  17.190  0.070
55323.47000  18.360  0.120
filter Rs
55253.830  16.03  0.03
55268.880  16.50  0.03
55271.250  16.60  0.05
55271.780  16.55  0.02
55276.690  16.81  0.05
55276.690  16.62  0.03
55277.750  16.77  0.02
55278.800  16.80  0.01
55279.760  16.84  0.01
55280.900  17.01  0.05
55296.990  17.50  0.06
55303.820  17.67  0.01
55196.08000  13.730  0.030
55196.11000  13.710  0.040
55196.97000  13.740  0.040
55196.98000  13.720  0.030
55198.04000  13.740  0.030
55201.01000  13.850  0.030
55203.11000  13.880  0.120
55207.59000  14.240  0.050
55213.20000  14.490  0.030
55216.09000  14.460  0.040
55218.57000  14.530  0.050
55219.19000  14.630  0.030
55233.95000  15.300  0.070
55236.05000  15.300  0.080
55238.05000  15.460  0.080
55243.97000  15.660  0.110
55252.61000  15.980  0.050
55259.11000  16.260  0.030
55265.94000  16.480  0.020
55266.92000  16.690  0.140
55279.07000  16.840  0.040
55304.90000  17.690  0.030
55308.93000  17.580  0.190
55314.93000  17.920  0.100
55316.91000  17.950  0.100
55323.47000  18.080  0.050
55343.88000  18.620  0.080
55344.79000  18.550  0.060
55351.81000  18.930  0.110
55356.89000  19.050  0.120
55368.86000  19.430  0.250
filter Us
55207.59000  14.960  0.070
55213.20000  15.620  0.100
55218.57000  16.170  0.090
55219.19000  16.090  0.080
55252.61000  17.350  0.070
55323.47000  18.810  0.080
filter V
55179.140  14.510  0.06
55182.150  14.510  0.06
55190.090  13.860  0.07
55192.140  13.770  0.06
55195.110  13.760  0.06
55198.090  13.700  0.06
55200.610  13.830  0.08
55206.090  14.100  0.08
55209.100  14.510  0.06
55214.130  14.510  0.06
55216.120  14.700  0.07
55218.090  14.820  0.07
55220.080  14.940  0.05
55222.090  15.030  0.06
55225.560  15.270  0.08
55239.050  14.510  0.06
55253.830  16.340  0.04
55268.880  16.660  0.04
55271.250  16.780  0.03
55271.780  16.720  0.03
55276.690  16.830  0.05
55276.690  16.740  0.02
55277.750  16.800  0.02
55278.800  16.830  0.01
55279.760  16.840  0.03
55280.900  17.100  0.04
55296.990  17.450  0.07
55303.820  17.430  0.01
55187.90000  13.990  0.040
55187.93000  13.990  0.040
55196.08000  13.800  0.040
55196.11000  13.790  0.030
55196.97000  13.820  0.030
55196.98000  13.800  0.130
55198.04000  13.800  0.030
55201.01000  13.900  0.030
55203.11000  13.960  0.040
55207.59000  14.250  0.070
55213.20000  14.610  0.030
55216.09000  14.870  0.050
55218.57000  14.810  0.050
55219.19000  14.860  0.030
55233.95000  15.550  0.150
55236.05000  15.830  0.090
55238.05000  15.830  0.100
55243.97000  15.990  0.120
55252.61000  16.200  0.050
55259.11000  16.370  0.030
55265.94000  16.530  0.020
55279.07000  16.890  0.040
55304.90000  17.540  0.030
55308.93000  17.440  0.170
55323.47000  17.730  0.070
55343.88000  18.260  0.070
55344.79000  18.260  0.060
55351.81000  18.440  0.050
55356.89000  18.420  0.070
