SN2006is 0.031333 79.393208 -23.781722
filter B
54008.40  16.264  0.008
54013.37  16.437  0.004
54017.39  16.692  0.010
54018.38  16.763  0.007
54025.38  17.367  0.007
54028.36  17.632  0.008
54036.35  18.261  0.011
54039.33  18.450  0.014
54042.28  18.611  0.017
54048.35  18.919  0.025
54052.32  19.046  0.015
54056.30  19.135  0.014
54060.31  19.192  0.022
54065.29  19.312  0.018
54071.19  19.395  0.027
54080.34  19.636  0.036
54084.25  19.590  0.019
54087.21  19.707  0.020
54092.22  19.766  0.030
54096.23  19.911  0.026
54099.21  19.872  0.030
54102.18  19.905  0.085
54106.21  20.038  0.039
54108.27  20.070  0.035
54118.24  20.295  0.033
54121.21  20.332  0.024
54123.23  20.350  0.021
54125.16  20.358  0.037
filter g
54013.38  16.292  0.004
54017.40  16.510  0.010
54018.39  16.558  0.008
54025.35  17.096  0.004
54028.37  17.330  0.006
54036.35  17.882  0.007
54039.34  18.084  0.009
54042.26  18.287  0.010
54048.36  18.571  0.013
54052.30  18.750  0.009
54056.26  18.854  0.011
54060.33  18.934  0.013
54065.30  19.010  0.013
54071.20  19.044  0.019
54080.35  19.280  0.031
54084.23  19.333  0.013
54087.19  19.329  0.013
54092.23  19.444  0.014
54096.20  19.514  0.014
54099.23  19.534  0.020
54102.16  19.590  0.053
54106.18  19.659  0.022
54108.24  19.682  0.016
54118.20  19.866  0.013
54121.18  19.908  0.013
54123.19  19.940  0.023
54125.17  19.968  0.012
filter i
54013.39  17.178  0.007
54025.36  17.881  0.009
54028.38  17.826  0.010
54036.36  17.647  0.009
54039.35  17.582  0.009
54042.27  17.606  0.010
54048.37  17.944  0.015
54052.31  18.224  0.011
54056.28  18.409  0.014
54060.34  18.592  0.016
54065.32  18.812  0.016
54071.21  19.018  0.024
54080.36  19.359  0.057
54084.23  19.468  0.028
54087.19  19.572  0.029
54092.24  19.733  0.027
54096.21  19.965  0.041
54099.24  19.876  0.043
54102.17  20.193  0.141
54106.20  20.140  0.058
54108.26  20.151  0.040
54118.22  20.445  0.054
54121.19  20.537  0.058
54123.21  20.743  0.056
54125.19  20.629  0.057
filter H
54009.37  17.311  0.090
54014.36  17.522  0.072
54014.37  17.635  0.118
54016.39  17.656  0.116
54027.35  17.674  0.129
54038.29  17.334  0.053
54038.30  17.379  0.043
54048.33  17.551  0.041
54048.34  17.632  0.051
filter J
54009.36  17.179  0.042
54014.35  17.547  0.019
54014.35  17.583  0.027
54016.38  17.813  0.083
54021.36  18.263  0.152
54037.37  18.155  0.025
54037.37  18.265  0.031
54048.32  18.089  0.024
54048.32  18.114  0.026
filter r
54013.39  16.328  0.004
54018.40  16.619  0.007
54025.36  16.976  0.004
54028.37  17.003  0.006
54036.36  17.078  0.005
54039.35  17.124  0.005
54042.26  17.299  0.009
54048.36  17.684  0.008
54052.30  17.876  0.006
54056.27  18.019  0.007
54060.33  18.169  0.012
54065.31  18.324  0.011
54071.20  18.504  0.016
54080.36  18.761  0.022
54084.23  18.886  0.012
54087.19  18.982  0.011
54092.24  19.131  0.014
54096.21  19.251  0.014
54099.24  19.311  0.019
54102.17  19.372  0.050
54106.19  19.538  0.023
54108.25  19.558  0.019
54118.21  19.846  0.020
54121.19  19.928  0.017
54123.20  20.000  0.019
54125.18  20.047  0.018
filter u
54008.41  16.892  0.021
54013.38  17.189  0.011
54018.39  17.656  0.023
54025.37  18.447  0.025
54028.36  18.737  0.025
54036.35  19.398  0.047
54039.34  19.596  0.036
54042.27  19.704  0.077
54048.35  19.764  0.102
54052.31  20.073  0.069
54060.32  20.291  0.062
54065.30  20.427  0.058
54071.19  20.585  0.147
filter V
54008.40  16.201  0.008
54013.36  16.289  0.004
54017.39  16.480  0.009
54018.38  16.572  0.006
54025.37  16.944  0.006
54028.35  17.085  0.008
54036.34  17.408  0.008
54039.33  17.555  0.008
54042.28  17.748  0.010
54048.34  18.145  0.012
54052.32  18.291  0.011
54056.30  18.426  0.012
54060.30  18.578  0.016
54065.28  18.692  0.014
54071.18  18.810  0.023
54080.33  19.027  0.026
54084.24  19.089  0.018
54087.20  19.212  0.018
54092.21  19.283  0.021
54096.22  19.396  0.019
54099.20  19.447  0.038
54102.18  19.365  0.062
54106.20  19.527  0.035
54108.27  19.611  0.025
54118.23  19.740  0.025
54121.20  19.801  0.020
54123.22  19.825  0.019
54125.14  19.886  0.029
filter Y
54009.35  17.558  0.028
54016.37  17.983  0.045
54021.35  18.038  0.063
54027.33  17.785  0.051
54030.32  17.500  0.032
filter Ydw
54014.33  17.823  0.053
54014.34  17.888  0.043
54037.35  17.151  0.011
54037.36  17.123  0.015
54048.30  17.083  0.011
54048.31  17.036  0.011
