SNhunt281 0.004067 226.375292 1.634000
filter B
57100.35  16.560  0.012
57101.34  15.977  0.005
57102.31  15.541  0.006
57109.38  13.966  0.005
57110.30  13.941  0.010
57111.34  13.899  0.009
57112.35  13.886  0.006
57113.31  13.892  0.011
57117.28  14.134  0.010
57121.26  14.582  0.008
57122.27  14.725  0.006
57123.29  14.874  0.007
57125.32  15.166  0.010
57126.29  15.310  0.007
57129.24  15.704  0.010
57130.27  15.833  0.008
57131.30  15.956  0.010
57132.28  16.052  0.010
57134.32  16.242  0.009
57135.32  16.339  0.009
57136.31  16.420  0.010
57137.27  16.466  0.011
57138.26  16.524  0.008
57139.25  16.570  0.008
57140.24  16.603  0.008
57142.26  16.692  0.011
57144.27  16.795  0.013
57148.30  16.889  0.014
57151.26  16.960  0.011
57153.26  17.024  0.011
57155.24  17.079  0.011
57157.24  17.127  0.011
57159.28  17.153  0.009
57161.25  17.217  0.009
57163.23  17.250  0.008
57166.20  17.309  0.009
57176.20  17.562  0.027
57178.23  17.540  0.024
57179.23  17.530  0.023
57181.19  17.570  0.010
57182.19  17.595  0.011
57249.04  18.791  0.014
filter g
57100.33  16.403  0.008
57101.35  15.872  0.005
57102.32  15.447  0.005
57103.35  15.093  0.011
57109.38  13.902  0.005
57110.31  13.859  0.007
57111.34  13.822  0.007
57111.34  13.813  0.006
57112.35  13.799  0.005
57113.31  13.785  0.008
57117.30  13.943  0.007
57121.26  14.294  0.008
57122.26  14.413  0.008
57123.29  14.535  0.008
57125.32  14.771  0.006
57126.28  14.903  0.006
57129.24  15.301  0.006
57130.26  15.414  0.005
57131.31  15.526  0.007
57132.27  15.638  0.006
57134.31  15.831  0.006
57135.33  15.930  0.007
57136.31  15.992  0.006
57137.26  16.051  0.008
57138.25  16.122  0.005
57139.24  16.175  0.007
57140.23  16.231  0.006
57142.25  16.321  0.009
57144.25  16.383  0.007
57148.31  16.509  0.009
57151.25  16.598  0.006
57153.25  16.655  0.009
57155.25  16.712  0.008
57157.22  16.758  0.012
57159.27  16.816  0.007
57161.24  16.858  0.009
57163.24  16.878  0.007
57166.21  16.967  0.006
57176.19  17.177  0.014
57178.22  17.189  0.012
57179.23  17.218  0.015
57181.20  17.247  0.008
57182.20  17.265  0.007
57249.02  18.569  0.012
filter i
57100.34  16.547  0.015
57101.35  16.022  0.007
57102.32  15.581  0.006
57103.35  15.206  0.018
57109.39  14.200  0.005
57110.30  14.190  0.010
57111.35  14.238  0.009
57111.35  14.240  0.009
57112.35  14.274  0.007
57113.32  14.300  0.009
57117.30  14.467  0.011
57121.26  14.811  0.009
57122.26  14.852  0.010
57123.29  14.842  0.007
57125.32  14.798  0.007
57126.28  14.767  0.011
57129.24  14.725  0.009
57130.26  14.713  0.006
57131.31  14.715  0.010
57132.27  14.762  0.007
57134.31  14.916  0.006
57135.33  15.016  0.007
57136.31  15.107  0.008
57137.26  15.195  0.010
57138.25  15.285  0.007
57139.24  15.358  0.007
57140.23  15.423  0.008
57142.25  15.562  0.009
57144.26  15.672  0.006
57148.31  15.888  0.008
57151.25  16.006  0.006
57153.25  16.125  0.010
57155.25  16.225  0.013
57157.23  16.311  0.009
57159.27  16.378  0.010
57161.24  16.453  0.013
57163.24  16.558  0.008
57166.21  16.677  0.009
57176.19  17.049  0.014
57178.22  17.139  0.015
57179.24  17.176  0.016
57181.20  17.265  0.011
57182.20  17.272  0.010
57249.02  19.072  0.031
filter H
57109.35  14.101  0.013
57111.28  14.136  0.013
57112.29  14.200  0.013
57113.33  14.257  0.013
57114.29  14.308  0.013
57115.31  14.359  0.014
57120.27  14.530  0.013
57137.28  14.726  0.013
57141.22  15.049  0.014
57144.25  15.220  0.014
57170.20  16.525  0.023
57172.18  16.636  0.020
filter r
57100.33  16.372  0.011
57101.35  15.862  0.005
57102.32  15.437  0.005
57103.35  15.057  0.012
57109.39  13.893  0.006
57110.31  13.838  0.009
57111.35  13.808  0.006
57111.35  13.815  0.006
57112.34  13.800  0.007
57113.31  13.738  0.009
57117.30  13.870  0.009
57121.26  14.199  0.008
57122.26  14.273  0.009
57123.29  14.310  0.006
57125.32  14.372  0.005
57126.28  14.400  0.006
57129.24  14.513  0.006
57130.26  14.554  0.005
57131.31  14.626  0.008
57132.27  14.707  0.005
57134.31  14.908  0.006
57135.33  15.014  0.006
57136.31  15.105  0.008
57137.26  15.191  0.010
57138.25  15.268  0.005
57139.23  15.333  0.005
57140.22  15.408  0.006
57142.24  15.518  0.007
57144.25  15.624  0.007
57148.31  15.812  0.008
57151.25  15.930  0.005
57153.25  16.018  0.009
57155.25  16.099  0.010
57157.22  16.130  0.009
57159.27  16.246  0.008
57161.23  16.318  0.010
57163.24  16.393  0.006
57166.21  16.516  0.006
57176.18  16.880  0.011
57178.22  16.961  0.011
57179.23  17.013  0.013
57181.20  17.081  0.009
57182.20  17.109  0.007
57249.02  19.250  0.027
filter u
57100.34  17.435  0.019
57101.35  16.645  0.010
57102.33  16.019  0.007
57103.35  15.509  0.014
57109.39  14.468  0.007
57110.30  14.448  0.009
57111.34  14.478  0.007
57112.35  14.555  0.005
57113.32  14.629  0.008
57117.30  15.131  0.011
57121.26  15.734  0.014
57122.26  15.890  0.009
57123.29  16.056  0.009
57125.32  16.413  0.014
57126.28  16.552  0.015
57129.24  16.994  0.015
57130.26  17.106  0.013
57131.31  17.196  0.014
57132.28  17.288  0.015
57134.32  17.431  0.014
57135.33  17.488  0.016
57136.32  17.565  0.013
57137.27  17.629  0.016
57138.26  17.688  0.014
57139.24  17.735  0.013
57140.23  17.810  0.013
57142.25  17.870  0.019
57144.26  17.914  0.027
57148.31  18.027  0.034
57151.26  18.122  0.023
57153.25  18.166  0.016
57155.26  18.251  0.017
57157.23  18.314  0.024
57159.27  18.340  0.017
57161.24  18.453  0.021
57163.25  18.468  0.017
57166.21  18.543  0.017
57176.19  18.922  0.071
57178.22  18.928  0.049
57179.24  19.077  0.148
57181.21  18.945  0.029
57182.21  19.059  0.026
filter V
57100.34  16.339  0.012
57101.35  15.854  0.006
57102.32  15.455  0.006
57103.36  15.082  0.013
57109.38  13.937  0.005
57110.30  13.883  0.009
57111.34  13.838  0.008
57112.35  13.805  0.006
57113.31  13.792  0.010
57117.29  13.855  0.008
57121.26  14.130  0.008
57122.27  14.199  0.007
57123.29  14.280  0.006
57125.32  14.455  0.008
57126.29  14.521  0.006
57129.24  14.779  0.007
57130.27  14.863  0.006
57131.31  14.959  0.006
57132.28  15.058  0.009
57134.32  15.247  0.006
57135.33  15.346  0.009
57136.31  15.427  0.007
57137.27  15.502  0.010
57138.26  15.556  0.007
57139.25  15.625  0.006
57140.24  15.678  0.006
57142.26  15.775  0.009
57144.27  15.869  0.007
57148.30  16.000  0.010
57151.26  16.089  0.007
57153.26  16.177  0.009
57155.25  16.241  0.012
57157.24  16.306  0.008
57159.28  16.358  0.007
57161.25  16.421  0.009
57163.24  16.470  0.009
57166.20  16.554  0.008
57176.20  16.834  0.015
57178.23  16.893  0.015
57179.23  16.909  0.015
57181.19  16.996  0.009
57182.19  16.982  0.007
57249.03  18.616  0.018
filter Y
57109.34  14.076  0.010
57111.26  14.106  0.009
57114.27  14.323  0.011
57115.30  14.408  0.011
57120.26  14.716  0.009
57137.27  14.261  0.009
57141.21  14.542  0.011
57144.24  14.754  0.010
57170.18  16.321  0.011
57172.17  16.436  0.012
filter Jrc2
57109.36  13.953  0.016
57111.29  13.966  0.015
57112.30  14.021  0.015
57113.33  14.080  0.017
57114.29  14.201  0.016
57115.32  14.280  0.017
57120.28  15.175  0.015
57137.29  15.344  0.015
57141.22  15.825  0.017
57144.26  16.118  0.016
57170.20  18.168  0.037
57172.19  18.304  0.037
