cubename,zalpha,zbeta,zoiii,zobs,zhelio,ezhelio,zcmb,notes
SN2008hj,0.037534,0.037655,0.037549,0.037579,0.037675,0.000200,0.036488,
SN2006ej,0.020472,0.020479,0.020551,0.020501,0.020596,0.000194,0.019471,
SN2006et,0.022561,0.022608,0.022607,0.022592,0.022676,0.000192,0.021676,
SN2006gt,0.044791,0.044735,0.044846,0.044791,0.044887,0.000198,0.043739,
SN2007mm,0.066427,0.066461,0.066581,0.066490,0.066586,0.000205,0.065437,
SN2006hx,0.045425,0.045494,0.045422,0.045447,0.045540,0.000194,0.044433,
SN2005ir,0.076158,0.076231,0.076208,0.076199,0.076290,0.000194,0.075158,
SN2005hj,0.057341,0.057427,0.057402,0.057390,0.057485,0.000195,0.056409,
SN2007ol,0.055975,0.055995,0.056102,0.056024,0.056121,0.000201,0.055077,
CSP13aad,0.086642,0.086784,0.086742,0.086723,0.086749,0.000203,0.086500,
SN2006fw,0.083481,0.083558,0.083483,0.083507,0.083595,0.000194,0.082558,
SN2006ob,0.059027,0.059146,0.059145,0.059106,0.059203,0.000200,0.058205,
SN2005hc,0.045881,0.045886,0.045885,0.045884,0.045978,0.000190,0.045012,
CSP13Q,0.089076,0.089081,0.089080,0.089079,0.089107,0.000190,0.088852,
SN2006ef,0.017713,0.017969,0.017788,0.017823,0.017916,0.000229,0.017037,
SN2007hx,0.079151,0.079178,0.078999,0.079109,0.079205,0.000210,0.078248,
LSQ13dhj,0.093429,0.093522,0.093375,0.093442,0.093509,0.000204,0.092855,
SN2006ot,0.053632,0.053739,0.053696,0.053689,0.053773,0.000198,0.052985,
SN2012E,nan,nan,nan,0.020300,0.020399,0.001000,0.019584,
LSQ12hnx,0.156405,0.156466,0.156427,0.156433,0.156505,0.000193,0.155825,
SN2005lu,0.032011,0.032068,0.031888,0.031989,0.032060,0.000211,0.031345,
LSQ12gzm,0.100036,0.100160,0.100157,0.100118,0.100184,0.000200,0.099598,
SN2009I,0.026077,0.026146,0.026107,0.026110,0.026202,0.000194,0.025464,
SN2007so,0.029366,0.029368,0.029368,0.029367,0.029464,0.000190,0.028704,
SN2006os,0.033156,0.033316,0.033190,0.033221,0.033315,0.000207,0.032585,
SN2005gj,0.061673,0.061777,0.061532,0.061661,0.061755,0.000226,0.061052,
LSQ13dkp,0.069086,0.069127,0.069122,0.069111,0.069172,0.000192,0.068734,
LSQ12hxx,0.069320,0.069306,0.069304,0.069310,0.069382,0.000191,0.068904,
LSQ13dsm,0.042543,0.042587,0.042609,0.042580,0.042651,0.000193,0.042240,
SN2009D,0.025116,0.025214,0.025053,0.025128,0.025201,0.000207,0.024856,
LSQ12hzs,0.072068,0.072088,0.072040,0.072065,0.072134,0.000192,0.071852,
CSP13aaq,0.059752,0.059737,0.059675,0.059722,0.059735,0.000194,0.059747,
SN2014cd,0.020796,0.020567,0.020756,0.020706,0.020739,0.000222,0.020697,
LSQ13dcy,0.079746,0.079996,0.079992,0.079911,0.079985,0.000228,0.079950,
SN2006is,0.031261,0.031292,0.031291,0.031281,0.031338,0.000191,0.031428,
LSQ12ca,0.098609,0.098632,0.098796,0.098679,0.098752,0.000212,0.098913,
SN2013az,0.037146,0.037135,0.037160,0.037147,0.037191,0.000191,0.037410,
CSP14aar,0.041959,0.042027,0.041938,0.041974,0.041976,0.000196,0.042200,
CSP13aao,0.061467,0.061509,0.061465,0.061480,0.061486,0.000192,0.061746,
CSP14aaq,0.036518,0.036535,0.036509,0.036521,0.036518,0.000191,0.036790,
CSP13abl,0.039991,0.040072,0.040005,0.040023,0.040006,0.000195,0.040274,
SN2005na,0.026318,0.026366,0.026385,0.026356,0.026258,0.000193,0.026783,
SN2004gs,0.027585,0.027613,0.027521,0.027573,0.027488,0.000196,0.028384,
SN2006lu,0.053298,0.053324,0.053183,0.053268,0.053209,0.000203,0.054297,
SN2005M,0.024384,0.024472,0.024420,0.024425,0.024336,0.000196,0.025336,
SN2008bc,0.014815,0.014862,0.014797,0.014825,0.014798,0.000193,0.015438,
SN2007al,0.012198,0.012208,0.012207,0.012204,0.012119,0.000191,0.013284,
SN2007S,0.013870,0.013932,0.013971,0.013924,0.013843,0.000197,0.015014,
LSQ12agq,0.064715,0.064777,0.064679,0.064723,0.064638,0.000197,0.065920,
LSQ12aor,0.093380,0.093387,0.093467,0.093411,0.093366,0.000195,0.094705,
LSQ12hvj,0.071143,0.071173,0.071174,0.071163,0.071147,0.000191,0.072370,
SN2007bc,0.020662,0.020596,0.020655,0.020638,0.020585,0.000193,0.021702,
SN2009aa,0.027188,0.027276,0.027300,0.027255,0.027231,0.000199,0.028457,
SN2013ao,0.043206,0.043270,0.043164,0.043213,0.043135,0.000198,0.044378,
SN2013as,0.068508,0.068584,0.068479,0.068524,0.068445,0.000198,0.069720,
SN2005bg,0.023030,0.023023,0.023024,0.023026,0.022938,0.000190,0.024052,
SN2008ar,0.026096,0.026131,0.026027,0.026085,0.025997,0.000197,0.027145,
CSP12N,0.097298,0.097379,0.097265,0.097314,0.097236,0.000199,0.098490,
SN2012G,0.025913,0.025951,0.025976,0.025947,0.025862,0.000193,0.026939,
PS1-14rx,0.066534,0.066616,0.066623,0.066591,0.066507,0.000196,0.067627,
SN2006D,0.008465,0.008491,0.008463,0.008473,0.008403,0.000191,0.009534,
LSQ14ie,0.089483,0.089529,0.089479,0.089497,0.089443,0.000192,0.090544,
SN2007cg,0.033213,0.033215,0.033215,0.033214,0.033157,0.000190,0.034186,
SN2013bz,0.019349,0.019361,0.019442,0.019384,0.019311,0.000196,0.020364,
SN2006br,0.024765,0.024778,0.024776,0.024773,0.024697,0.000191,0.025671,
LSQ14ahc,0.050810,0.050883,0.050885,0.050859,0.050816,0.000194,0.051757,
CSP14abn,nan,nan,nan,0.022516,0.022489,0.001000,0.023282,
LSQ12cfx,0.037878,0.037956,0.037989,0.037941,0.037896,0.000198,0.038820,
SN2008cf,0.047219,0.047275,0.047209,0.047234,0.047197,0.000193,0.048098,
LSQ14bjj,0.080952,0.081040,0.080935,0.080975,0.080998,0.000198,0.081912,
SN2011jt,0.027802,0.027866,0.027816,0.027828,0.027787,0.000193,0.028497,
SN2005ag,0.079328,0.079374,0.079372,0.079358,0.079317,0.000192,0.080019,
SN2005be,0.033829,0.033844,0.033842,0.033838,0.033797,0.000191,0.034417,
SN2007ba,0.038236,0.038251,0.038225,0.038237,0.038206,0.000191,0.038796,
SN2006bt,0.032181,0.032189,0.032317,0.032229,0.032211,0.000202,0.032543,
LSQ14bbv,0.058634,0.058601,0.058683,0.058640,0.058693,0.000195,0.058354,
SN2008ff,0.019197,0.019293,0.019200,0.019230,0.019283,0.000196,0.018752,
SN2006eq,0.049483,0.049568,0.049559,0.049537,0.049632,0.000195,0.048469,
SN2013fy,0.030998,0.031005,0.031036,0.031013,0.031069,0.000191,0.030392,
SN2014at,0.031593,0.031879,0.031751,0.031741,0.031817,0.000238,0.031118,
SN2004ey,0.015801,0.015891,0.015872,0.015855,0.015948,0.000196,0.014781,
SN2008go,0.062046,0.062148,0.062186,0.062127,0.062223,0.000203,0.061104,
SN2006py,0.057854,0.057806,0.057808,0.057823,0.057921,0.000192,0.056634,
SN2004ef,0.030937,0.031103,0.030994,0.031012,0.031100,0.000208,0.029867,
SN2005ku,0.045296,0.045407,0.045317,0.045340,0.045437,0.000198,0.044156,
SN2007hj,0.014014,0.014150,0.014233,0.014132,0.014223,0.000220,0.012984,
SN2012gm,0.014679,0.014760,0.014693,0.014711,0.014804,0.000195,0.013559,
ASASSN-14mf,0.031204,0.031227,0.031194,0.031209,0.031141,0.000191,0.030184,
ASASSN-14kp,0.022687,0.022650,0.022698,0.022678,0.022600,0.000192,0.021778,
ASASSN-13cu,0.027175,0.027219,0.027145,0.027180,0.027088,0.000194,0.025967,
ASASSN-14lw,0.020838,0.020865,0.020840,0.020848,0.020783,0.000191,0.020145,
ASASSN-14ig,0.029123,0.029062,0.029159,0.029115,0.029074,0.000196,0.028695,
ASASSN-13ar,0.017707,0.017771,0.017714,0.017731,0.017632,0.000193,0.016597,
ASASSN-14me,0.017854,0.017907,0.017842,0.017868,0.017820,0.000193,0.017398,
ASASSN-14mw,0.026760,0.026676,0.026909,0.026782,0.026746,0.000223,0.026473,
ASASSN-14hr,0.033485,0.033568,0.033599,0.033551,0.033458,0.000199,0.032552,
ASASSN-13bb,0.017226,0.017263,0.017263,0.017251,0.017157,0.000191,0.016201,
ASASSN-14fa,0.022374,0.022316,0.022254,0.022315,0.022245,0.000200,0.021716,
ASASSN-14mg,0.032266,0.032326,0.032293,0.032295,0.032223,0.000193,0.031612,
ASASSN-13dm,0.016988,0.017036,0.016987,0.017004,0.016928,0.000192,0.016242,
ASASSN-14lt,0.031891,0.031896,0.031894,0.031894,0.031811,0.000190,0.031224,
ASASSN-14ko,0.043023,0.043076,0.043076,0.043058,0.043060,0.000192,0.043224,
ASASSN-13cc,0.010177,0.010331,0.010217,0.010242,0.010256,0.000205,0.010402,
ASASSN-14hu,0.021619,0.021654,0.021630,0.021634,0.021641,0.000191,0.021955,
ASASSN-14jc,0.011082,0.011173,0.011115,0.011124,0.011142,0.000196,0.011610,
ASASSN-14dd,0.017809,0.017871,0.017845,0.017842,0.017853,0.000193,0.018245,
ASASSN-13dd,0.012591,0.012671,0.012676,0.012646,0.012710,0.000195,0.013764,
ASASSN-14ba,0.032622,0.032694,0.032621,0.032646,0.032733,0.000194,0.033935,
ASASSN-15aj,0.011080,0.011235,0.011111,0.011142,0.011223,0.000205,0.012345,
ASASSN-14dp,0.009186,0.009255,0.009204,0.009215,0.009296,0.000194,0.010367,
ASASSN-14dl,0.013226,0.013449,0.013360,0.013345,0.013438,0.000221,0.014585,
ASASSN-14ad,0.026392,0.026481,0.026407,0.026427,0.026464,0.000196,0.027528,
ASASSN-14lp,0.005011,0.005064,0.005031,0.005035,0.005088,0.000192,0.006224,
ASASSN-14fd,0.015887,0.015959,0.015923,0.015923,0.016005,0.000194,0.016972,
ASASSN-14cu,0.024590,0.024628,0.024961,0.024727,0.024822,0.000266,0.025937,
ASASSN-14li,0.020549,0.020604,0.020597,0.020583,0.020668,0.000192,0.021712,
ASASSN-14kr,0.012978,0.013050,0.013010,0.013013,0.013066,0.000194,0.014200,
ASASSN-13an,0.024222,0.024290,0.024224,0.024245,0.024278,0.000193,0.025276,
ASASSN-14bf,0.022430,0.022469,0.022357,0.022419,0.022439,0.000198,0.023289,
ASASSN-15ab,0.017628,0.017700,0.017635,0.017654,0.017746,0.000194,0.018560,
ASASSN-14lu,0.027236,0.027262,0.027255,0.027251,0.027288,0.000191,0.028193,
ASASSN-14eu,0.023048,0.023041,0.023042,0.023044,0.023107,0.000190,0.023798,
ASASSN-14dz,0.022246,0.022307,0.022405,0.022320,0.022367,0.000206,0.022974,
ASASSN-13cp,0.023436,0.023613,0.023475,0.023508,0.023552,0.000210,0.023984,
ASASSN-14co,0.033221,0.033321,0.033375,0.033306,0.033372,0.000205,0.033775,
ASASSN-13ch,0.016461,0.016480,0.016463,0.016468,0.016543,0.000191,0.016844,
ASASSN-13cj,0.016509,0.016369,0.016515,0.016464,0.016536,0.000204,0.016819,
ASASSN-14at,0.010361,0.010384,0.010363,0.010370,0.010443,0.000191,0.010175,
ASASSN-14jz,0.015736,0.015842,0.015799,0.015792,0.015870,0.000198,0.015695,
ASASSN-14iz,0.019246,0.019309,0.019153,0.019236,0.019327,0.000206,0.018618,
ASASSN-14ew,0.019667,0.019698,0.019681,0.019682,0.019763,0.000191,0.019312,
ASASSN-14db,0.037361,0.037387,0.037387,0.037378,0.037435,0.000191,0.037167,
ASASSN-14jb,0.006001,0.006054,0.006005,0.006020,0.005924,0.000192,0.004941,
ASASSN-14lv,0.049245,0.049336,0.049263,0.049281,0.049216,0.000196,0.048356,
ASASSN-14jg,0.014791,0.014855,0.014773,0.014806,0.014743,0.000195,0.014266,
ASASSN-14kq,0.033721,0.033762,0.033753,0.033746,0.033677,0.000192,0.032664,
SN2008dh,0.037684,0.037819,0.037755,0.037752,0.037845,0.000202,0.036689,
SN2012hd,0.011996,0.012093,0.012028,0.012039,0.012105,0.000196,0.011286,
SN2009le,0.017871,0.017866,0.017867,0.017868,0.017949,0.000190,0.017189,
SN2007gj,0.016901,0.016924,0.016948,0.016924,0.016985,0.000192,0.016405,
SN2010A,0.020715,0.020785,0.020720,0.020740,0.020836,0.000194,0.020031,
SN2008J,0.016022,0.016091,0.016048,0.016054,0.016144,0.000194,0.015394,
SN2009ig,0.008775,0.008807,0.009017,0.008867,0.008955,0.000226,0.008188,
PTF12iiq,0.029868,0.029634,0.029761,0.029754,0.029848,0.000224,0.029115,
SN2001el,0.003702,0.003650,0.003656,0.003669,0.003716,0.000192,0.003496,
PTF12jgb,0.028211,0.028254,0.028222,0.028229,0.028302,0.000192,0.028043,
SN2008V,0.013761,0.013790,0.013806,0.013786,0.013853,0.000192,0.013716,
SN2007rz,0.012752,0.012812,0.012796,0.012787,0.012882,0.000193,0.012643,
SN2009K,0.011639,0.011657,0.011658,0.011651,0.011742,0.000191,0.011551,
SN2004ff,0.022488,0.022481,0.022530,0.022500,0.022570,0.000192,0.022559,
SN2005gn,0.039996,0.040033,0.040057,0.040029,0.040088,0.000193,0.040339,
SN2012hr,nan,nan,nan,0.008000,0.007989,0.001000,0.008307,
SN2008fp,0.005314,0.005383,0.005385,0.005361,0.005298,0.000194,0.005929,
SN2008ia,0.022292,0.022154,0.022296,0.022248,0.022234,0.000203,0.022861,
LSQ12hzj,0.033419,0.033418,0.033449,0.033429,0.033350,0.000191,0.034566,
SN2009dq,0.004613,0.004600,0.004579,0.004597,0.004598,0.000191,0.005201,
SN2010ev,0.009143,0.009237,0.009238,0.009206,0.009176,0.000196,0.010206,
SN2005Z,0.019141,0.019268,0.019245,0.019218,0.019122,0.000201,0.020217,
SN2012ht,0.003493,0.003489,0.003492,0.003491,0.003410,0.000190,0.004543,
SN2005lw,0.025820,0.025820,0.025820,0.025820,0.025761,0.000190,0.027026,
SN2009ds,0.019123,0.019188,0.018730,0.019014,0.018918,0.000298,0.020162,
SN2004aw,0.015823,0.015810,0.015812,0.015815,0.015729,0.000191,0.016770,
SN2007sr,nan,nan,nan,0.005417,0.005378,0.001000,0.006568,
SN2006X,nan,nan,nan,0.005240,0.005158,0.001000,0.006249,
SN2012cg,0.001472,0.001534,0.001533,0.001513,0.001424,0.000193,0.002549,
SN1994D,0.002164,0.002144,0.002163,0.002157,0.002073,0.000191,0.003196,
SN2007rw,0.008571,0.008594,0.008594,0.008586,0.008547,0.000191,0.009706,
SN2008aq,nan,nan,nan,0.007972,0.007897,0.001000,0.009031,
SN2012cu,0.003695,0.003693,0.003693,0.003694,0.003625,0.000190,0.004733,
SN2008aw,nan,nan,nan,0.010360,0.010283,0.001000,0.011389,
SN2011iy,0.004253,0.004236,0.004201,0.004230,0.004182,0.000192,0.005260,
SN2009nr,nan,nan,nan,0.011224,0.011153,0.001000,0.012180,
SN2009ev,nan,nan,nan,0.011838,0.011847,0.001000,0.012734,
SN1986G,nan,nan,nan,0.001830,0.001851,0.001000,0.002705,
SN2006E,0.002651,0.002638,0.002640,0.002643,0.002595,0.000191,0.003516,
SN2013aj,0.009093,0.009080,0.009082,0.009085,0.009051,0.000191,0.010006,
SN2009mz,nan,nan,nan,0.008579,0.008523,0.001000,0.009442,
SN2002cr,nan,nan,nan,0.009480,0.009443,0.001000,0.010351,
SN2007af,0.005439,0.005539,0.005472,0.005483,0.005484,0.000197,0.006319,
SN2013aa,nan,nan,nan,0.003999,0.004031,0.001000,0.004703,
SN2006cu,0.028582,0.028631,0.028583,0.028599,0.028561,0.000192,0.029269,
SN2006be,0.007230,0.007277,0.007373,0.007293,0.007305,0.000203,0.007636,
SN2008cg,0.036050,0.036178,0.036118,0.036115,0.036149,0.000201,0.036535,
SN20080612,0.032591,0.032745,0.032631,0.032656,0.032689,0.000205,0.032931,
SN2004dk,0.005300,0.005425,0.005406,0.005377,0.005385,0.000200,0.005660,
SN2001cp,0.022569,0.022576,0.022575,0.022573,0.022603,0.000190,0.022592,
SN2006ca,0.008825,0.008911,0.008862,0.008866,0.008937,0.000195,0.008536,
SN2008fq,0.010621,0.010683,0.010520,0.010608,0.010700,0.000207,0.009923,
SN2002ha,0.013766,0.013809,0.013745,0.013774,0.013856,0.000193,0.012851,
LSQ12dbr,0.019621,0.019671,0.019669,0.019654,0.019748,0.000192,0.018711,
SN2012fw,0.018715,0.018750,0.018818,0.018761,0.018846,0.000197,0.018258,
SN2006cm,0.016342,0.016408,0.016360,0.016370,0.016466,0.000193,0.015368,
SN2007fs,0.017240,0.017280,0.017322,0.017281,0.017378,0.000195,0.016326,
SN2002jg,0.015179,0.015261,0.015180,0.015207,0.015283,0.000195,0.014150,
SN2007le,0.006657,0.006705,0.006672,0.006678,0.006772,0.000192,0.005570,
SN2012et,0.024892,0.024881,0.024899,0.024890,0.024974,0.000191,0.023793,
SN2003hg,0.014972,0.014940,0.014907,0.014940,0.015033,0.000193,0.013827,
SN2001da,0.017235,0.017237,0.017231,0.017234,0.017319,0.000190,0.016081,
LSQ12gdj,0.029782,0.029710,0.029870,0.029787,0.029875,0.000207,0.028822,
SN2007fb,0.018050,0.018070,0.018067,0.018062,0.018151,0.000191,0.016916,
LSQ13crf,0.048814,0.048868,0.048851,0.048844,0.048843,0.000192,0.048190,
LSQ12fmx,0.067283,0.067362,0.067298,0.067314,0.067243,0.000195,0.066592,
SN2011ha,0.093931,0.093974,0.093983,0.093963,0.093915,0.000192,0.093464,
LSQ13cwp,0.066225,0.066334,0.066200,0.066253,0.066272,0.000202,0.065896,
SN2014dm,0.033318,0.033264,0.033228,0.033270,0.033287,0.000196,0.032965,
LSQ12fuk,0.020434,0.020433,0.020392,0.020420,0.020451,0.000192,0.020422,
iPTF13dge,0.015845,0.015938,0.015895,0.015892,0.015871,0.000196,0.015821,
PSNJ07250042+2347030,0.018471,0.018542,0.018378,0.018463,0.018499,0.000207,0.019065,
CSS130317_082848+293031,0.078187,0.078328,0.078328,0.078281,0.078337,0.000203,0.079130,
PS15mb,0.028684,0.028808,0.028804,0.028765,0.028842,0.000200,0.029824,
CSS121114_090202+101800,0.037182,0.037199,0.037197,0.037193,0.037265,0.000191,0.038295,
ASASSN-15ho,0.041341,0.041421,0.041373,0.041378,0.041451,0.000195,0.042561,
ASASSN-15hg,0.030015,0.030003,0.030006,0.030008,0.030081,0.000191,0.031234,
PS15mt,0.071104,0.071122,0.071140,0.071122,0.071187,0.000191,0.072265,
PTF11qmo,0.055279,0.055379,0.055360,0.055339,0.055418,0.000197,0.056673,
LSQ14aeg,0.064608,0.064606,0.064630,0.064615,0.064688,0.000191,0.065835,
PSNJ10292799+2200468,0.054442,0.054344,0.054476,0.054421,0.054472,0.000202,0.055594,
PS15aez,0.052578,0.052706,0.052657,0.052647,0.052719,0.000201,0.053989,
LSQ14ahm,0.049839,0.049917,0.049844,0.049867,0.049960,0.000194,0.051244,
PTF11qpc,0.088806,0.088819,0.088817,0.088814,0.088902,0.000191,0.090138,
LSQ14xi,0.050306,0.050447,0.050326,0.050360,0.050459,0.000203,0.051677,
PTF11qri,0.067338,0.067358,0.067424,0.067373,0.067473,0.000195,0.068685,
SN2011jh,0.007868,0.007863,0.007864,0.007865,0.007965,0.000190,0.009108,
SN2013cs,0.009176,0.009232,0.009251,0.009220,0.009306,0.000194,0.010367,
LSQ14age,0.080365,0.080451,0.080395,0.080404,0.080491,0.000195,0.081612,
PS1-14ra,0.028062,0.028094,0.028096,0.028084,0.028171,0.000191,0.028907,
LSQ14act,0.058776,0.058812,0.058878,0.058822,0.058922,0.000197,0.059348,
iPTF14gnl,0.053556,0.053569,0.053567,0.053564,0.053554,0.000191,0.052337,
SN2014dk,0.037963,0.037983,0.037984,0.037977,0.037976,0.000191,0.036761
LSQ14gde,0.055565,0.055614,0.055606,0.055595,0.055592,0.000192,0.054519,
LSQ13cmt,0.056826,0.057045,0.056817,0.056896,0.056984,0.000222,0.055977,
PTF11pra,0.017253,0.017278,0.017447,0.017326,0.017358,0.000214,0.016525,
SN2012fk,0.031362,0.031755,0.031891,0.031669,0.031750,0.000326,0.030934,
ASASSN-15be,0.021489,0.021576,0.021502,0.021522,0.021583,0.000195,0.021078,
SN2009ku,0.079058,0.079141,0.079066,0.079088,0.079157,0.000195,0.078730,
PS1-13eao,0.037030,0.037095,0.037076,0.037067,0.037136,0.000193,0.036730,
SN2005ke,0.004941,0.004987,0.004913,0.004947,0.005008,0.000194,0.004613,
LSQ12fvl,0.055874,0.055887,0.055869,0.055877,0.055921,0.000191,0.055971,
LSQ12gln,0.101970,0.102036,0.101977,0.101994,0.102044,0.000193,0.102189,
ASASSN-15hf,0.005952,0.005983,0.005881,0.005938,0.005881,0.000197,0.006961,
SN2015H,0.012394,0.012424,0.012490,0.012436,0.012525,0.000196,0.013738,
LSQ14asu,0.077650,0.077660,0.077436,0.077582,0.077512,0.000221,0.078804,
LSQ15alq,0.046920,0.046920,0.047065,0.046968,0.046891,0.000204,0.047969,
SN2007ca,0.014105,0.014165,0.014124,0.014131,0.014033,0.000193,0.015061,
ASASSN-15hx,0.008167,0.008227,0.008169,0.008188,0.008224,0.000193,0.009137,
SN2013M,0.034952,0.034980,0.034934,0.034956,0.034977,0.000192,0.035819,
ASASSN-15bm,0.020660,0.020662,0.020811,0.020711,0.020615,0.000205,0.021283,
SN2005cf,nan,nan,nan,0.006687,0.006774,0.001000,0.007362,
iPTF14aje,0.027585,0.027573,0.027573,0.027577,0.027483,0.000191,0.028055,
iPTF13asv,0.036072,0.036213,0.036089,0.036125,0.036056,0.000203,0.036262,
LSQ15aja,0.069986,0.070067,0.069968,0.070007,0.069942,0.000197,0.069957,
SN2014cr,0.018971,0.019037,0.019012,0.019007,0.019035,0.000193,0.018591,
ASASSN-15hy,0.018397,0.018444,0.018364,0.018402,0.018415,0.000195,0.017541,
SN2012bl,0.018575,0.018604,0.018603,0.018594,0.018682,0.000191,0.018179,
SN2009jr,0.016527,0.016527,0.016527,0.016527,0.016544,0.000190,0.015601,
SN2011gf,0.027633,0.027684,0.027624,0.027647,0.027670,0.000193,0.026608,
SN2010dl,0.030140,0.030113,0.030209,0.030154,0.030177,0.000196,0.029025,
SN2007cq,0.025941,0.025995,0.025962,0.025966,0.026006,0.000192,0.024777,
LSQ14fmg,0.065947,0.065909,0.065912,0.065923,0.065967,0.000191,0.064699,
PTF11qnr,0.016098,0.016148,0.016279,0.016175,0.016223,0.000211,0.014985,
LSQ12fhs,0.032995,0.033051,0.033018,0.033021,0.033062,0.000192,0.031934,
SN2011io,0.041324,0.041456,0.041445,0.041409,0.041466,0.000201,0.040180,
CSS121006232854085452,0.075591,0.075717,0.075626,0.075645,0.075623,0.000201,0.074297,
iPTF13dkl,0.051701,0.051794,0.051776,0.051757,0.051739,0.000196,0.050454,
SN2016gkg_A,nan,nan,nan,0.004920,0.004849,0.001000,0.004049,
SN2016gkg_B,0.004895,0.004862,0.004839,0.004866,0.004909,0.000193,0.004109,
SN2016jga,0.024316,0.024373,0.024309,0.024333,0.024288,0.000193,0.023962,
SN2016ecm,0.059572,0.059648,0.059599,0.059606,0.059553,0.000194,0.058987,
SN2016iae,nan,nan,nan,0.004000,0.004039,0.001000,0.003853,
SN2016hmq,0.017302,0.017327,0.017327,0.017319,0.017308,0.000191,0.017076,
SN2017pn_A,0.013958,0.014003,0.013951,0.013971,0.013966,0.000192,0.013862,
SN2016iaf,0.062176,0.062235,0.062218,0.062210,0.062175,0.000193,0.062424,
SN2016iyz,0.010399,0.010461,0.010395,0.010418,0.010395,0.000193,0.010650,
SN2016jbu,nan,nan,nan,0.004890,0.004901,0.001000,0.005297,
SN2016iyd_A,0.034725,0.034797,0.034723,0.034748,0.034780,0.000194,0.035363,
SN2016bas,0.009426,0.009418,0.009419,0.009421,0.009449,0.000191,0.009995,
SN2016bev,nan,nan,nan,0.011000,0.011026,0.001000,0.011814,
SN2016bsb,0.023297,0.023347,0.023338,0.023327,0.023335,0.000192,0.024530,
SN2016ase,0.014092,0.014177,0.014118,0.014129,0.014220,0.000195,0.015398,
SN2016hwn,0.021567,0.021610,0.021521,0.021566,0.021542,0.000196,0.022621,
SN2016cdd,0.008646,0.008687,0.008686,0.008673,0.008729,0.000192,0.009570,
SN2016aiy,0.010048,0.010100,0.010057,0.010068,0.010096,0.000192,0.011004,
SMT16atf,0.012862,0.012922,0.012887,0.012890,0.012921,0.000193,0.013871,
SN2016blt,0.016610,0.016625,0.016623,0.016619,0.016669,0.000191,0.017368,
SN2017bif_A,0.018874,0.018934,0.018870,0.018893,0.018816,0.000193,0.018911,
SN2016bmi,nan,nan,nan,0.007455,0.007374,0.001000,0.007276,
SN2016hbb,0.013255,0.013297,0.013295,0.013282,0.013212,0.000192,0.012743,
SN2016css,0.020228,0.020107,0.020176,0.020170,0.020079,0.000200,0.019449,
SN2016ieq,0.065412,0.065440,0.065441,0.065431,0.065351,0.000191,0.064248,
SN2017gaw,0.038304,0.038321,0.038319,0.038315,0.038412,0.000191,0.037321,
SN2017ful,0.079163,0.079243,0.079210,0.079205,0.079287,0.000195,0.078393,
SN2017eul,0.025875,0.025873,0.025873,0.025874,0.025969,0.000190,0.024969,
SN2017giu,0.054323,0.054321,0.054321,0.054322,0.054406,0.000190,0.053537,
SN2017fqo,0.015253,0.015267,0.015235,0.015252,0.015349,0.000191,0.014387,
SN2017fbu,0.010843,0.010917,0.010868,0.010876,0.010971,0.000194,0.010081,
SN2017ggw,0.018448,0.018598,0.018557,0.018534,0.018593,0.000205,0.018105,
SN2017gmr,0.005009,0.005081,0.005048,0.005046,0.005135,0.000194,0.004391,
SN2017fqk,0.010165,0.010247,0.010174,0.010195,0.010287,0.000195,0.009578,
SN2017eni,0.081424,0.081457,0.081464,0.081448,0.081499,0.000192,0.081127,
SN2017fvf,0.017541,0.017551,0.017550,0.017547,0.017634,0.000191,0.017062,
SN2017gbv,0.042579,0.042609,0.042606,0.042598,0.042647,0.000191,0.042367,
SN2017gax,nan,nan,nan,0.004723,0.004742,0.001000,0.004800,
SN2017pn_B,0.013956,0.013989,0.013980,0.013975,0.014049,0.000191,0.013945,
SN2017fvr,0.012498,0.012522,0.012523,0.012514,0.012611,0.000191,0.012428,
SN2017auf,0.013354,0.013260,0.013368,0.013327,0.013409,0.000198,0.013385,
SN2017dhu,0.041309,0.041311,0.041312,0.041310,0.041404,0.000190,0.041412,
SN2017gci,0.086804,0.086794,0.086803,0.086800,0.086851,0.000191,0.087402,
SN2017caw,0.026172,0.026172,0.026172,0.026172,0.026176,0.000190,0.026726,
SN2017mw,0.011645,0.011724,0.011725,0.011698,0.011637,0.000195,0.012619,
SN2017ahn,0.009133,0.009158,0.009162,0.009151,0.009095,0.000191,0.010112,
SN2017blh,0.033175,0.033248,0.033330,0.033251,0.033171,0.000206,0.034362,
SN2017rt,0.012243,0.012321,0.012304,0.012289,0.012205,0.000194,0.013429,
SN2017cjd,0.022567,0.022668,0.022586,0.022607,0.022514,0.000197,0.023737,
SN2017bzm,0.045196,0.045287,0.045205,0.045230,0.045140,0.000196,0.046208,
SN2017anf,0.023371,0.023470,0.023380,0.023407,0.023336,0.000197,0.024331,
SN2017dka,0.020857,0.020857,0.020857,0.020857,0.020795,0.000190,0.021683,
SN2017ewx,0.015119,0.015119,0.015167,0.015135,0.015073,0.000192,0.015963,
SN2017ecp,0.022814,0.022898,0.022849,0.022854,0.022844,0.000195,0.023684,
SN2017lt,0.042762,0.042832,0.042825,0.042806,0.042753,0.000194,0.043636,
SN2017fav,0.045520,0.045538,0.045539,0.045532,0.045480,0.000191,0.046188,
SN2017fem,0.014162,0.014254,0.014222,0.014213,0.014158,0.000196,0.014797,
SN2017aym,0.005784,0.005801,0.005849,0.005811,0.005721,0.000193,0.006485,
SN2017eca,0.036807,0.036888,0.036845,0.036847,0.036769,0.000195,0.037074,
SN2017cin,0.032788,0.032780,0.032692,0.032753,0.032738,0.000196,0.032951,
SN2017dgd,0.030041,0.030041,0.030041,0.030041,0.030049,0.000190,0.030190,
SN2017bif_B,0.018905,0.018919,0.018920,0.018914,0.018962,0.000191,0.019057,
SN2017faf,0.028748,0.028804,0.028803,0.028785,0.028738,0.000192,0.028558,
SN2017ffq,0.012607,0.012710,0.012619,0.012645,0.012723,0.000197,0.012773,
SN2017fgk,0.033713,0.033770,0.033703,0.033729,0.033753,0.000193,0.033520,
SN2017dkb,0.019200,0.019208,0.019207,0.019205,0.019204,0.000191,0.018836,
SN2017fod,0.044243,0.044288,0.044288,0.044273,0.044284,0.000192,0.043763,
SN2017fwm,0.014052,0.014085,0.014085,0.014074,0.014137,0.000191,0.013960,
SN2017fbq,0.014692,0.014739,0.014634,0.014688,0.014738,0.000198,0.014521,
SN2017dch,0.048533,0.048595,0.048561,0.048563,0.048638,0.000193,0.047845,
SN2017gfh,0.024346,0.024459,0.024462,0.024422,0.024466,0.000199,0.023598,
SN2017dek,0.062576,0.062529,0.062586,0.062564,0.062610,0.000193,0.061762,
SN2017ggv,0.026274,0.026313,0.026281,0.026289,0.026387,0.000191,0.025202,
SN2017bzb,nan,nan,nan,0.003044,0.003128,0.001000,0.002300,
SN2017gip,0.029903,0.029933,0.029886,0.029908,0.029975,0.000192,0.028792,
SN2017ffm,0.024291,0.024390,0.024372,0.024351,0.024411,0.000197,0.023170,
SN2017eiy,0.045541,0.045551,0.045550,0.045547,0.045631,0.000191,0.044619,
SN2017gat,0.022939,0.022968,0.022959,0.022955,0.023037,0.000191,0.022081,
SN2017ghw,0.076122,0.076127,0.076126,0.076125,0.076205,0.000190,0.074905,
SN2017giq,0.029803,0.029739,0.029786,0.029776,0.029856,0.000193,0.028693,
SN2008gg,0.031975,0.031924,0.031927,0.031942,0.032023,0.000192,0.031066,
SN2007st,0.021089,0.021136,0.021103,0.021109,0.021163,0.000192,0.020636,
SN2008fu,0.052434,0.052439,0.052438,0.052437,0.052513,0.000190,0.051949,
SN2006dd,0.005878,0.005880,0.005880,0.005879,0.005939,0.000190,0.005579,
SN2007on,0.006500,0.006502,0.006502,0.006501,0.006491,0.000190,0.006181,
SN2006hb,0.015092,0.015094,0.015094,0.015093,0.015166,0.000190,0.015170,
SN2008bq,0.034051,0.034055,0.034190,0.034099,0.034147,0.000203,0.034621,
SN2008O,0.038867,0.038881,0.039064,0.038937,0.038972,0.000214,0.039480,
SN2009ag,0.008614,0.008631,0.008631,0.008625,0.008688,0.000191,0.009308,
SN2007as,0.017063,0.017081,0.017081,0.017075,0.017047,0.000191,0.017390,
SN2005al,0.012373,0.012373,0.012373,0.012373,0.012354,0.000190,0.013258,
ASASSN-15db,0.011000,0.011000,0.011000,0.011000,0.010921,0.000190,0.011303,
SN2007ai,0.031806,0.031766,0.031821,0.031798,0.031799,0.000192,0.032157,
SN2008fl,0.020354,0.020473,0.020459,0.020429,0.020496,0.000199,0.020003,
SN2008cc,0.010466,0.010480,0.010513,0.010487,0.010537,0.000192,0.010270,
SN2006bh,nan,nan,nan,0.010847,0.010901,0.001000,0.010550,
SN2005iq,0.034059,0.034122,0.034152,0.034111,0.034182,0.000196,0.033054,
LSQ14foj,0.046085,0.046125,0.046123,0.046111,0.046085,0.000191,0.045147,
OGLE16euo,0.058641,0.058593,0.058573,0.058602,0.058624,0.000193,0.058588,
LSQ12gxj,0.035345,0.035410,0.035342,0.035366,0.035270,0.000193,0.034541,
LSQ12gpw,0.050742,0.050755,0.050753,0.050750,0.050728,0.000191,0.050133,
LSQ13dby,nan,nan,nan,0.100000,0.099961,0.001000,0.099562,
LSQ12hno,0.047571,0.047627,0.047610,0.047603,0.047524,0.000192,0.047043,
LSQ14gov,0.089591,0.089586,0.089587,0.089588,0.089579,0.000190,0.089259,
LSQ13dqh,0.103921,0.103947,0.103947,0.103938,0.103856,0.000191,0.103572,
iPTF13dyt,0.111412,0.111414,0.111414,0.111413,0.111321,0.000190,0.111252,
LSQ14gfb,0.053294,0.053296,0.053296,0.053295,0.053243,0.000190,0.053328,
LSQ11ot,0.027374,0.027391,0.027391,0.027385,0.027316,0.000191,0.027318,
LSQ11pn,0.033010,0.033039,0.033038,0.033029,0.032960,0.000191,0.032968,
SN2004gc,0.031488,0.031486,0.031486,0.031487,0.031393,0.000190,0.031429,
LSQ12fxd,0.031578,0.031576,0.031576,0.031577,0.031512,0.000190,0.031630,
SN2010ko,0.048178,0.048176,0.048176,0.048177,0.048096,0.000190,0.048248,
CSP12J,0.014750,0.014758,0.014760,0.014756,0.014761,0.000191,0.015008,
NGC2207,0.009187,0.009378,0.009226,0.009264,0.009329,0.000213,0.009704,
SN2012hn,0.007228,0.007294,0.007261,0.007261,0.007215,0.000193,0.007708,
SN2008hu,0.050009,0.050004,0.050005,0.050006,0.049973,0.000190,0.050877,
SN2014ao,0.013914,0.014033,0.013936,0.013961,0.013894,0.000200,0.014863,
ASASSN-15fr,0.033201,0.033215,0.033232,0.033216,0.033166,0.000191,0.034298,
LSQ12btn,0.054139,0.054147,0.054170,0.054152,0.054188,0.000191,0.055346,
ASASSN-15as,0.028716,0.028775,0.028706,0.028732,0.028716,0.000193,0.029853,
LSQ14ip,0.061407,0.061450,0.061497,0.061451,0.061443,0.000196,0.062637,
LSQ12cid,0.062713,0.062756,0.062699,0.062722,0.062681,0.000193,0.063940,
LSQ14wp,0.069603,0.069628,0.069628,0.069620,0.069573,0.000191,0.070819,
SN2008bd,0.029836,0.029870,0.029876,0.029861,0.029824,0.000191,0.031059,
LSQ13ry,0.029861,0.029989,0.029883,0.029911,0.029921,0.000201,0.031154,
SN2005ki,nan,nan,nan,0.019606,0.019563,0.001000,0.020764,
LSQ12hnr,0.124533,0.124665,0.124461,0.124553,0.124582,0.000216,0.125963,object detected but no lines
LSQ14ba,0.077551,0.077593,0.077530,0.077558,0.077597,0.000193,0.078915,
SN2007bm,0.006206,0.006247,0.006207,0.006220,0.006263,0.000192,0.007505,
CSP13af,0.049873,0.049881,0.049880,0.049878,0.049930,0.000191,0.051199,
iPTF14w,nan,nan,nan,0.018910,0.018918,0.001000,0.020132,
iPTF14yy,0.043101,0.043125,0.043126,0.043117,0.043127,0.000191,0.044297,
SN2011jn,0.047542,0.047556,0.047589,0.047562,0.047662,0.000192,0.048811,
iPTF14uo,0.091485,0.091574,0.091515,0.091525,0.091555,0.000196,0.092652,
SN2011Z,0.018363,0.018461,0.018260,0.018361,0.018413,0.000215,0.019429,
LSQ12bld,0.083536,0.083614,0.083585,0.083578,0.083655,0.000194,0.084676,
LSQ13lq,0.075510,0.075679,0.075532,0.075574,0.075619,0.000208,0.076650,
LSQ13pf,0.086163,0.086232,0.086232,0.086209,0.086295,0.000194,0.087344,
LSQ12cda,0.137566,0.137586,0.137587,0.137579,0.137656,0.000191,0.138691,
ASASSN-15ba,0.023197,0.023270,0.023207,0.023225,0.023260,0.000194,0.024142,
SN2017hcc,0.016748,0.016744,0.016745,0.016746,0.016822,0.000190,0.015660,
SN2018cho,0.016510,0.016575,0.016576,0.016554,0.016647,0.000193,0.015453,
SN2017jbj,0.013683,0.013672,0.013673,0.013676,0.013771,0.000191,0.012643,
ASASSN-15ln,0.015054,0.015043,0.015044,0.015047,0.015138,0.000191,0.014021,
SN2015ay,0.014041,0.013980,0.014012,0.014011,0.014109,0.000193,0.013019,
SN2016hgm,nan,nan,nan,0.007618,0.007716,0.001000,0.006671,
SN2018cvn,0.019796,0.019791,0.019792,0.019793,0.019872,0.000190,0.019021,
ASASSN-15kj,0.018424,0.018420,0.018421,0.018422,0.018489,0.000190,0.017864,
SN2015ap,0.011331,0.011391,0.011388,0.011370,0.011468,0.000193,0.010553,
SN2016cyx,0.013647,0.013677,0.013674,0.013666,0.013761,0.000191,0.012909,
SN2017gry,0.019369,0.019376,0.019375,0.019373,0.019406,0.000190,0.019232,
SN2018aad,0.024727,0.024742,0.024740,0.024736,0.024754,0.000191,0.024728,
SN2016eso,0.015889,0.015904,0.015903,0.015899,0.015945,0.000191,0.015959,
SN2018dfh,0.013904,0.013949,nan,0.013926,0.013993,0.000192,0.014046,
SN2016aqf,0.003929,0.004002,0.003931,0.003954,0.003933,0.000194,0.004166,
SN2015W,0.013332,0.013391,0.013386,0.013370,0.013462,0.000193,0.013965,
SN2017hpi_A,0.005655,0.005661,0.005661,0.005659,0.005593,0.000190,0.006443,
SN2018bl,0.017827,0.017827,0.017835,0.017830,0.017842,0.000191,0.018188,
SN2015an,nan,nan,nan,0.008685,0.008607,0.001000,0.009529,
SN2018ant,0.019662,0.019730,0.019728,0.019707,0.019622,0.000194,0.020609,
SN2015bj,0.011251,0.011267,0.011267,0.011262,0.011259,0.000191,0.011795,
SN2016zb,0.013884,0.013957,0.013986,0.013942,0.013856,0.000197,0.015003,
ASASSN-15jp,0.009429,0.009470,0.009471,0.009457,0.009403,0.000192,0.010502,
SN2018ie,0.013991,0.013933,0.013968,0.013964,0.013878,0.000193,0.015114,
SN2014dw,0.008112,0.008150,0.008172,0.008145,0.008095,0.000193,0.009171,
LSQ15xp,0.012183,0.012223,0.012173,0.012193,0.012111,0.000192,0.013341,
SN2016blb,0.017998,0.018004,0.018004,0.018002,0.017912,0.000190,0.019164,
SN2016adl,0.006833,0.006878,0.006873,0.006862,0.006766,0.000192,0.007987,
SN2016B,0.004309,0.004324,0.004323,0.004319,0.004243,0.000191,0.005451,
SN2018yo,0.013365,0.013442,0.013360,0.013389,0.013299,0.000195,0.014456,
SN2016aai,nan,nan,nan,0.008228,0.008160,0.001000,0.009295,
SN2016X,0.004372,0.004496,0.004428,0.004432,0.004373,0.000200,0.005484,
SN2018pq,nan,nan,nan,0.006857,0.006841,0.001000,0.007672,
ASASSN-15bb,0.016012,0.016104,0.016064,0.016060,0.016051,0.000196,0.017034,
SN2016cyk,0.016031,0.016112,0.016104,0.016082,0.016066,0.000195,0.017121,
SN2017faa,0.018407,0.018442,0.018445,0.018432,0.018397,0.000191,0.019467,
ASASSN-15fz,0.017353,0.017359,0.017170,0.017294,0.017205,0.000213,0.018215,
ASASSN-15kz,0.007886,0.007940,0.007891,0.007906,0.007904,0.000192,0.008853,
SN2016C,nan,nan,nan,0.004571,0.004598,0.001000,0.005588,
ASASSN-15ng,0.009986,0.010027,0.009978,0.009997,0.010030,0.000192,0.010779,
SN2016P,0.014487,0.014550,0.014548,0.014528,0.014436,0.000193,0.015350,
SN2018ddr,0.014609,0.014661,0.014668,0.014646,0.014647,0.000193,0.015552,
SN2018dfg,0.009447,0.009488,0.009487,0.009474,0.009576,0.000192,0.010484,
SN2016ccm,nan,nan,nan,0.018500,0.018453,0.001000,0.019256,
SN2016I,0.014994,0.015015,0.015013,0.015007,0.014985,0.000191,0.015630,
SN2016L,0.009258,0.009245,0.009246,0.009250,0.009228,0.000191,0.009918,
ASASSN-15hs,0.009087,0.009117,0.009086,0.009097,0.009134,0.000191,0.009389,
SN2017ivu,0.006791,0.006801,0.006793,0.006795,0.006777,0.000191,0.007213,
SN2016blz,0.011732,0.011766,0.011740,0.011746,0.011735,0.000191,0.012216,
ASASSN-15bd,0.007935,0.008023,0.007963,0.007974,0.007968,0.000195,0.008318,
SN2018cow,0.014067,0.014059,0.014058,0.014062,0.014057,0.000191,0.014278,
ASASSN-15fi,0.017212,0.017251,0.017250,0.017237,0.017265,0.000191,0.017416,
SN2016dsb,0.016063,0.016117,0.016044,0.016074,0.016149,0.000194,0.015445,
SN2018evy,0.017565,0.017605,0.017603,0.017591,0.017653,0.000192,0.017247,
PSNJ1828582,0.013775,0.013821,0.013818,0.013805,0.013829,0.000192,0.013392,
ASASSN-15oz,0.006966,0.006937,0.006937,0.006947,0.007022,0.000191,0.006563,
SN2018eog,0.018826,0.018894,0.018854,0.018858,0.018947,0.000193,0.018012,
SN2017ivv_A,0.005553,0.005577,0.005574,0.005568,0.005662,0.000191,0.004742,
ASASSN-15ta,0.014615,0.014611,0.014611,0.014612,0.014685,0.000190,0.014375,
ASASSN-15lx,0.012616,0.012655,0.012614,0.012628,0.012676,0.000192,0.012541,
SN2018cuf,nan,nan,nan,0.010513,0.010583,0.001000,0.010252,
SN2017hxv,0.018644,0.018689,0.018686,0.018673,0.018767,0.000192,0.017838,
ASASSN-14dq,0.010361,0.010403,0.010353,0.010372,0.010454,0.000192,0.009319,
SN2016cvk,0.010715,0.010732,0.010730,0.010726,0.010814,0.000191,0.009995,
ASASSN-15tu,0.012086,0.012145,0.012150,0.012127,0.012219,0.000193,0.011266,
SN2016hvu,0.018517,0.018553,0.018549,0.018540,0.018623,0.000191,0.017411,
PS15cer,0.014981,0.014999,0.014997,0.014992,0.015089,0.000191,0.013999,
PS15cem,0.010106,0.010181,0.010161,0.010149,0.010245,0.000194,0.009167,
SN2015dj,0.008961,0.008983,0.008981,0.008975,0.009072,0.000191,0.007893,
SN2017bzb_2,nan,nan,nan,0.002895,0.002973,0.001000,0.002145,
SN2015ah,0.016060,0.016082,0.016079,0.016074,0.016172,0.000191,0.014922,
SN2015bf,0.014158,0.014204,0.014203,0.014188,0.014281,0.000192,0.013042,
SN2014ce,0.011337,0.011358,0.011356,0.011350,0.011439,0.000191,0.010243,
SN2017grn,0.017327,0.017304,0.017338,0.017323,0.017421,0.000191,0.016195,
ASASSN-14az,0.006973,0.006906,0.006921,0.006934,0.007031,0.000193,0.005814,
ASASSN-14ma,0.013147,0.013154,0.013152,0.013151,0.013235,0.000190,0.012005,
AT2019ahk,0.026183,0.026232,0.026232,0.026216,0.026212,0.000192,0.026586,
SDSSJ134244,0.036606,0.036618,0.036601,0.036608,0.036572,0.000191,0.037560,
PTF09axc,0.114969,0.114967,0.114944,0.114960,0.114944,0.000191,0.115603,
AT2018dyb,0.017815,0.017811,0.017811,0.017812,0.017873,0.000190,0.018167,
ASASSN-15oi,0.048270,0.048301,0.048309,0.048294,0.048389,0.000191,0.047601,
AT2018fyk,0.059729,0.059737,0.059745,0.059737,0.059811,0.000191,0.059006,
D23H-1,0.185512,0.185517,0.185516,0.185515,0.185590,0.000190,0.184139,
ASASSN-15rp,0.028639,0.028616,0.028626,0.028627,0.028576,0.000191,0.027650,
SN2016egz,0.023080,0.023108,0.023105,0.023097,0.023047,0.000191,0.022130,
SN2018gsr,0.087661,0.087664,0.087703,0.087676,0.087652,0.000192,0.086362,
SN2002ig,0.077252,0.077340,0.077314,0.077302,0.077314,0.000196,0.076244,
PTF09gyp,nan,nan,nan,0.046000,0.046015,0.001000,0.045084,from literature nothing in cube
SN2018jfz,0.037711,0.037749,0.037680,0.037714,0.037764,0.000194,0.037168,
PTF09gpn,0.015264,0.015357,0.015346,0.015322,0.015358,0.000196,0.014956,
SN2009lq,0.044239,0.044217,0.044219,0.044225,0.044219,0.000191,0.044215,
SN2017imr,0.035639,0.035713,0.035660,0.035671,0.035687,0.000194,0.035420,
SN2003E,0.014673,0.014684,0.014650,0.014669,0.014715,0.000191,0.014615,
SN2018fqm,0.035276,0.035241,0.035346,0.035288,0.035337,0.000198,0.035370,
PTF10dk,0.074283,0.074382,0.074370,0.074345,0.074380,0.000197,0.074358,
SN1992ba,0.003944,0.003942,0.003982,0.003956,0.003958,0.000192,0.004164,
SN2017ipa,0.028220,0.028278,0.028235,0.028244,0.028323,0.000193,0.028810,
SN2006Y,0.033432,0.033487,0.033439,0.033452,0.033482,0.000192,0.034001,
SN2018iuq,0.027146,0.027204,0.027171,0.027173,0.027272,0.000193,0.027823,
SN2016iyd_B,0.034768,0.034821,0.034821,0.034804,0.034832,0.000192,0.035415,
SN2017hpi_B,0.005713,0.005726,0.005724,0.005721,0.005786,0.000191,0.006636,
SN2017jne,0.049029,0.049096,0.049034,0.049053,0.049150,0.000193,0.050267,
SN2017vp,0.048330,0.048343,0.048341,0.048338,0.048438,0.000191,0.049483,
SN2017dht,0.090379,0.090425,0.090423,0.090409,0.090462,0.000192,0.091598,
SN2018hfm,0.008038,0.008070,0.007998,0.008036,0.008136,0.000194,0.009245,
SN2003bn,0.012758,0.012853,0.012802,0.012804,0.012840,0.000196,0.014003,
PTF09iex,0.020233,0.020274,0.020266,0.020258,0.020329,0.000192,0.021545,
SN2015bm,0.024519,0.024541,0.024539,0.024533,0.024588,0.000191,0.025686,
PTF10bip,0.051178,0.051257,0.051250,0.051228,0.051301,0.000195,0.052475,
PTF10bfz,0.170192,0.170233,0.170229,0.170218,0.170291,0.000192,0.171494,
SN2003cx,0.036788,0.036788,0.036793,0.036790,0.036862,0.000190,0.037823,
SN2018anu_A,0.039141,0.039257,0.039250,0.039216,0.039291,0.000199,0.039112,
SN2017ivv_B,0.005590,0.005643,0.005638,0.005624,0.005534,0.000192,0.004614,
PTF09cvi,0.035335,0.035489,0.034495,0.035106,0.035013,0.000532,0.033819,unsure only one line
SN2016hpt,0.026514,0.026567,0.026511,0.026531,0.026454,0.000192,0.025687,
SN2014cw,0.009206,0.009211,0.009210,0.009209,0.009130,0.000190,0.007977
PTF09dfk,0.016104,0.016133,0.016129,0.016122,0.016066,0.000191,0.014810,
SN2018evk,0.030098,0.030133,0.030129,0.030120,0.030082,0.000191,0.028808,
SN2018fit,0.013379,0.013328,0.013307,0.013338,0.013295,0.000194,0.012053,
SN2007od,0.005848,0.005843,0.005844,0.005845,0.005777,0.000190,0.004579,
analogue1,0.073700,0.073725,0.073732,0.073719,0.073641,0.000191,0.072358,
analogue3,0.098394,0.098400,0.098400,0.098398,0.098378,0.000190,0.097088,
analogue4,0.106982,0.106975,0.106976,0.106978,0.106901,0.000190,0.105604,
analogue5,0.247382,0.247367,0.247368,0.247372,0.247358,0.000191,0.245948,
analogue6,0.167395,0.167387,nan,0.167391,0.167370,0.000191,0.166082,
analogue10,0.056504,0.056670,0.056642,0.056605,0.056505,0.000208,0.055485,
analogue11,0.039916,0.039947,0.039938,0.039934,0.039897,0.000191,0.038996,
analogue12,0.113175,0.113216,0.113211,0.113201,0.113107,0.000192,0.112218,
analogue13,0.348633,0.348648,0.348646,0.348642,0.348611,0.000191,0.347517,
analogue19,0.085558,0.085553,0.085554,0.085555,0.085539,0.000190,0.084838,
analogue21,0.030053,0.030073,0.030074,0.030067,0.030051,0.000191,0.029403,
analogue22,0.162018,0.162013,0.162014,0.162015,0.162002,0.000190,0.161391,
analogue23,0.093060,0.093060,0.093060,0.093060,0.093053,0.000190,0.092461,
analogue24,0.088170,0.088170,0.088170,0.088170,0.088175,0.000190,0.087727,
analogue25,0.072190,0.072190,0.072190,0.072190,0.072117,0.000190,0.073054,
analogue26,0.226930,0.226930,0.226930,0.226930,0.226853,0.000190,0.227965,
analogue28,0.075880,0.075880,0.075880,0.075880,0.075804,0.000190,0.076828,
analogue30,0.301210,0.301210,0.301210,0.301210,0.301231,0.000190,0.302570,
analogue31,0.288283,0.288283,0.288283,0.288283,0.288215,0.000190,0.289511,
analogue33,0.147310,0.147310,0.147310,0.147310,0.147370,0.000190,0.148677,
analogue36,0.097700,0.097700,0.097700,0.097700,0.097656,0.000190,0.098918,
analogue45,0.165741,0.165761,nan,0.165751,0.165756,0.000191,0.167016,
analogue48,0.230883,0.231005,0.231001,0.230963,0.230986,0.000200,0.232300,
LSQ14fms,0.076372,0.076341,0.076389,0.076367,0.076309,0.000192,0.075638,
CSP14acy,0.066424,0.066465,0.066451,0.066446,0.066399,0.000192,0.066028,
CSP14acl,0.029610,0.029615,0.029614,0.029613,0.029566,0.000190,0.028489,superfaint host
SN2007if,0.075158,0.075164,0.075167,0.075163,0.075141,0.000191,0.073993,
SN2008fr,0.039338,0.039457,0.039403,0.039399,0.039369,0.000199,0.038259,
SN2013ct,0.003871,0.003925,0.003919,0.003905,0.003866,0.000192,0.002799,
SN2014Z,0.021233,0.021274,0.021266,0.021258,0.021220,0.000192,0.020877,
SN2012U,0.019902,0.019917,0.019919,0.019913,0.019881,0.000191,0.019488,
CSP14adc,0.032319,0.032481,0.032459,0.032420,0.032434,0.000207,0.031619,
SN2014eg,0.018711,0.018610,0.018638,0.018653,0.018629,0.000197,0.018334,
LSQ12gyc,0.089688,0.089665,0.089771,0.089708,0.089697,0.000198,0.088989,
SN2008R,0.013429,0.013403,0.013406,0.013413,0.013411,0.000191,0.012797,
CSP13abm,0.028149,0.028162,0.028160,0.028157,0.028173,0.000191,0.027503,
LSQ12hjm,0.071209,0.071282,0.071274,0.071255,0.071253,0.000194,0.070660,
LSQ14ghv,0.067012,0.067050,0.067048,0.067037,0.067036,0.000191,0.066612,
CSP13aay,0.059530,0.059590,0.059545,0.059555,0.059541,0.000193,0.059324,
LSQ14gfn,0.121400,0.121414,0.121495,0.121436,0.121446,0.000196,0.120859,
SN2007jg,0.037089,0.037083,0.037084,0.037085,0.037108,0.000190,0.036559,
SN2007jh,0.040746,0.040762,0.040771,0.040759,0.040785,0.000191,0.040262,
SN2013ad,0.036430,0.036531,0.036443,0.036468,0.036501,0.000197,0.035977,
SN2013gy,0.014001,0.014001,0.014001,0.014001,0.014017,0.000190,0.013556,
SN2009ab,0.011116,0.011163,0.011123,0.011134,0.011177,0.000192,0.010872,
LSQ11bk,0.040283,0.040382,0.040370,0.040345,0.040378,0.000197,0.040121,
SN2009F,0.012704,0.012732,0.012706,0.012714,0.012760,0.000191,0.012722,
SN2005el,0.014830,0.014811,0.014814,0.014818,0.014883,0.000191,0.014867,
CSP13aam,0.074926,0.074900,0.074903,0.074910,0.074904,0.000191,0.075059,
ASASSN-15da,0.048976,0.048990,0.049014,0.048994,0.049034,0.000191,0.049160,
SN2014I,0.030864,0.030840,0.030916,0.030874,0.030918,0.000194,0.031136,
ASASSN-15go,0.019104,0.019141,0.019137,0.019127,0.019189,0.000191,0.019540,
SN2015F,nan,nan,nan,0.005000,0.005003,0.001000,0.005399,
iPTF13efe,0.074951,0.074959,0.074952,0.074954,0.075046,0.000191,0.076013,
LSQ14mc,0.056625,0.056676,0.056702,0.056668,0.056758,0.000194,0.057759,
CSP13aaf,0.077791,0.077726,0.077742,0.077753,0.077851,0.000193,0.079074,
CSP14aal,0.077276,0.077324,0.077338,0.077313,0.077397,0.000193,0.078586,
CSP13V,0.055537,0.055640,0.055639,0.055605,0.055697,0.000197,0.056946
SN2008bt,0.015419,0.015439,0.015436,0.015431,0.015528,0.000191,0.016775,
SN2009al,nan,nan,nan,0.022105,0.022199,0.001000,0.023413,
CSP13Z,0.079023,0.079082,0.079037,0.079047,0.079140,0.000193,0.080463,
KISS13l,0.130833,0.130772,0.130824,0.130810,0.130870,0.000193,0.131994,
CSP13abs,0.077255,0.077275,0.077272,0.077267,0.077369,0.000191,0.078663,
SN2008bf,nan,nan,nan,0.023500,0.023571,0.001000,0.024668,
KISS15m,0.024284,0.024344,0.024337,0.024322,0.024393,0.000193,0.025485,
KISS13j,0.076508,0.076436,0.076485,0.076476,0.076550,0.000194,0.077735,
KISS15n,nan,0.023463,0.023456,0.023460,0.023531,0.000190,0.024448, no lines or absoprtions visible
iPTF13anh,0.061430,0.061514,0.061459,0.061468,0.061553,0.000195,0.062612,
KISS13v,0.095451,0.095533,0.095532,0.095505,0.095582,0.000195,0.096474,
CSP15aae,0.016157,0.016241,0.016200,0.016199,0.016286,0.000195,0.017090,
SN2012aq,0.045984,0.045938,0.045889,0.045937,0.046004,0.000196,0.046619,
SN2005cf_B,0.006651,0.006702,0.006703,0.006685,0.006596,0.000192,0.007185,
iPTF13dwl,0.087025,0.087033,0.087032,0.087030,0.086946,0.000191,0.085768,
ASASSN-14lq,nan,nan,nan,0.026000,0.025917,0.001000,0.024798,
SN2014ds,0.013620,0.013675,0.013644,0.013646,0.013555,0.000192,0.014285,
SN2014dp,0.018932,0.018959,0.018968,0.018953,0.018891,0.000191,0.019794,
SN2018hyw,0.016732,0.016725,0.016728,0.016728,0.016633,0.000190,0.017433,
SN2014cq,0.010657,0.010650,0.010652,0.010653,0.010658,0.000190,0.011284,
ASASSN-18ke,0.021600,0.021645,0.021646,0.021630,0.021538,0.000192,0.022742,
SN2019bao,0.011851,0.011867,0.011868,0.011862,0.011779,0.000191,0.012977,
ASASSN-18ga,0.047945,0.047937,0.047938,0.047940,0.047844,0.000191,0.049070,
ATLAS17cpj,0.041588,0.041486,0.041501,0.041525,0.041435,0.000197,0.042478,
PSNJ11220840-3804001,0.009760,0.009710,0.009718,0.009729,0.009698,0.000192,0.010768,
ASASSN-18ex,0.050742,0.050789,0.050790,0.050774,0.050700,0.000192,0.051927,
SN2020admc,0.009551,0.009575,0.009576,0.009567,0.009535,0.000191,0.010569,
MASTEROTJ12045150,0.001888,0.001883,0.001884,0.001885,0.001854,0.000190,0.002854,
ASASSN-18dr,0.018457,0.018452,0.018453,0.018454,0.018364,0.000190,0.019536,
SN2020fqv,0.007432,0.007508,0.007452,0.007464,0.007376,0.000194,0.008479,
SN2017dcc,0.024236,0.024226,0.024234,0.024232,0.024134,0.000191,0.025289,
ASASSN-18ph,0.047916,0.047964,0.047934,0.047938,0.047843,0.000192,0.049012,
AT2018adg,0.022443,0.022500,0.022497,0.022480,0.022381,0.000193,0.023436,
SN2018cbz,0.022374,0.022391,0.022389,0.022385,0.022293,0.000191,0.023301,
SN2019vsi,0.027896,0.027900,0.027871,0.027889,0.027856,0.000191,0.028705,
ASASSN-18hq,0.033804,0.033787,0.033789,0.033793,0.033806,0.000191,0.034664,
MASTEROTJ14102342,0.005945,0.005925,0.005928,0.005933,0.005937,0.000191,0.006682,
ASASSN-18ky,0.024023,0.024037,0.024098,0.024052,0.023962,0.000194,0.024799,
SN2018dbg,0.014751,0.014800,0.014800,0.014784,0.014706,0.000192,0.015407,
ASASSN-15uy,0.015959,0.015939,0.015942,0.015947,0.015967,0.000191,0.016618,
SN2016jag,0.006803,0.006735,0.006742,0.006760,0.006753,0.000194,0.007328,
SN2019pqo,0.013584,0.013403,0.013424,0.013470,0.013397,0.000211,0.013816,
SN2019yz,0.006394,0.006450,0.006408,0.006417,0.006416,0.000193,0.006887,
ASASSN-19sj,0.016071,0.016152,0.016085,0.016103,0.016157,0.000195,0.016367,
SN2016ajo,0.013407,0.013370,0.013455,0.013411,0.013472,0.000195,0.012966,
ATLAS17iif,0.018641,0.018708,0.018675,0.018675,0.018772,0.000193,0.017896,
PSNJ20580766-5147074,0.015776,0.015812,0.015794,0.015794,0.015875,0.000191,0.015352,
SN2014bt,0.015763,0.015783,0.015832,0.015793,0.015884,0.000194,0.015082,
ASASSN-16fp,0.003621,0.003613,0.003614,0.003616,0.003702,0.000191,0.002544,
SN2016iyc,0.012667,0.012742,0.012691,0.012700,0.012780,0.000194,0.011610,
SN2018eoe,0.020144,0.020226,0.020162,0.020177,0.020257,0.000195,0.019044,
SN2014br,0.027868,0.027974,0.027921,0.027921,0.027986,0.000198,0.027521,
SN2015K,0.010182,0.010225,0.010192,0.010199,0.010287,0.000192,0.009096,
SN2018cew,0.022518,0.022550,0.022524,0.022531,0.022618,0.000191,0.021461,
SN2019iep,0.055857,0.055955,0.055873,0.055895,0.055974,0.000197,0.054768,
OGLE-2014-SN-131,0.087368,0.087424,0.087417,0.087403,0.087397,0.000193,0.087299,
SN2018fmt,0.054183,0.054220,0.054227,0.054210,0.054289,0.000192,0.053264,
SN2018gjx,0.009982,0.010041,0.010040,0.010021,0.010106,0.000193,0.009278,
SN2000er,0.030911,0.030943,0.030991,0.030948,0.030990,0.000195,0.030680,
PS15dpn,0.174681,0.174693,0.174702,0.174692,0.174754,0.000191,0.173824,
OGLE-2012-SN-006,0.056717,0.056642,0.056753,0.056704,0.056702,0.000198,0.056710,
SN2022eux,0.025292,0.025241,0.025264,0.025266,0.025343,0.000192,0.025614,
SN2022gzg,0.088769,0.088833,0.088792,0.088798,0.088709,0.000193,0.089937,
SN2017jfv,0.038025,0.038033,0.038032,0.038030,0.037956,0.000191,0.038913,
SN2019deh,0.054675,0.054700,0.054700,0.054692,0.054601,0.000191,0.055503,
SN2002ao,nan,nan,nan,0.005134,0.005040,0.001000,0.005844,
SN2022pff,0.090914,0.091058,0.090911,0.090961,0.090896,0.000204,0.091370,
iPTF13beo,0.090097,0.090162,0.090130,0.090130,0.090052,0.000193,0.090345,
SN2016edk,0.074210,0.074193,0.074142,0.074181,0.074145,0.000193,0.073889,
SN2021zfx,0.069854,0.069854,0.069886,0.069865,0.069886,0.000191,0.068745,
SN2019rii,0.123480,0.123524,0.123529,0.123511,0.123547,0.000192,0.122352,
LSQ13ccw,0.059478,0.059569,0.059541,0.059529,0.059608,0.000196,0.058533,
SN2019kbj,0.048362,0.048423,0.048379,0.048388,0.048433,0.000193,0.047210,
SN2020taz,0.048999,0.049013,0.049026,0.049012,0.049060,0.000191,0.047791,
SN2011hw,0.021624,0.021656,0.021639,0.021640,0.021691,0.000191,0.020588,
PTF11rfh,0.058925,0.058996,0.058993,0.058971,0.059028,0.000194,0.057745,
SN2020nxt,0.022155,0.022180,0.022189,0.022175,0.022229,0.000191,0.021124,
DES16C3cje,0.061868,0.062007,0.061945,0.061940,0.061887,0.000203,0.061454,
OGLE-2003-NOOS-005,0.030614,0.030658,0.030656,0.030643,0.030639,0.000192,0.030870,
SN2009mw,0.014208,0.014202,0.014262,0.014224,0.014277,0.000193,0.015396,
SN2012gg,0.029705,0.029710,0.029709,0.029708,0.029630,0.000190,0.029447,
SN2018imj,0.012981,0.012943,0.012966,0.012963,0.012920,0.000191,0.013394,
SN2022ymc,0.027730,0.027710,0.027686,0.027708,0.027612,0.000192,0.026993,
SN2021wun,0.022737,0.022764,0.022765,0.022755,0.022806,0.000191,0.023154,
SN2018anu_B,0.039172,0.039174,0.039169,0.039172,0.039245,0.000190,0.039067,
SN2021adyl,0.027711,0.027710,0.027718,0.027713,0.027640,0.000191,0.028546,
SN2006au,0.009506,0.009530,0.009532,0.009523,0.009604,0.000191,0.009334,
SN2020scb,0.017392,0.017404,0.017405,0.017400,0.017433,0.000191,0.016250,
SN2022jli,0.005508,0.005542,0.005552,0.005534,0.005543,0.000192,0.004423,
SN2019yc,0.014500,0.014541,0.014556,0.014533,0.014551,0.000193,0.013393,
SN2020aqb,0.017995,0.018015,0.018012,0.018007,0.018038,0.000191,0.016893,
SN2019jyw,0.013100,0.013148,0.013120,0.013123,0.013164,0.000192,0.012078,
SN2020abjq,0.018427,0.018425,0.018425,0.018426,0.018454,0.000190,0.017348,
SN2019nyn,0.023910,0.023972,0.023947,0.023943,0.023991,0.000193,0.023274,
SN2019ofc,0.019525,0.019631,0.019542,0.019566,0.019621,0.000198,0.018919,
SN2020qbu,0.019656,0.019685,0.019646,0.019662,0.019710,0.000191,0.018751,
SN2020nja,0.018891,0.018899,0.018898,0.018896,0.018931,0.000191,0.017925,
SN2018cmj,0.020766,0.020759,0.020760,0.020762,0.020810,0.000190,0.020174,
SN2020njz,0.015749,0.015857,0.015788,0.015798,0.015856,0.000198,0.014978,
SN2019rn,0.013012,0.013017,0.013016,0.013015,0.013086,0.000190,0.012218,
SN2020obd,0.014982,0.014969,0.014919,0.014956,0.015017,0.000193,0.014244,
SN2019xtw,0.016191,0.016288,0.016230,0.016236,0.016297,0.000196,0.015804,
SN2018hhr,0.016788,0.016858,0.016824,0.016823,0.016901,0.000194,0.016199,
SN2018hjx,0.019687,0.019660,0.019718,0.019688,0.019770,0.000193,0.019214,
SN2018fcx,0.025147,0.025174,0.025185,0.025169,0.025243,0.000191,0.024938,
SN2020cnu,0.018257,0.018303,0.018315,0.018292,0.018353,0.000193,0.018192,
SN2020ocz,0.003268,0.003275,0.003272,0.003272,0.003327,0.000190,0.003400,
SN2020aboq,0.022249,0.022389,0.022255,0.022298,0.022349,0.000203,0.022816,
SN2017hyh,0.011975,0.011992,0.011960,0.011976,0.012066,0.000191,0.012660,
SN2018fy,0.012264,0.012324,0.012282,0.012290,0.012205,0.000193,0.013365,
SN2019bkc,nan,nan,nan,0.020000,0.019913,0.001000,0.021113,
SN2019uhm,0.010432,0.010477,0.010538,0.010482,0.010443,0.000198,0.011563,
SN2020pub,0.011974,0.011969,0.011970,0.011971,0.011886,0.000190,0.013079,
SN2019tsf,0.026912,0.026889,0.026952,0.026917,0.026823,0.000193,0.028092,
SN2019thi,0.013023,0.013129,0.013122,0.013091,0.013060,0.000198,0.014234,
SN2020acpi,0.017037,0.017017,0.017040,0.017031,0.017003,0.000191,0.017934,
SN2019aax,0.013412,0.013556,0.013499,0.013489,0.013476,0.000204,0.014613,
SN2020bfb,0.011702,0.011689,0.011718,0.011703,0.011683,0.000191,0.012641,
SN2018jq,0.024908,0.024917,0.024871,0.024899,0.024823,0.000192,0.025940,
SN2018ke,0.010369,0.010406,0.010395,0.010390,0.010323,0.000191,0.011236,
SN2018is,nan,nan,nan,0.005810,0.005721,0.001000,0.006777,
SN2020hop,0.017878,0.017940,0.017886,0.017901,0.017812,0.000193,0.018880,
SN2017izl,0.009527,0.009527,0.009541,0.009532,0.009470,0.000191,0.010296,
SN2021bmw,0.012777,0.012785,0.012784,0.012782,0.012707,0.000191,0.013625,
SN2020mvk,0.015036,0.015038,0.015038,0.015037,0.014961,0.000190,0.015906,
SN2020ad,0.008654,0.008668,0.008771,0.008698,0.008608,0.000199,0.009492,
SN2018ecf,0.015999,0.016207,0.016213,0.016140,0.016137,0.000218,0.016970,
SN2019axz,0.014865,0.014925,0.014887,0.014892,0.014932,0.000193,0.015624,
SN2018dza,0.021763,0.021775,0.021723,0.021754,0.021796,0.000192,0.022506,
SN2021aez,0.015662,0.015668,0.015678,0.015669,0.015661,0.000191,0.016158,
SN2020fsb,0.007490,0.007515,0.007523,0.007509,0.007416,0.000191,0.007922,
SN2019gvp,0.022029,0.022067,0.021990,0.022029,0.022108,0.000194,0.022307,
SN2019nxk,0.026511,0.026559,0.026498,0.026523,0.026447,0.000193,0.026369,
SN2019hqm,0.023918,0.023951,0.023917,0.023929,0.023947,0.000191,0.023765,
SN2020yzq,0.014838,0.014845,0.014844,0.014842,0.014902,0.000190,0.014496,
SN2019leu,0.015877,0.015834,0.015839,0.015850,0.015911,0.000192,0.015315,
SN2019gqm,0.020504,0.020639,0.020564,0.020569,0.020536,0.000202,0.019881,
SN2019cwt,0.018074,0.018100,0.018097,0.018090,0.018131,0.000191,0.017530,
SN2020zae,0.023074,0.023100,0.023097,0.023090,0.023135,0.000191,0.022455,
SN2020fzj,0.018912,0.018897,0.018898,0.018902,0.018871,0.000191,0.017995,
SN2018fer,0.026736,0.026709,0.026687,0.026710,0.026734,0.000192,0.025883,
SN2018dht,0.023140,0.023112,0.023138,0.023130,0.023086,0.000191,0.022045,
SN2018fus,0.026167,0.026161,0.026152,0.026160,0.026110,0.000191,0.025066,
SN2019dna,0.016402,0.016408,0.016408,0.016406,0.016361,0.000190,0.015310,
SN2017hqj,0.016360,0.016383,0.016393,0.016379,0.016362,0.000191,0.015291,
SN2018ass,0.018700,0.018765,0.018758,0.018741,0.018805,0.000193,0.017942,
SN2019sox,0.010949,0.010959,0.010958,0.010955,0.010961,0.000191,0.009832,
SN2017hhx,0.020903,0.020962,0.020967,0.020944,0.020992,0.000193,0.020001,
SN2018emt,0.023834,0.023876,0.023887,0.023866,0.023959,0.000192,0.022952,
SN2019dtt,0.015514,0.015484,0.015487,0.015495,0.015592,0.000191,0.014362,
SN2020voh,0.015745,0.015863,0.015789,0.015799,0.015857,0.000199,0.014938,
SN2019fya,0.015640,0.015584,0.015599,0.015608,0.015618,0.000193,0.014389,
SN2020zgl,0.007729,0.007786,0.007772,0.007762,0.007749,0.000193,0.006522,
SN2020twk,0.023906,0.023930,0.023961,0.023932,0.023964,0.000192,0.022717,
SN2020ovk,0.024969,0.024975,0.024976,0.024973,0.025026,0.000190,0.023849,
SN2012ap,0.012112,0.012183,0.012172,0.012156,0.012193,0.000194,0.012138,
SN1994ai,0.005074,0.005094,0.005091,0.005086,0.005039,0.000191,0.004320,
SN2018lei,0.006436,0.006589,0.006515,0.006514,0.006470,0.000205,0.005953,
SN2012cw,nan,nan,nan,0.003946,0.004018,0.001000,0.005202,
SN2003aa,0.010134,0.010134,0.010045,0.010104,0.010181,0.000196,0.011344,
SN1997dq,nan,nan,nan,0.003309,0.003365,0.001000,0.004534,
SN2003jg,0.003547,0.003616,0.003609,0.003591,0.003586,0.000194,0.004645,
LSQ13doo,0.006450,0.006443,0.006444,0.006446,0.006487,0.000190,0.007634,
SN2011hp,0.006604,0.006594,0.006595,0.006598,0.006646,0.000191,0.007614,
SN2014ad,0.005692,0.005682,0.005683,0.005686,0.005721,0.000191,0.006941,
SN2011jl,0.009918,0.009946,0.009948,0.009937,0.009954,0.000191,0.011036,
ASASSN-15pz,0.014880,0.014862,0.014861,0.014868,0.014884,0.000191,0.014451,
PTF10qrl,0.039555,0.039563,0.039564,0.039561,0.039523,0.000191,0.038245,
iPTF16flq,0.059613,0.059535,0.059549,0.059566,0.059542,0.000194,0.058317,
iPTF15cna,0.022017,0.022002,0.022096,0.022038,0.022014,0.000196,0.020842,
PTF11mnb,0.060275,0.060292,0.060276,0.060281,0.060266,0.000191,0.059040,
iPTF16hgp,0.080769,0.080792,0.080796,0.080786,0.080783,0.000191,0.079612,
PTF13aby,0.017505,0.017505,0.017505,0.017505,0.017583,0.000190,0.018391,
SN2019nyk,0.021073,0.021148,0.021080,0.021100,0.021115,0.000194,0.019943,
SN2020aeje,0.026390,0.026470,0.026443,0.026434,0.026485,0.000195,0.025307,
SN2019zc,0.020623,0.020619,0.020692,0.020645,0.020680,0.000194,0.019566,
SN2019hgu,0.021590,0.021697,0.021548,0.021611,0.021636,0.000205,0.020553,
SN2018cdc,0.005935,0.006069,0.005998,0.006001,0.006077,0.000202,0.004983,
SN2019gql,0.021123,0.021199,0.021064,0.021129,0.021152,0.000202,0.020081,
SN2019lre,0.018025,0.018150,0.018147,0.018107,0.018145,0.000200,0.017251,
SN2018lcd,0.016978,0.017087,0.017115,0.017060,0.017102,0.000202,0.016154,
SN2018jkb,0.020361,0.020137,0.020162,0.020220,0.020294,0.000221,0.019457,
SN2020yyz,0.014459,0.014535,0.014485,0.014493,0.014559,0.000194,0.013765,
SN2019ply,0.021607,0.021605,0.021737,0.021650,0.021721,0.000202,0.021020,
SN2018jfp,0.022958,0.022952,0.022967,0.022959,0.023027,0.000191,0.022428,
SN2017jcu,0.022926,0.022934,0.022936,0.022932,0.023004,0.000191,0.022427,
SN2017ilo,0.021745,0.021858,0.021804,0.021802,0.021893,0.000199,0.021349,
SN2018hle,0.013831,0.013922,0.013920,0.013891,0.013949,0.000196,0.013507,
SN2020rvf,0.022124,0.022189,0.022093,0.022135,0.022220,0.000196,0.021776,
SN2019xvo,0.018373,0.018406,0.018405,0.018395,0.018490,0.000191,0.018079,
SN2018gle,0.017533,0.017569,0.017581,0.017561,0.017628,0.000192,0.017420,
SN2020adhh,0.021902,0.021867,0.021903,0.021891,0.021984,0.000191,0.021774,
SN2020aer,0.015590,0.015697,0.015676,0.015654,0.015735,0.000198,0.015621,
SN2019tba,0.019820,0.019861,0.019894,0.019858,0.019933,0.000194,0.019887,
SN2020eai,0.015621,0.015621,0.015621,0.015621,0.015708,0.000190,0.015625,
SN2020htt,0.023049,0.023066,0.023064,0.023060,0.022980,0.000191,0.024206,
SN2020bij,0.013295,0.013398,0.013387,0.013360,0.013277,0.000197,0.014459,
SN2021os,0.019295,0.019365,0.019354,0.019338,0.019242,0.000194,0.020443,
SN2019dke,0.010784,0.010836,0.010830,0.010817,0.010738,0.000192,0.011812,
SN2020kxg,0.023189,0.023269,0.023388,0.023282,0.023231,0.000215,0.024297,
SN2017kam,0.022525,0.022533,0.022532,0.022530,0.022457,0.000191,0.023427,
SN2018ctr,0.022555,0.022563,0.022562,0.022560,0.022525,0.000191,0.023476,
SN2018bui,0.020319,0.020431,0.020419,0.020390,0.020306,0.000199,0.021098,
SN2018rz,0.023858,0.023882,0.023866,0.023869,0.023782,0.000191,0.024616,
SN2020jjj,0.022959,0.023002,0.022997,0.022986,0.022929,0.000192,0.023726,
SN2019bzd,0.008664,0.008830,0.008805,0.008766,0.008708,0.000208,0.009447,
SN2018kfn,0.015400,0.015400,0.015400,0.015400,0.015322,0.000190,0.015640,
SN2019lsj,0.027374,0.027380,0.027317,0.027357,0.027301,0.000193,0.026603,
SN2020hox,0.020057,0.020245,0.020169,0.020157,0.020127,0.000212,0.019434,
SN2020vzv,0.018877,0.018900,0.018839,0.018872,0.018888,0.000193,0.017806,
SN2018iqx,0.020034,0.020046,0.020045,0.020042,0.020086,0.000191,0.018876,superfaint host redshift from literature
SN2020uas,0.023558,0.023569,0.023581,0.023569,0.023579,0.000191,0.022348,
SN2019odp,0.014387,0.014399,0.014398,0.014395,0.014444,0.000191,0.013198,superfaint host redshift from literature
SN2019wbd,0.014615,0.014623,0.014622,0.014620,0.014639,0.000191,0.013397,
SN2020uzq,0.011528,0.011501,0.011507,0.011512,0.011556,0.000191,0.010377,
SN2019hnl,0.022796,0.022870,0.022870,0.022845,0.022885,0.000194,0.021651,
SN2018gvt,0.020836,0.020844,0.020843,0.020841,0.020867,0.000191,0.019653,
ZTF19acgldqr,0.039133,0.039208,0.039205,0.039182,0.039192,0.000194,0.037994,
ZTF19achetvw,0.043641,0.043699,0.043698,0.043679,0.043695,0.000193,0.042470,
ZTF20acymtbr,0.061051,0.061308,0.061172,0.061177,0.061208,0.000230,0.060138,
ZTF20aciigcw,0.040441,0.040466,0.040560,0.040489,0.040519,0.000200,0.039372,
ZTF19abzprpk,0.059643,0.059669,0.059666,0.059660,0.059694,0.000191,0.058580,
ZTF18acrcetn,0.040544,0.040627,0.040604,0.040592,0.040623,0.000195,0.039485,
ZTF20abmddts,nan,nan,nan,0.058454,0.058482,0.001000,0.057391,
ZTF20acvbrbv,0.047222,0.047305,0.047301,0.047276,0.047317,0.000195,0.046295,
ZTF19aavvvrc,0.035681,0.035781,0.035778,0.035747,0.035800,0.000197,0.034894,
ZTF19acazpyz,0.038272,0.038298,0.038295,0.038289,0.038325,0.000191,0.037388,
ZTF19abjpkdz,0.056598,0.056735,0.056655,0.056663,0.056722,0.000203,0.055890,
ZTF20aaivjce,0.034345,0.034422,0.034439,0.034402,0.034468,0.000196,0.033740,
ZTF19acyftrs,0.036308,0.036325,0.036323,0.036318,0.036388,0.000191,0.035933,
ZTF20aaydgsu,0.048894,0.048938,0.048969,0.048934,0.048840,0.000194,0.049989,
ZTF19abalrbb,0.048050,0.048018,0.048235,0.048101,0.048019,0.000219,0.047654,
ZTF19abiahik,0.033362,0.033593,0.033589,0.033514,0.033449,0.000223,0.032562,
ZTF19aatvkrn,0.048311,0.048322,0.048347,0.048327,0.048293,0.000191,0.047310,
ZTF19aatvljp,0.030110,0.030153,0.030148,0.030137,0.030091,0.000192,0.029009,
ZTF19aaarhtg,0.027961,0.027910,0.027913,0.027928,0.027888,0.000192,0.026787,
ZTF19abkbkxy,0.029238,0.029303,0.029324,0.029288,0.029253,0.000195,0.028081,
ZTF19abioohk,0.060442,0.060632,0.060572,0.060549,0.060544,0.000213,0.059376,
ZTF20abtctgr,0.040970,0.041074,0.041008,0.041017,0.041017,0.000198,0.039784,
ZTF19abpqvdh,0.024850,0.025058,0.024954,0.024954,0.024956,0.000217,0.023771,
ZTF20aakhpmp,0.030807,0.031037,0.031036,0.030960,0.030952,0.000222,0.029681,
ZTF19acxgxcu,0.032909,0.032962,0.032902,0.032925,0.032925,0.000193,0.031650,
ZTF20acoredl,0.058457,0.058569,0.058556,0.058527,0.058603,0.000199,0.057394,
ZTF19aaynsws,0.055368,0.055385,0.055415,0.055389,0.055394,0.000192,0.054107,
ZTF22abhrjld,0.016897,0.016862,0.016866,0.016875,0.016839,0.000191,0.015777,
ZTF20aafqpum,nan,0.084536,0.084529,0.084533,0.084487,0.000190,0.083773,
ZTF19abzlsbl,0.034052,0.034094,0.034060,0.034069,0.034040,0.000192,0.033634
ZTF20acmuzkw,0.023561,0.023664,0.023620,0.023615,0.023646,0.000197,0.024067,
ZTF20aahaxjl,0.044976,0.044975,0.045004,0.044985,0.045050,0.000191,0.045713,
ZTF20acuoacn,0.046792,0.046826,0.046825,0.046814,0.046890,0.000191,0.047825,
ZTF20acwpbgv,0.049341,0.049110,0.049287,0.049246,0.049325,0.000223,0.050372,
ZTF20acnznol,0.032335,0.032344,0.032343,0.032341,0.032441,0.000191,0.033640,
SN2015bs,0.027285,0.027565,0.027545,0.027465,0.027377,0.000236,0.026158,
ASASSN-15ja,0.026378,0.026383,0.026382,0.026381,0.026430,0.000190,0.026039,
SN2010F,0.009310,0.009310,0.009310,0.009310,0.009243,0.000190,0.010311,
SN2009bb,0.009951,0.009960,0.009958,0.009956,0.009899,0.000191,0.010933,
SN2009md,0.004389,0.004397,0.004396,0.004394,0.004299,0.000191,0.005465,
SN1997dn,0.004419,0.004433,0.004450,0.004434,0.004343,0.000191,0.005368,
SN2001fv,0.004559,0.004549,0.004493,0.004534,0.004443,0.000193,0.005461,
SN1985G,0.002808,0.002782,0.002785,0.002792,0.002717,0.000191,0.003841,
SN2009N,0.003431,0.003423,0.003424,0.003426,0.003357,0.000191,0.004527,
SN1970A,-0.000603,-0.000581,-0.000572,-0.000585,-0.000660,0.000191,0.000422,
SN2006my,0.002603,0.002611,0.002612,0.002609,0.002538,0.000191,0.003584,
SN1997X,0.003691,0.003686,0.003687,0.003688,0.003620,0.000190,0.004753,
SN1983K,0.004662,0.004667,0.004666,0.004665,0.004605,0.000190,0.005741,huge galaxy outside FoV
NGC4699,0.004890,0.004891,0.004884,0.004888,0.004907,0.000190,0.006043,
SN2011jm,0.003242,0.003309,0.003261,0.003271,0.003207,0.000193,0.004309,
SN2011fh,0.008007,0.008049,0.008008,0.008021,0.007976,0.000192,0.009019,
SN1999br,0.003213,0.003218,0.003217,0.003216,0.003152,0.000190,0.004241,
SN2000P,0.007530,0.007525,0.007526,0.007527,0.007481,0.000190,0.008509,
SN1990Q,0.006376,0.006384,0.006383,0.006381,0.006376,0.000191,0.006964,
SN2001X,nan,nan,nan,0.004937,0.004925,0.001000,0.005480,
SN2005at,0.002822,0.002827,0.002826,0.002825,0.002880,0.000190,0.002748,
SN1998bw,0.008645,0.008637,0.008638,0.008640,0.008708,0.000191,0.008392,
SN1978G,0.002982,0.002974,0.002975,0.002977,0.003060,0.000191,0.002334,
SN2012ho,0.009870,0.009857,0.009859,0.009862,0.009956,0.000191,0.008736,
SN2005hk,0.013023,0.013010,0.013012,0.013015,0.012983,0.000191,0.011811,
SN2013gr,0.007363,0.007350,0.007352,0.007355,0.007341,0.000191,0.006968,
SN2012Z,0.007088,0.007075,0.007117,0.007093,0.007163,0.000192,0.006653,
SN1991bj,0.018119,0.018150,0.018150,0.018140,0.018211,0.000191,0.017743,
SN2008ge,0.003836,0.003833,0.003835,0.003835,0.003860,0.000190,0.003745,
SN2009J,0.015763,0.015750,0.015752,0.015755,0.015737,0.000191,0.015940,
SN2010ae,0.003650,0.003679,0.003678,0.003669,0.003683,0.000191,0.004153,
SN2008ae,0.030072,0.030085,0.030028,0.030062,0.030163,0.000193,0.031312,
SN2002cx,0.023948,0.023968,0.023968,0.023961,0.024057,0.000191,0.025116,
iPTF14ans,0.031982,0.031978,0.031978,0.031980,0.032075,0.000190,0.032739,
SN2004cs,0.014025,0.014033,0.014032,0.014030,0.014109,0.000191,0.013871,
SN2011ce,0.008643,0.008658,0.008656,0.008652,0.008567,0.000191,0.008369,
SN2008ha,0.004641,0.004648,0.004607,0.004632,0.004574,0.000192,0.003361,
IRAS05177,0.012666,0.012719,0.012695,0.012693,0.012640,0.000192,0.012757,
NGC2906,0.007150,0.007138,0.007170,0.007153,0.007056,0.000191,0.008143,
IC1158,0.006403,0.006462,0.006482,0.006449,0.006399,0.000195,0.006769,
NGC6754,0.010779,0.010776,0.010718,0.010758,0.010782,0.000193,0.010508,
NGC7469,0.016335,0.016342,0.016108,0.016262,0.016300,0.000224,0.015044,
NGC7742,0.005420,0.005540,0.005582,0.005514,0.005611,0.000207,0.004382,
Arp144,0.019427,0.019422,0.019419,0.019423,0.019441,0.000190,0.018293,
Arp256,0.027213,0.027216,0.027218,0.027216,0.027259,0.000190,0.026099,
NGC0087,0.011366,0.011361,0.011395,0.011374,0.011421,0.000191,0.010751,
NGC0128,0.014091,0.014105,0.014106,0.014100,0.014013,0.000191,0.012832,
Mrk0950,0.015990,0.016046,0.016119,0.016052,0.016125,0.000201,0.015054,
cartwheel,0.030298,0.030311,0.030308,0.030306,0.030337,0.000191,0.029443,
SN2011gz,0.029501,0.029606,0.029554,0.029554,0.029565,0.000198,0.028672,
Holm15A,0.055513,0.055558,0.055552,0.055541,0.055467,0.000192,0.054311,
NGC0253,nan,nan,nan,0.000810,0.000727,0.001000,-0.000225,
NGC0247B,0.020900,0.020905,0.020904,0.020903,0.020846,0.000190,0.019826,
ESO540-G025,0.020319,0.020354,0.020282,0.020319,0.020263,0.000194,0.019244,
SN2020acli,nan,nan,nan,0.000480,0.000517,0.001000,-0.000266,
NGC0307,0.013253,0.013234,0.013271,0.013253,0.013299,0.000191,0.012187,
UGC00595,0.044982,0.044965,0.044967,0.044971,0.045065,0.000191,0.043920,
3C033,0.059589,0.059551,0.059555,0.059565,0.059661,0.000191,0.058519,
NGC0410,0.017533,0.017494,0.017477,0.017501,0.017583,0.000193,0.016591,
NGC0628,0.002133,0.002133,0.002133,0.002133,0.002191,0.000190,0.001194,
SN2022sat,nan,nan,nan,0.017000,0.017020,0.001000,0.016285,
NGC0838,0.012844,0.012844,0.012844,0.012844,0.012931,0.000190,0.012083,
IC214,0.030584,0.030612,0.030609,0.030601,0.030693,0.000191,0.029796,
NGC0863,0.026384,0.026426,0.026392,0.026401,0.026393,0.000192,0.025514,
Arp10,0.030355,0.030355,0.030396,0.030369,0.030330,0.000192,0.029450,
ESO115-G02,0.029221,0.029231,0.029230,0.029227,0.029195,0.000191,0.028891,
IC219,0.016852,0.016844,0.016845,0.016847,0.016935,0.000191,0.016102,
NGC0940,0.017063,0.017058,0.017059,0.017060,0.017152,0.000190,0.016379,
SWIFTJ3728,0.036605,0.036579,0.036611,0.036598,0.036661,0.000191,0.035862,
NGC1068,0.003283,0.003105,0.003181,0.003190,0.003231,0.000210,0.002483,
NGC1060,0.017273,0.017260,0.017262,0.017265,0.017358,0.000191,0.016638,
NGC1099,0.025332,0.025423,0.025416,0.025391,0.025470,0.000196,0.024800,
NGC1084,0.004633,0.004657,0.004659,0.004650,0.004706,0.000191,0.003998,
NGC1097,0.004191,0.004199,0.004208,0.004199,0.004269,0.000191,0.003713,
NGC1087,0.005040,0.005045,0.005044,0.005043,0.005022,0.000190,0.004291,
GRB190829A,0.078988,0.079109,0.079024,0.079040,0.079116,0.000200,0.078420,
Arp108,0.051575,0.051562,0.051564,0.051567,0.051533,0.000191,0.050955,
NGC1300,0.005239,0.005380,0.005328,0.005316,0.005234,0.000203,0.004736,
UGC02690,0.020871,0.020949,0.020948,0.020923,0.020828,0.000194,0.020246,
SN1981D,0.005903,0.005913,0.005912,0.005909,0.005863,0.000191,0.005503,
NGC1320,0.009182,0.009147,0.009151,0.009160,0.009127,0.000191,0.008577,
MXDF,1.287362,1.287362,1.287362,1.287362,1.287407,0.000190,1.286522,
CANDELSCDFS16,nan,0.668939,0.668798,0.668868,0.668839,0.000203,0.668194,
HUDF09-2-03,0.147493,0.147339,0.147477,0.147436,0.147481,0.000205,0.147040,
NGC1365,0.005357,0.005469,0.005321,0.005382,0.005323,0.000204,0.004998,
NGC1380,0.006212,0.006195,0.006172,0.006193,0.006139,0.000191,0.005815,
NGC1381,0.005683,0.005743,0.005743,0.005723,0.005669,0.000193,0.005348,
NGC1385,0.005012,0.005083,0.005032,0.005042,0.005080,0.000194,0.004692,
NGC1433,0.003589,0.003705,0.003573,0.003622,0.003627,0.000202,0.003418,
ESO302-27,0.014804,0.014802,0.014802,0.014803,0.014788,0.000190,0.014611,
UGC02936,0.012816,0.012986,0.012978,0.012927,0.012920,0.000208,0.012545,
SN2018fhw,0.016711,0.016826,0.016839,0.016792,0.016796,0.000201,0.016804,
NGC1566,0.005029,0.005034,0.005001,0.005021,0.004999,0.000191,0.004964,
MRK0618,0.035514,0.035519,0.035365,0.035466,0.035423,0.000205,0.035257,
NGC1672,0.004428,0.004490,0.004553,0.004490,0.004484,0.000200,0.004542,
AT2019qiz,0.015254,0.015175,0.015197,0.015208,0.015127,0.000195,0.015019,
ESO305-21,0.051144,0.051144,0.051075,0.051121,0.051142,0.000194,0.051289,
SN1987A,nan,nan,nan,0.000012,0.000016,0.001000,0.000201,
AT2019xis,nan,nan,nan,0.000927,0.000929,0.001000,0.001115,
ESO120-016,0.012205,0.012252,0.012252,0.012236,0.012249,0.000192,0.012489,
PGC019085,0.048711,0.048898,0.048892,0.048834,0.048841,0.000212,0.049212,
GRB100316D,0.059376,0.059440,0.059358,0.059391,0.059412,0.000195,0.059901,
NGC2369,0.010595,0.010611,0.010617,0.010608,0.010622,0.000191,0.011055,
IC2200,0.010695,0.010648,0.010653,0.010665,0.010682,0.000192,0.011140,
ESO123-11,0.010808,0.010806,0.010806,0.010807,0.010824,0.000190,0.011281,
GRB031203,0.105446,0.105444,0.105444,0.105445,0.105423,0.000190,0.106235,
UGC04729,0.013021,0.013026,0.013025,0.013024,0.013009,0.000190,0.013960,
GRB120422A,0.282599,0.282630,0.282609,0.282613,0.282657,0.000191,0.283920,
NGC2865,0.008939,0.009008,0.009008,0.008985,0.009067,0.000194,0.010142,
Arp321,0.022659,0.022640,0.022678,0.022659,0.022711,0.000191,0.023874,
SN2012il,0.175012,0.175108,0.175081,0.175067,0.175114,0.000196,0.176319,
Arp303,0.019911,0.019956,0.019930,0.019932,0.019978,0.000192,0.021136,
MCG-01-24-012,0.019681,0.019700,0.019698,0.019693,0.019698,0.000191,0.020817,
NGC2993,0.007747,0.007760,0.007758,0.007755,0.007846,0.000191,0.009000,
Arp255,0.040691,0.040705,0.040705,0.040700,0.040791,0.000191,0.041962,
AT2018hyz,0.045739,0.045744,0.045832,0.045772,0.045800,0.000196,0.047029,
JO204,0.042555,0.042836,0.042825,0.042738,0.042837,0.000237,0.044080,
IC2560,0.009714,0.009740,0.009693,0.009716,0.009782,0.000192,0.010869,
NGC3227,0.003680,0.003652,0.003655,0.003663,0.003601,0.000191,0.004684,
NGC3239,0.002352,0.002403,0.002394,0.002383,0.002419,0.000192,0.003527,
NGC3256,0.009329,0.009321,0.009322,0.009324,0.009308,0.000191,0.010290,
NGC3258,0.009575,0.009567,0.009568,0.009570,0.009634,0.000191,0.010713,
NGC3279,0.004650,0.004650,0.004658,0.004653,0.004735,0.000191,0.005901,
NGC3393,0.012451,0.012494,0.012430,0.012458,0.012519,0.000193,0.013704,
Arp335,0.025682,0.025675,0.025676,0.025678,0.025741,0.000190,0.026984,
LCRSB1107092,0.036964,0.036943,0.036945,0.036951,0.036944,0.000191,0.038221,
2MIG1546,0.014743,0.014752,0.014796,0.014764,0.014855,0.000192,0.016104,
NGC3627,0.002423,0.002494,0.002501,0.002473,0.002538,0.000194,0.003704,
SN2010gx,0.229995,0.230090,0.230079,0.230054,0.230112,0.000196,0.231632,
Arp197,0.020447,0.020548,0.020490,0.020495,0.020588,0.000197,0.021705,
PS15ae,0.113618,0.113676,0.113595,0.113630,0.113716,0.000195,0.115076,
Arp83,0.011015,0.011045,0.011046,0.011035,0.011045,0.000191,0.012194,
IC719,0.006145,0.006172,0.006227,0.006181,0.006132,0.000195,0.007320,
UGC06877,0.003869,0.003870,0.003868,0.003869,0.003915,0.000190,0.005128,
Antennae,nan,nan,nan,0.005688,0.005624,0.001000,0.006815,
Antennae2,0.005725,0.005738,0.005736,0.005733,0.005672,0.000191,0.006863,
NGC4045,0.006489,0.006497,0.006496,0.006494,0.006449,0.000191,0.007650,
NGC4254,0.008014,0.008076,0.008092,0.008060,0.008018,0.000194,0.009130,
NGC4261,0.007580,0.007618,0.007614,0.007604,0.007564,0.000191,0.008728,
NGC4277,0.007325,0.007375,0.007348,0.007349,0.007357,0.000192,0.008522,
NGC4303,0.005171,0.005237,0.005236,0.005215,0.005145,0.000193,0.006308,
NGC4321,0.005179,0.005223,0.005159,0.005187,0.005130,0.000193,0.006220,
NGC4388,0.008382,0.008369,0.008371,0.008374,0.008392,0.000191,0.009506,
NGC4457,0.002806,0.002820,0.002792,0.002806,0.002790,0.000191,0.003942,
NGC4496A,0.005776,0.005803,0.005802,0.005794,0.005861,0.000191,0.007010,
NGC4501,0.007564,0.007569,0.007571,0.007568,0.007557,0.000190,0.008646,
NGC4603,0.008598,0.008581,0.008583,0.008587,0.008555,0.000191,0.009521,
NGC4636,0.003381,0.003469,0.003459,0.003436,0.003423,0.000196,0.004552,
NGC4790,0.004551,0.004574,0.004572,0.004565,0.004561,0.000191,0.005683,
ESO443-21,0.009232,0.009354,0.009291,0.009292,0.009298,0.000200,0.010335,
IC4040,0.025462,0.025505,0.025493,0.025487,0.025480,0.000192,0.026397,
NGC4981,0.005500,0.005471,0.005636,0.005536,0.005458,0.000208,0.006547,
NGC5127,0.016172,0.016217,0.016216,0.016202,0.016224,0.000192,0.017037,
SN2016adj,nan,nan,nan,0.001830,0.001917,0.001000,0.002772,
NGC5135,0.013607,0.013602,0.013604,0.013604,0.013612,0.000190,0.014590,
IC4296,0.012483,0.012498,0.012497,0.012493,0.012582,0.000191,0.013500,
NGC5236,0.001722,0.001710,0.001710,0.001714,0.001706,0.000191,0.002642,
NGC5253,0.001351,0.001350,0.001360,0.001354,0.001434,0.000191,0.002350,
NGC5331,0.032521,0.032500,0.032516,0.032513,0.032493,0.000191,0.033458,
NGC5419,0.013904,0.013954,0.013948,0.013935,0.013843,0.000192,0.014685,
IC986,0.024657,0.024528,0.024542,0.024576,0.024493,0.000201,0.025382,
ESO097-013,0.001408,0.001421,0.001420,0.001416,0.001479,0.000191,0.001977,
NGC5626,0.022991,0.022949,0.022978,0.022973,0.022881,0.000192,0.023667,
NGC5643,0.003950,0.003933,0.003935,0.003939,0.003881,0.000191,0.004553,
SN2011kf,0.244957,0.245182,0.245081,0.245073,0.245123,0.000221,0.245988,
NGC5728,0.010115,0.010301,0.010184,0.010200,0.010251,0.000212,0.011016,
SN2009jh,nan,0.349000,0.349000,0.349000,0.349019,0.000190,0.349762,superfaint host redshift from literature
NGC5775,0.005603,0.005608,0.005607,0.005606,0.005627,0.000190,0.006316,
NGC5806,0.004545,0.004550,0.004549,0.004548,0.004588,0.000190,0.005255,
SN2018bsz,0.026693,0.026685,0.026694,0.026691,0.026605,0.000191,0.026974,
NGC6240,0.024027,0.023874,0.023942,0.023947,0.023935,0.000205,0.024033,
SN2022qmx,0.354568,0.354594,0.354610,0.354591,0.354510,0.000192,0.354322,
IRAS18090+0130E,0.028955,0.028960,0.028959,0.028958,0.028876,0.000190,0.028547,
IRAS18293+3413,0.018139,0.018184,0.018168,0.018164,0.018068,0.000192,0.017798,
NGC6769,0.012653,0.012672,0.012679,0.012668,0.012679,0.000191,0.012490,
NGC6845A,0.021386,0.021409,0.021412,0.021402,0.021430,0.000191,0.020968,
SN2005bs,0.052139,0.052164,0.052265,0.052189,0.052258,0.000201,0.051892,
NGC6925,0.009276,0.009311,0.009311,0.009299,0.009396,0.000191,0.008664,
NGC6935,0.015354,0.015403,0.015398,0.015385,0.015467,0.000192,0.014987,
SN2022swf,0.107996,0.107970,0.107973,0.107980,0.108071,0.000191,0.107028,
NGC6975,0.020003,0.020010,0.020001,0.020005,0.020022,0.000191,0.019016,
AT2019dsg,0.050041,0.050058,0.049960,0.050020,0.050032,0.000197,0.048954,
IIZw96,0.036283,0.036357,0.036338,0.036326,0.036355,0.000194,0.035297,
NGC7130,0.016163,0.016159,0.016159,0.016161,0.016077,0.000190,0.015209,
NGC7140,0.009965,0.009972,0.009971,0.009969,0.010043,0.000190,0.009509,
ASASSN-15lh,0.231550,0.231491,0.231548,0.231530,0.231514,0.000193,0.230992,
IC5169,0.010376,0.010378,0.010378,0.010377,0.010309,0.000190,0.009432,
IC5179,0.011269,0.011286,0.011321,0.011292,0.011205,0.000192,0.010332,
ESO602-G025,0.024880,0.024909,0.024159,0.024649,0.024564,0.000420,0.023444,
PTF09dav,0.037100,0.037200,0.037172,0.037157,0.037245,0.000197,0.036011,
NGC7448,0.007217,0.007294,0.007363,0.007291,0.007382,0.000204,0.006153,
NGC7541,0.008834,0.008914,0.008903,0.008884,0.008966,0.000195,0.007720,
NGC7552,0.005267,0.005282,0.005284,0.005278,0.005257,0.000191,0.004451,
IC1481,0.020441,0.020601,0.020458,0.020500,0.020401,0.000207,0.019140,
NGC7674,0.029116,0.029146,0.029143,0.029135,0.029139,0.000191,0.027870,
NGC7755,0.009836,0.009826,0.009827,0.009830,0.009918,0.000191,0.008940,
IC5364,0.030820,0.030791,0.030867,0.030826,0.030830,0.000194,0.029819,
IC2637,0.029320,0.029390,0.029251,0.029320,0.029417,0.000203,0.030639,
MCG-02-15-004,0.028995,0.029003,0.029002,0.029000,0.028983,0.000191,0.029135,
NGC0424,0.011789,0.011797,0.011796,0.011794,0.011839,0.000191,0.011085,
NGC3521,nan,0.001913,0.002074,0.001993,0.002051,0.000207,0.003282
SN2021low,0.021933,0.021925,0.021926,0.021928,0.021998,0.000191,0.023112,
SN2023rzh,0.049614,0.049448,0.049459,0.049507,0.049510,0.000208,0.048392,
SN2024abvr,0.040799,0.040807,0.040806,0.040804,0.040758,0.000191,0.039760,
SN2025aano,nan,0.038590,0.038583,0.038587,0.038624,0.000190,0.038944,
SN2025ei,0.028255,0.028308,0.028260,0.028274,0.028181,0.000192,0.029306,
SN2025rin,0.084386,0.084336,0.084356,0.084359,0.084265,0.000192,0.085451,
SN2025rjo,0.048025,0.048033,0.048032,0.048030,0.048015,0.000191,0.049015,
SN2025wmj,nan,0.010362,0.010447,0.010405,0.010371,0.000195,0.009988,
Arp200,0.012093,0.012142,0.012142,0.012126,0.012124,0.000192,0.011402,
NGC4419,-0.000674,-0.000606,-0.000646,-0.000642,-0.000734,0.000194,0.000350,
NGC4330,0.005165,0.005214,0.005182,0.005187,0.005095,0.000192,0.006218,
SN2025ulz,0.084726,0.084800,0.084800,0.084775,0.084714,0.000194,0.085021,
